date_utc,dayl_s,prcp_mm_day,srad_w_m2,swe_mm,tmax_c,tmin_c,vp_pa,streamflow_cfs
1980-01-01,32486.40,0.00,258.20,0.00,4.73,-8.03,320.04,321.00
1980-01-02,32552.27,0.00,259.91,0.00,4.22,-8.59,316.80,293.00
1980-01-03,32788.14,0.00,133.52,0.00,-0.48,-5.23,417.99,268.00
1980-01-04,32831.99,0.00,256.24,0.00,-1.31,-13.01,224.73,220.00
1980-01-05,32831.99,2.64,142.13,0.00,-6.51,-12.55,233.32,195.00
1980-01-06,32831.99,0.00,244.37,0.00,-2.30,-12.55,238.11,180.00
1980-01-07,32831.99,0.60,228.00,0.00,-0.89,-9.92,283.01,165.00
1980-01-08,32897.87,0.00,252.69,0.00,0.35,-10.48,278.14,150.00
1980-01-09,33177.54,0.00,213.57,0.00,-2.67,-10.65,280.00,145.00
1980-01-10,33177.61,0.00,261.30,0.00,-3.47,-14.63,200.00,140.00
1980-01-11,33177.61,0.00,284.43,0.00,0.22,-13.89,208.71,160.00
1980-01-12,33177.61,6.04,217.67,0.00,7.27,-8.59,319.21,231.00
1980-01-13,33367.98,0.00,242.79,0.00,-3.92,-13.17,220.76,192.00
1980-01-14,33523.21,7.43,196.16,0.00,-0.62,-11.12,261.62,247.00
1980-01-15,33523.21,11.33,97.78,0.00,3.29,-0.99,561.01,389.00
1980-01-16,33523.21,0.00,278.57,0.00,5.22,-6.73,367.37,259.00
1980-01-17,33713.60,0.00,286.33,0.00,6.99,-5.89,395.64,236.00
1980-01-18,33868.82,0.00,131.09,0.00,3.37,-0.83,577.82,229.00
1980-01-19,33868.82,0.00,141.94,0.00,3.56,-0.97,570.70,226.00
1980-01-20,33876.23,0.00,109.25,0.00,0.74,-2.62,505.22,212.00
1980-01-21,34214.41,0.00,184.04,0.00,-0.19,-6.09,386.17,200.00
1980-01-22,34214.41,0.00,242.35,0.00,-0.53,-8.82,312.89,185.00
1980-01-23,34214.41,0.30,134.17,0.00,-0.41,-4.50,440.00,160.00
1980-01-24,34559.92,0.00,303.16,0.00,-1.55,-13.75,209.40,140.00
1980-01-25,34559.98,0.00,183.72,0.00,-8.88,-14.39,201.40,130.00
1980-01-26,34559.98,1.34,225.20,0.00,-6.38,-13.38,217.65,133.00
1980-01-27,34905.62,0.00,246.11,0.00,-2.94,-10.80,268.54,127.00
1980-01-28,34905.62,0.00,187.99,0.00,-4.06,-9.58,292.49,118.00
1980-01-29,34905.62,0.00,271.08,0.00,-2.59,-11.42,253.79,110.00
1980-01-30,35251.20,0.00,250.82,0.00,-5.92,-13.63,207.54,100.00
1980-01-31,35251.20,0.00,247.18,0.00,-7.18,-14.47,202.29,92.00
1980-02-01,35317.09,0.00,218.76,0.00,-9.17,-15.22,194.05,82.00
1980-02-02,35596.80,0.00,275.74,0.00,-9.49,-17.66,155.70,77.00
1980-02-03,35596.80,0.00,309.05,0.00,-7.93,-17.64,155.97,72.00
1980-02-04,35942.39,0.00,315.44,0.00,-4.88,-15.01,191.48,68.00
1980-02-05,35942.39,0.00,325.89,0.00,-4.56,-15.20,192.64,65.00
1980-02-06,35949.80,0.00,349.66,0.00,-2.76,-15.28,189.16,62.00
1980-02-07,36287.99,1.00,329.74,0.00,-3.22,-13.76,210.26,59.00
1980-02-08,36287.99,0.00,323.08,0.00,-2.41,-12.45,238.83,56.00
1980-02-09,36633.62,0.00,370.36,0.00,0.38,-13.64,209.53,54.00
1980-02-10,36633.62,0.00,367.23,0.00,0.06,-13.10,222.14,52.00
1980-02-11,36823.99,0.00,326.95,0.00,-3.00,-12.57,236.15,50.00
1980-02-12,36979.21,0.54,337.06,0.00,-1.82,-11.80,247.88,47.00
1980-02-13,36979.21,0.00,357.63,0.00,-1.48,-12.55,239.33,45.00
1980-02-14,37324.80,0.00,360.39,0.00,-0.80,-12.06,243.50,44.00
1980-02-15,37324.80,0.00,344.38,0.00,0.24,-9.79,288.18,43.00
1980-02-16,37670.39,9.28,181.72,0.00,-3.86,-9.65,292.22,42.00
1980-02-17,37670.39,0.98,381.91,0.00,-3.86,-16.52,160.02,41.00
1980-02-18,38015.92,0.00,387.98,0.00,-6.70,-18.80,135.66,40.00
1980-02-19,38015.99,0.00,415.00,0.00,-0.65,-15.78,177.38,39.00
1980-02-20,38081.87,0.00,424.73,0.00,7.50,-9.84,280.17,39.00
1980-02-21,38361.61,0.00,395.70,0.00,8.59,-5.07,416.73,45.00
1980-02-22,38361.61,4.43,213.26,0.00,6.55,-1.29,557.30,63.00
1980-02-23,38707.19,1.79,159.92,0.00,3.74,-0.20,599.34,88.00
1980-02-24,38707.19,0.18,206.53,0.00,3.60,-1.52,548.44,115.00
1980-02-25,39052.80,0.00,365.61,0.00,4.70,-5.85,394.52,107.00
1980-02-26,39052.80,0.00,408.79,0.00,1.23,-11.68,250.26,79.00
1980-02-27,39398.39,0.00,294.53,0.00,-6.76,-14.22,205.89,62.00
1980-02-28,39398.39,0.65,388.46,0.00,-3.21,-14.39,202.67,57.00
1980-02-29,39744.00,0.00,428.39,0.00,-6.67,-20.22,124.79,53.00
1980-03-01,39744.00,0.00,319.70,0.00,-12.66,-20.80,121.21,48.00
1980-03-02,40089.59,0.00,375.96,0.00,-10.66,-20.92,120.84,45.00
1980-03-03,40089.59,0.00,426.14,0.00,-6.81,-19.71,127.77,42.00
1980-03-04,40435.20,0.00,456.19,0.00,1.96,-13.58,194.92,40.00
1980-03-05,40435.20,0.83,403.44,0.00,6.23,-5.65,350.62,39.00
1980-03-06,40780.78,2.33,382.97,0.00,5.33,-7.17,328.22,41.00
1980-03-07,40780.78,0.00,393.29,0.00,3.50,-7.44,328.17,45.00
1980-03-08,41126.39,8.58,295.80,0.00,9.50,-1.76,518.34,485.00
1980-03-09,41126.39,6.77,299.98,0.00,9.94,-1.55,539.75,330.00
1980-03-10,41472.02,0.00,379.27,0.00,5.13,-5.01,413.15,175.00
1980-03-11,41472.02,1.58,471.59,0.00,8.15,-8.19,282.44,120.00
1980-03-12,41817.59,2.09,338.00,0.00,-2.59,-11.99,245.55,94.00
1980-03-13,41817.59,0.00,380.14,0.00,-2.56,-12.14,241.24,82.00
1980-03-14,42163.20,15.11,238.66,0.00,-1.86,-9.25,303.88,76.00
1980-03-15,42163.20,0.01,299.95,0.00,0.14,-6.64,367.29,72.00
1980-03-16,42508.79,0.00,487.73,0.00,2.12,-11.89,240.00,80.00
1980-03-17,42508.79,0.00,500.23,0.00,6.56,-8.56,287.02,258.00
1980-03-18,42854.41,9.42,319.10,0.00,10.15,-1.05,564.82,1890.00
1980-03-19,42854.41,0.00,411.72,0.00,4.49,-5.76,396.36,772.00
1980-03-20,43200.02,0.00,511.32,0.00,10.52,-4.89,366.89,634.00
1980-03-21,43200.02,12.47,286.34,0.00,11.68,2.47,724.67,2950.00
1980-03-22,43200.02,35.18,391.73,0.00,10.06,-5.45,407.50,2460.00
1980-03-23,43545.59,0.12,324.73,0.00,0.15,-6.82,367.05,1190.00
1980-03-24,43545.59,0.00,430.46,0.00,4.84,-5.40,410.13,953.00
1980-03-25,43891.20,7.07,286.27,0.00,6.56,-2.23,521.01,1450.00
1980-03-26,43891.20,0.00,250.30,0.00,3.31,-1.94,531.71,936.00
1980-03-27,44236.80,0.00,402.76,0.00,4.31,-4.71,437.68,730.00
1980-03-28,44236.80,0.00,497.10,0.00,9.31,-3.54,467.08,652.00
1980-03-29,44582.39,9.73,320.05,0.00,9.47,-0.49,590.17,1100.00
1980-03-30,44582.39,7.12,147.66,0.00,6.12,2.19,715.38,1270.00
1980-03-31,44928.00,14.89,160.34,0.00,5.93,1.66,691.54,1910.00
1980-04-01,44928.00,11.91,190.24,0.00,3.60,-1.39,553.93,1640.00
1980-04-02,45273.61,0.00,474.75,0.00,10.18,-0.79,579.48,1300.00
1980-04-03,45273.61,0.00,484.37,0.00,9.60,-1.66,546.78,999.00
1980-04-04,45619.20,3.42,382.53,0.00,14.71,1.84,700.69,920.00
1980-04-05,45619.20,0.74,519.27,0.00,12.88,-0.18,602.97,768.00
1980-04-06,45964.79,0.00,508.22,0.00,11.69,-0.86,570.94,652.00
1980-04-07,45964.79,0.00,551.71,0.00,15.53,-0.25,594.76,547.00
1980-04-08,46310.38,0.00,434.55,0.00,16.28,6.12,938.60,475.00
1980-04-09,46310.38,22.13,279.84,0.00,15.74,7.45,1035.83,1590.00
1980-04-10,46655.99,12.33,367.33,0.00,17.04,4.31,829.74,2080.00
1980-04-11,46655.99,0.06,473.11,0.00,10.30,-0.97,572.24,1300.00
1980-04-12,47001.60,0.00,441.67,0.00,10.51,0.38,627.75,952.00
1980-04-13,47001.60,1.51,536.36,0.00,15.86,0.21,620.01,764.00
1980-04-14,47347.20,15.27,315.09,0.00,10.90,1.27,666.40,1020.00
1980-04-15,47347.20,17.24,361.93,0.00,13.31,1.27,669.78,2060.00
1980-04-16,47692.79,0.65,466.82,0.00,8.78,-2.04,529.74,1290.00
1980-04-17,47692.79,0.00,434.09,0.00,2.88,-6.55,369.33,925.00
1980-04-18,48038.40,0.00,553.29,0.00,11.16,-4.49,440.68,733.00
1980-04-19,48038.40,0.00,539.35,0.00,14.79,-0.29,600.00,617.00
1980-04-20,48318.11,0.00,546.45,0.00,19.05,2.58,726.66,492.00
1980-04-21,48383.99,0.00,564.02,0.00,20.85,2.23,711.60,417.00
1980-04-22,48384.06,0.00,540.36,0.00,17.94,1.97,711.43,357.00
1980-04-23,48729.59,0.00,568.45,0.00,16.31,-2.17,524.24,317.00
1980-04-24,48729.59,0.00,559.43,0.00,20.18,1.51,678.69,286.00
1980-04-25,49075.21,2.76,417.18,0.00,17.43,4.16,825.66,272.00
1980-04-26,49075.21,0.00,527.16,0.00,17.50,1.33,666.13,247.00
1980-04-27,49420.81,2.29,373.35,0.00,14.44,3.02,759.34,244.00
1980-04-28,49420.81,12.25,82.62,0.00,8.03,5.82,920.97,681.00
1980-04-29,49576.01,23.47,98.93,0.00,8.32,5.50,909.38,1250.00
1980-04-30,49766.39,0.17,297.74,0.00,12.39,5.29,898.46,956.00
1980-05-01,49766.39,0.00,298.56,0.00,14.76,7.46,1036.80,748.00
1980-05-02,50112.00,0.00,418.49,0.00,18.12,6.83,986.21,635.00
1980-05-03,50112.00,3.62,372.79,0.00,20.81,6.98,998.44,520.00
1980-05-04,50450.20,0.00,501.88,0.00,23.90,7.56,1044.85,427.00
1980-05-05,50457.60,0.00,487.68,0.00,22.21,7.04,1003.36,367.00
1980-05-06,50457.60,0.00,509.35,0.00,26.54,8.96,1156.49,324.00
1980-05-07,50803.21,0.37,546.24,0.00,23.31,3.06,764.81,296.00
1980-05-08,50803.21,0.00,551.44,0.00,17.32,-2.46,511.11,262.00
1980-05-09,51082.91,0.00,438.83,0.00,11.88,-0.34,599.27,236.00
1980-05-10,51148.79,0.00,467.59,0.00,13.51,-0.10,601.31,213.00
1980-05-11,51148.79,0.00,496.80,0.00,19.53,3.66,793.24,197.00
1980-05-12,51494.41,11.51,189.50,0.00,16.06,9.51,1200.92,263.00
1980-05-13,51494.41,6.70,238.29,0.00,20.69,12.15,1411.65,266.00
1980-05-14,51494.41,10.33,348.84,0.00,23.45,9.01,1160.43,358.00
1980-05-15,51839.98,0.00,437.85,0.00,14.47,2.29,720.92,274.00
1980-05-16,51839.98,0.00,462.46,0.00,14.48,1.15,652.09,228.00
1980-05-17,51840.05,0.00,484.84,0.00,17.70,2.88,753.78,206.00
1980-05-18,52185.59,1.95,414.70,0.00,20.37,8.45,1115.77,225.00
1980-05-19,52185.59,6.31,145.12,0.00,16.49,11.64,1371.12,328.00
1980-05-20,52185.59,0.24,404.28,0.00,20.37,9.30,1184.33,272.00
1980-05-21,52523.80,3.57,299.42,0.00,21.27,10.50,1279.77,253.00
1980-05-22,52531.21,0.93,457.36,0.00,21.41,8.43,1114.79,237.00
1980-05-23,52531.21,0.00,509.03,0.00,26.36,9.88,1230.19,204.00
1980-05-24,52686.43,0.00,488.86,0.00,28.62,13.02,1487.06,180.00
1980-05-25,52876.81,0.00,451.81,0.00,26.16,12.97,1478.01,163.00
1980-05-26,52876.81,0.00,547.32,0.00,22.17,3.80,800.02,143.00
1980-05-27,52876.81,0.00,492.57,0.00,17.58,3.53,791.78,128.00
1980-05-28,53032.03,0.00,481.68,0.00,18.07,4.19,824.84,116.00
1980-05-29,53222.40,0.00,456.22,0.00,19.24,6.12,940.03,107.00
1980-05-30,53222.40,0.00,469.51,0.00,23.36,8.90,1151.84,99.00
1980-05-31,53222.40,7.85,270.74,0.00,23.76,13.57,1555.98,92.00
1980-06-01,53222.47,9.16,378.40,0.00,25.50,8.35,1108.40,91.00
1980-06-02,53502.11,1.96,396.97,0.00,25.71,12.95,1491.84,85.00
1980-06-03,53567.98,15.32,223.62,0.00,23.74,15.49,1759.46,132.00
1980-06-04,53567.98,9.09,333.44,0.00,23.87,10.57,1285.22,137.00
1980-06-05,53567.98,0.00,466.36,0.00,18.58,5.11,883.27,96.00
1980-06-06,53567.98,0.00,483.49,0.00,20.39,6.07,930.31,80.00
1980-06-07,53611.84,3.56,299.43,0.00,20.86,10.23,1258.75,76.00
1980-06-08,53847.71,13.05,337.38,0.00,27.60,13.97,1597.71,117.00
1980-06-09,53913.61,0.00,542.04,0.00,20.45,2.57,734.00,109.00
1980-06-10,53913.61,6.43,318.96,0.00,12.87,1.87,699.89,94.00
1980-06-11,53913.61,0.00,469.98,0.00,12.85,-0.02,608.80,82.00
1980-06-12,53913.61,0.00,469.27,0.00,15.25,2.06,720.00,71.00
1980-06-13,53913.61,0.00,519.39,0.00,19.92,3.52,799.90,63.00
1980-06-14,53913.61,0.00,533.43,0.00,24.46,6.02,921.50,57.00
1980-06-15,53913.61,0.19,480.78,0.00,26.92,11.05,1323.98,52.00
1980-06-16,53913.61,4.30,396.86,0.00,25.05,7.54,1043.23,50.00
1980-06-17,53913.61,0.00,505.97,0.00,17.13,1.46,675.33,48.00
1980-06-18,53913.67,0.00,511.45,0.00,21.07,4.17,817.29,46.00
1980-06-19,53913.67,0.00,474.50,0.00,22.67,7.52,1041.32,44.00
1980-06-20,53913.67,7.32,332.91,0.00,23.80,9.81,1225.06,78.00
1980-06-21,53913.67,0.00,279.16,0.00,15.58,8.09,1086.97,76.00
1980-06-22,53913.67,0.00,459.02,0.00,22.85,8.52,1121.61,59.00
1980-06-23,53913.67,0.00,491.08,0.00,24.84,8.51,1120.92,48.00
1980-06-24,53913.61,0.00,466.78,0.00,27.23,11.75,1379.76,41.00
1980-06-25,53913.61,0.00,429.95,0.00,28.16,14.36,1629.04,36.00
1980-06-26,53913.61,0.00,441.72,0.00,28.79,14.35,1627.80,31.00
1980-06-27,53913.61,0.00,411.33,0.00,28.49,15.45,1755.72,27.00
1980-06-28,53913.61,0.00,492.33,0.00,28.48,11.28,1342.07,25.00
1980-06-29,53913.61,8.35,273.04,0.00,23.82,13.18,1513.07,27.00
1980-06-30,53913.61,30.66,289.66,0.00,25.28,13.64,1562.73,84.00
1980-07-01,53913.61,0.00,351.21,0.00,20.90,11.09,1327.19,64.00
1980-07-02,53906.19,0.00,416.23,0.00,24.65,12.14,1413.01,56.00
1980-07-03,53723.20,0.28,362.16,0.00,25.06,14.21,1618.73,51.00
1980-07-04,53568.05,0.00,359.48,0.00,22.40,12.20,1420.96,47.00
1980-07-05,53567.98,0.00,421.62,0.00,27.68,14.50,1652.61,43.00
1980-07-06,53567.98,21.47,298.16,0.00,25.42,13.55,1558.09,86.00
1980-07-07,53567.98,0.00,455.13,0.00,21.32,7.49,1039.07,69.00
1980-07-08,53567.98,3.72,338.32,0.00,23.97,9.95,1235.76,56.00
1980-07-09,53377.61,0.54,493.30,0.00,26.77,10.04,1243.71,48.00
1980-07-10,53222.40,0.00,456.44,0.00,26.11,11.45,1358.87,38.00
1980-07-11,53222.40,0.00,497.62,0.00,27.59,10.17,1253.91,32.00
1980-07-12,53222.40,1.93,438.74,0.00,27.66,11.51,1360.80,42.00
1980-07-13,53214.98,0.00,474.85,0.00,23.53,8.11,1088.87,34.00
1980-07-14,52876.88,0.00,491.52,0.00,25.96,9.21,1163.17,23.00
1980-07-15,52876.81,0.00,481.93,0.00,28.26,11.66,1336.18,18.00
1980-07-16,52876.81,0.04,345.60,0.00,28.79,18.15,2085.59,18.00
1980-07-17,52869.40,5.28,300.22,0.00,30.72,17.75,2033.90,28.00
1980-07-18,52531.21,0.00,414.52,0.00,27.59,14.68,1668.29,25.00
1980-07-19,52531.21,0.00,407.90,0.00,27.88,15.22,1736.65,21.00
1980-07-20,52531.21,0.00,390.95,0.00,30.18,17.83,2050.50,18.00
1980-07-21,52340.82,0.00,374.39,0.00,31.85,19.72,2298.54,16.00
1980-07-22,52185.59,16.76,306.93,0.00,31.07,17.64,2017.84,22.00
1980-07-23,52185.59,5.04,285.76,0.00,24.44,13.33,1529.81,21.00
1980-07-24,52119.70,0.00,437.44,0.00,24.67,11.29,1343.31,17.00
1980-07-25,51839.98,0.00,464.86,0.00,25.73,10.78,1300.65,14.00
1980-07-26,51839.98,0.00,466.07,0.00,27.40,12.01,1400.20,12.00
1980-07-27,51774.12,0.00,443.79,0.00,28.32,13.83,1584.84,10.00
1980-07-28,51494.41,0.00,415.45,0.00,27.69,14.72,1676.98,13.00
1980-07-29,51494.41,5.11,175.78,0.00,23.03,16.62,1887.36,20.00
1980-07-30,51304.00,22.61,322.58,0.00,26.24,12.84,1478.04,45.00
1980-07-31,51148.79,0.00,485.12,0.00,25.59,9.25,1178.20,50.00
1980-08-01,51148.79,0.00,390.24,0.00,24.81,13.11,1508.76,31.00
1980-08-02,50803.21,0.00,343.54,0.00,27.49,17.09,1934.19,25.00
1980-08-03,50803.21,7.92,257.03,0.00,27.21,16.86,1910.02,45.00
1980-08-04,50795.79,0.00,308.02,0.00,26.07,17.08,1937.97,40.00
1980-08-05,50457.60,0.00,350.06,0.00,27.78,17.18,1953.64,28.00
1980-08-06,50457.60,0.00,368.25,0.00,29.62,18.11,2083.89,22.00
1980-08-07,50112.00,0.00,388.39,0.00,28.24,16.16,1829.98,18.00
1980-08-08,50112.00,0.00,389.25,0.00,29.87,17.57,2011.98,16.00
1980-08-09,50104.59,0.01,341.36,0.00,29.27,18.93,2188.22,15.00
1980-08-10,49766.39,0.00,468.48,0.00,29.36,13.24,1515.40,13.00
1980-08-11,49766.39,2.64,324.79,0.00,24.93,14.55,1659.31,12.00
1980-08-12,49420.81,3.27,242.99,0.00,26.68,18.92,2186.52,17.00
1980-08-13,49420.81,0.00,440.39,0.00,25.76,12.27,1421.92,13.00
1980-08-14,49075.28,0.00,398.44,0.00,24.83,13.39,1539.36,14.00
1980-08-15,49075.21,9.97,262.27,0.00,25.83,15.98,1806.01,40.00
1980-08-16,49067.80,0.00,445.20,0.00,23.70,10.28,1262.21,25.00
1980-08-17,48729.59,0.00,420.23,0.00,20.65,8.72,1137.24,14.00
1980-08-18,48729.59,0.00,458.74,0.00,23.98,9.56,1204.99,11.00
1980-08-19,48383.99,1.90,228.01,0.00,20.16,13.75,1573.03,13.00
1980-08-20,48383.99,0.00,444.02,0.00,26.95,12.80,1465.07,12.00
1980-08-21,48038.40,0.00,402.46,0.00,25.15,13.28,1526.16,9.00
1980-08-22,48038.40,0.00,371.93,0.00,22.43,12.05,1404.18,10.00
1980-08-23,47692.79,0.00,329.78,0.00,21.45,12.66,1459.02,8.60
1980-08-24,47692.79,0.00,420.90,0.00,24.27,11.73,1378.32,7.40
1980-08-25,47347.27,0.00,434.57,0.00,25.54,12.07,1406.08,6.60
1980-08-26,47347.20,0.00,427.01,0.00,26.69,13.32,1529.13,6.20
1980-08-27,47156.81,0.00,436.93,0.00,28.70,14.24,1617.78,5.60
1980-08-28,47001.60,0.00,429.09,0.00,29.49,14.97,1706.88,5.40
1980-08-29,46994.19,0.00,402.60,0.00,28.99,15.92,1800.15,5.20
1980-08-30,46655.99,0.00,406.46,0.00,29.86,16.41,1860.30,6.00
1980-08-31,46655.99,4.16,294.24,0.00,28.81,16.15,1829.65,9.00
1980-09-01,46310.38,0.00,354.91,0.00,28.37,17.34,1978.35,6.30
1980-09-02,46310.38,0.00,383.05,0.00,30.25,17.50,1997.08,8.00
1980-09-03,45964.79,6.46,346.80,0.00,30.13,11.57,1366.05,11.00
1980-09-04,45964.79,0.00,434.69,0.00,25.29,10.09,1231.40,13.00
1980-09-05,45619.20,4.49,326.26,0.00,26.20,11.17,1334.59,14.00
1980-09-06,45619.20,0.00,439.81,0.00,25.79,9.59,1193.81,15.00
1980-09-07,45273.61,0.00,457.65,0.00,27.14,8.85,1096.81,16.00
1980-09-08,45273.61,0.00,416.58,0.00,23.49,8.67,1124.56,12.00
1980-09-09,44928.00,0.00,415.16,0.00,23.18,8.37,1093.95,10.00
1980-09-10,44928.00,1.93,416.70,0.00,25.18,9.63,1189.72,8.60
1980-09-11,44582.39,0.00,433.64,0.00,22.57,5.83,913.39,7.00
1980-09-12,44582.39,0.00,429.33,0.00,24.38,7.37,1015.79,6.60
1980-09-13,44236.80,0.00,381.45,0.00,25.49,11.17,1329.97,6.20
1980-09-14,44236.80,2.57,308.84,0.00,27.94,14.14,1610.30,7.80
1980-09-15,43891.20,8.72,250.60,0.00,23.83,11.85,1388.18,8.50
1980-09-16,43891.20,0.00,376.45,0.00,17.94,4.38,831.29,7.40
1980-09-17,43545.59,4.17,331.50,0.00,18.90,6.20,950.67,7.00
1980-09-18,43545.59,17.29,263.73,0.00,22.92,9.67,1213.82,15.00
1980-09-19,43200.02,0.00,388.33,0.00,19.33,4.32,833.72,14.00
1980-09-20,43200.02,0.00,402.97,0.00,23.04,6.11,941.71,9.00
1980-09-21,42854.41,0.00,301.08,0.00,23.33,12.02,1403.87,8.00
1980-09-22,42854.41,0.00,233.72,0.00,27.50,18.47,2117.45,7.20
1980-09-23,42508.79,0.00,286.95,0.00,28.96,17.40,1983.88,6.40
1980-09-24,42508.79,0.00,361.66,0.00,20.19,5.74,918.73,6.20
1980-09-25,42163.20,0.00,329.70,0.00,18.58,5.98,933.29,6.00
1980-09-26,42163.20,9.23,90.86,0.00,14.62,10.63,1290.06,10.00
1980-09-27,41817.59,0.00,371.31,0.00,14.48,-0.18,601.45,14.00
1980-09-28,41817.59,0.00,345.29,0.00,15.10,1.78,702.05,9.80
1980-09-29,41472.02,0.00,394.09,0.00,18.67,1.12,659.22,8.00
1980-09-30,41472.02,0.00,374.78,0.00,21.45,4.76,864.31,7.00
1980-10-01,41126.39,0.00,355.43,0.00,20.96,5.49,907.82,7.00
1980-10-02,41126.39,0.00,365.60,0.00,22.68,5.77,923.85,6.00
1980-10-03,40780.78,4.16,216.61,0.00,16.27,4.92,869.60,8.00
1980-10-04,40780.78,4.31,193.59,0.00,15.90,6.04,931.33,21.00
1980-10-05,40435.20,0.00,313.40,0.00,11.11,-1.20,563.76,18.00
1980-10-06,40435.20,0.00,344.69,0.00,12.93,-1.56,546.89,13.00
1980-10-07,40089.59,1.25,328.88,0.00,12.29,-1.16,564.21,11.00
1980-10-08,40089.59,0.00,302.43,0.00,14.69,2.49,720.00,10.00
1980-10-09,39744.00,0.00,359.74,0.00,20.48,3.18,775.04,9.10
1980-10-10,39744.00,0.00,365.24,0.00,14.17,-3.18,482.70,8.00
1980-10-11,39405.81,5.27,245.86,0.00,12.34,-1.89,534.62,11.00
1980-10-12,39398.39,0.00,310.15,0.00,17.36,3.84,806.12,13.00
1980-10-13,39243.18,1.38,220.62,0.00,8.63,0.33,625.09,14.00
1980-10-14,39052.80,0.00,188.64,0.00,6.64,-0.23,601.95,13.00
1980-10-15,39052.80,1.07,257.20,0.00,11.25,1.15,663.15,13.00
1980-10-16,38707.19,0.00,274.78,0.00,14.81,3.43,794.61,11.00
1980-10-17,38707.19,0.00,316.53,0.00,21.51,6.28,948.15,10.00
1980-10-18,38361.61,1.01,279.61,0.00,23.34,10.40,1271.72,9.10
1980-10-19,38361.61,2.15,265.22,0.00,17.38,5.33,899.16,10.00
1980-10-20,38015.99,0.55,285.47,0.00,14.85,2.32,722.81,13.00
1980-10-21,38015.99,2.13,140.45,0.00,7.21,1.83,698.64,13.00
1980-10-22,37670.39,0.60,321.90,0.00,13.52,-2.37,518.30,11.00
1980-10-23,37670.39,0.00,240.82,0.00,7.40,-2.54,516.68,11.00
1980-10-24,37390.68,0.00,296.44,0.00,8.54,-5.12,428.45,11.00
1980-10-25,37324.80,17.24,219.40,0.00,10.08,-3.60,470.55,67.00
1980-10-26,37324.73,54.03,137.32,0.00,7.93,0.44,629.32,191.00
1980-10-27,36979.21,0.00,114.77,0.00,4.55,0.16,618.86,68.00
1980-10-28,36979.21,1.39,162.73,0.00,7.01,0.28,623.34,46.00
1980-10-29,36633.62,0.00,148.31,0.00,4.55,-1.10,566.68,34.00
1980-10-30,36633.62,0.00,180.86,0.00,4.61,-2.33,519.75,27.00
1980-10-31,36295.40,0.00,239.28,0.00,7.31,-2.61,511.44,24.00
1980-11-01,36287.99,0.00,278.44,0.00,12.02,-0.90,570.86,24.00
1980-11-02,36287.99,0.00,192.34,0.00,7.05,-0.47,599.96,21.00
1980-11-03,35942.39,0.00,232.80,0.00,5.17,-4.50,440.00,18.00
1980-11-04,35942.39,1.00,257.97,0.00,11.59,-0.20,603.95,18.00
1980-11-05,35604.21,0.13,248.09,0.00,11.89,0.71,642.12,17.00
1980-11-06,35596.80,0.00,265.56,0.00,8.89,-3.61,467.71,15.00
1980-11-07,35596.80,0.00,245.69,0.00,8.52,-2.55,507.09,15.00
1980-11-08,35251.20,9.50,204.57,0.00,16.79,2.14,720.00,34.00
1980-11-09,35251.20,0.33,266.94,0.00,9.54,-3.63,468.55,68.00
1980-11-10,35207.35,5.64,92.33,0.00,4.98,0.25,620.16,68.00
1980-11-11,34905.62,0.15,225.12,0.00,4.15,-5.24,416.30,61.00
1980-11-12,34905.62,0.00,155.89,0.00,0.55,-5.35,412.26,50.00
1980-11-13,34625.88,0.00,183.01,0.00,2.99,-4.31,443.99,46.00
1980-11-14,34559.98,0.00,261.52,0.00,11.90,-1.93,534.65,40.00
1980-11-15,34559.98,0.00,243.29,0.00,11.34,-0.74,581.03,36.00
1980-11-16,34280.28,0.00,155.87,0.00,2.74,-3.49,472.01,32.00
1980-11-17,34214.41,0.00,255.37,0.00,1.50,-11.26,257.17,29.00
1980-11-18,34214.41,20.29,174.49,0.00,-1.39,-10.25,280.10,27.00
1980-11-19,34059.20,0.12,117.87,0.00,-1.24,-5.22,418.41,26.00
1980-11-20,33868.82,0.00,198.57,0.00,2.25,-5.06,435.18,25.00
1980-11-21,33868.82,0.00,273.72,0.00,4.11,-7.95,328.45,26.00
1980-11-22,33868.82,0.00,220.79,0.00,3.69,-4.80,436.17,27.00
1980-11-23,33530.62,0.00,268.04,0.00,6.17,-5.80,400.00,29.00
1980-11-24,33523.21,6.95,160.77,0.00,5.47,-2.76,505.14,82.00
1980-11-25,33523.21,11.95,53.51,0.00,3.70,1.37,669.86,202.00
1980-11-26,33523.14,0.00,257.02,0.00,4.10,-7.20,355.75,150.00
1980-11-27,33185.02,0.00,247.57,0.00,3.74,-7.04,359.40,106.00
1980-11-28,33177.61,7.00,98.46,0.00,0.22,-4.53,438.93,101.00
1980-11-29,33177.61,1.00,123.96,0.00,2.19,-2.30,517.58,126.00
1980-11-30,33177.61,1.01,112.91,0.00,1.05,-2.97,492.02,107.00
1980-12-01,33022.39,0.00,195.19,0.00,6.29,-1.39,556.47,97.00
1980-12-02,32831.99,0.00,186.75,0.00,8.73,1.26,663.28,106.00
1980-12-03,32831.99,3.89,212.03,0.00,12.85,-8.21,327.90,358.00
1980-12-04,32831.99,0.00,230.16,0.00,-2.01,-11.90,245.99,237.00
1980-12-05,32831.99,0.00,231.27,0.00,-2.58,-12.62,236.14,192.00
1980-12-06,32831.92,0.00,253.32,0.00,1.01,-11.31,256.25,173.00
1980-12-07,32676.78,0.00,259.66,0.00,5.50,-8.23,321.75,169.00
1980-12-08,32493.81,0.92,177.08,0.00,10.16,2.38,719.80,174.00
1980-12-09,32486.40,0.17,250.84,0.00,14.41,-0.01,610.66,191.00
1980-12-10,32486.40,6.35,80.34,0.00,2.67,-1.46,552.39,217.00
1980-12-11,32486.40,0.93,253.38,0.00,2.44,-12.03,244.12,194.00
1980-12-12,32486.40,0.00,219.41,0.00,-2.18,-12.28,239.74,167.00
1980-12-13,32486.40,0.00,232.69,0.00,3.39,-8.28,325.31,150.00
1980-12-14,32486.40,0.00,254.21,0.00,4.69,-10.19,282.81,130.00
1980-12-15,32486.40,1.68,248.76,0.00,-1.20,-14.67,200.00,110.00
1980-12-16,32486.40,3.23,131.61,0.00,-4.68,-12.04,240.62,100.00
1980-12-17,32486.33,0.66,199.63,0.00,-2.22,-10.87,276.34,90.00
1980-12-18,32486.33,0.00,233.76,0.00,-3.02,-14.32,202.85,82.00
1980-12-19,32486.33,0.00,202.69,0.00,-0.62,-9.76,290.66,74.00
1980-12-20,32486.33,0.00,257.91,0.00,-5.58,-20.34,120.00,60.00
1980-12-21,32486.33,0.00,222.57,0.00,-7.98,-18.53,157.32,56.00
1980-12-22,32486.33,0.00,234.36,0.00,-7.46,-19.19,120.00,53.00
1980-12-23,32486.40,0.00,218.62,0.00,-6.74,-17.04,158.12,51.00
1980-12-24,32486.40,0.00,200.52,0.00,0.50,-8.66,320.00,50.00
1980-12-25,32486.40,6.97,209.74,0.00,-1.54,-25.59,80.00,49.00
1980-12-26,32486.40,0.00,234.06,0.00,-13.47,-25.44,80.73,48.00
1980-12-27,32486.40,0.00,216.50,0.00,-9.51,-20.00,124.90,47.00
1980-12-28,32486.40,0.00,224.34,0.00,-3.44,-14.91,200.00,46.00
1980-12-29,32486.40,0.00,176.91,0.00,1.72,-6.60,364.18,45.00
1980-12-30,32486.40,2.29,186.03,0.00,4.88,-5.75,397.30,50.00
1980-12-31,32486.40,1.15,181.47,0.00,3.30,-6.18,380.74,82.00
1981-01-01,32486.40,0.00,167.84,0.00,-7.37,-14.96,193.69,72.00
1981-01-02,32552.27,2.04,125.23,0.00,-5.43,-10.90,267.48,64.00
1981-01-03,32788.14,1.04,241.54,0.00,-4.17,-16.77,164.81,56.00
1981-01-04,32831.99,0.06,271.27,0.00,-9.13,-25.32,80.00,52.00
1981-01-05,32831.99,0.00,252.61,0.00,-10.60,-23.92,84.30,49.00
1981-01-06,32831.99,0.00,197.87,0.00,-6.02,-15.02,192.57,46.00
1981-01-07,32831.99,5.53,145.46,0.00,-4.46,-13.19,220.34,52.00
1981-01-08,32897.87,0.00,282.99,0.00,-3.16,-20.68,120.00,48.00
1981-01-09,33177.54,0.00,256.11,0.00,-8.86,-21.90,119.36,46.00
1981-01-10,33177.61,0.00,225.85,0.00,-9.23,-19.60,120.90,44.00
1981-01-11,33177.61,0.00,262.44,0.00,-9.26,-22.58,113.35,42.00
1981-01-12,33177.61,0.00,278.49,0.00,-11.47,-26.48,80.00,41.00
1981-01-13,33367.98,0.00,280.63,0.00,-11.52,-26.54,80.00,40.00
1981-01-14,33523.21,0.91,293.35,0.00,-7.71,-24.64,80.19,39.00
1981-01-15,33523.21,0.00,241.64,0.00,-3.94,-14.92,192.75,38.00
1981-01-16,33523.21,2.00,123.53,0.00,-3.04,-7.89,333.83,37.00
1981-01-17,33713.60,0.51,252.37,0.00,-0.02,-11.68,242.79,36.00
1981-01-18,33868.82,0.00,240.06,0.00,-5.90,-16.36,164.36,35.00
1981-01-19,33868.82,0.00,243.94,0.00,-2.42,-13.06,225.25,35.00
1981-01-20,33876.23,0.00,229.43,0.00,3.15,-6.65,360.00,34.00
1981-01-21,34214.41,0.00,297.70,0.00,2.55,-12.82,237.37,33.00
1981-01-22,34214.41,0.00,280.28,0.00,0.29,-12.75,230.93,33.00
1981-01-23,34214.41,0.00,167.70,0.00,-0.56,-6.94,361.02,32.00
1981-01-24,34559.92,2.96,122.32,0.00,0.59,-4.96,428.06,32.00
1981-01-25,34559.98,0.00,221.17,0.00,-0.20,-8.90,312.35,31.00
1981-01-26,34559.98,0.00,305.29,0.00,5.84,-8.99,309.92,31.00
1981-01-27,34905.62,0.00,260.60,0.00,8.64,-2.38,514.79,31.00
1981-01-28,34905.62,0.00,222.78,0.00,2.93,-5.60,405.12,33.00
1981-01-29,34905.62,0.37,256.30,0.00,2.47,-7.68,340.31,34.00
1981-01-30,35251.20,0.00,277.74,0.00,-2.99,-14.10,200.44,33.00
1981-01-31,35251.20,0.00,294.37,0.00,-6.16,-18.28,146.16,31.00
1981-02-01,35317.09,0.00,324.64,0.00,-1.56,-16.59,162.88,35.00
1981-02-02,35596.80,29.90,205.89,0.00,3.64,-7.03,360.00,150.00
1981-02-03,35596.80,8.11,272.33,0.00,2.15,-16.67,166.29,120.00
1981-02-04,35942.39,0.00,209.27,0.00,-11.10,-18.08,150.74,96.00
1981-02-05,35942.39,0.00,303.90,0.00,-9.75,-21.06,120.57,84.00
1981-02-06,35949.80,0.00,320.59,0.00,-7.74,-20.06,124.97,74.00
1981-02-07,36287.99,0.00,314.11,0.00,-2.42,-14.06,208.18,64.00
1981-02-08,36287.99,0.00,263.52,0.00,0.43,-8.50,319.75,58.00
1981-02-09,36633.62,10.17,271.02,0.00,0.86,-13.91,201.40,54.00
1981-02-10,36633.62,0.00,336.72,0.00,-2.13,-14.54,200.00,50.00
1981-02-11,36823.99,31.89,297.47,0.00,8.98,-8.87,312.28,1500.00
1981-02-12,36979.21,15.97,324.81,0.00,9.94,-16.88,163.60,1000.00
1981-02-13,36979.21,0.00,327.96,0.00,-7.82,-18.57,144.58,700.00
1981-02-14,37324.80,0.00,392.41,0.00,-1.63,-16.50,163.05,500.00
1981-02-15,37324.80,0.00,378.48,0.00,4.74,-9.43,287.02,350.00
1981-02-16,37670.39,0.00,332.41,0.00,6.49,-4.83,440.00,299.00
1981-02-17,37670.39,0.00,335.42,0.00,9.15,-2.24,519.20,350.00
1981-02-18,38015.92,0.00,175.47,0.00,9.15,3.87,800.93,672.00
1981-02-19,38015.99,0.00,334.86,0.00,14.25,2.84,747.02,1150.00
1981-02-20,38081.87,18.19,171.84,0.00,13.37,6.41,952.95,5300.00
1981-02-21,38361.61,7.70,137.30,0.00,10.23,5.02,880.36,2800.00
1981-02-22,38361.61,3.60,115.59,0.00,9.12,4.85,867.83,1640.00
1981-02-23,38707.19,12.20,136.60,0.00,10.83,5.71,920.00,4200.00
1981-02-24,38707.19,31.17,249.43,0.00,8.99,-1.03,569.04,4580.00
1981-02-25,39052.80,0.00,337.40,0.00,7.29,-2.57,507.98,1860.00
1981-02-26,39052.80,4.79,122.27,0.00,1.08,-2.45,512.63,1140.00
1981-02-27,39398.39,0.00,253.11,0.00,2.64,-3.91,452.71,809.00
1981-02-28,39398.39,0.00,413.19,0.00,7.29,-5.54,406.99,665.00
1981-03-01,39744.00,0.00,273.44,0.00,6.02,-1.00,571.00,534.00
1981-03-02,39744.00,0.00,153.95,0.00,3.03,-0.60,586.60,437.00
1981-03-03,40089.59,0.00,420.08,0.00,2.97,-8.98,307.02,363.00
1981-03-04,40089.59,0.00,353.23,0.00,-2.71,-11.51,251.94,300.00
1981-03-05,40435.20,0.00,410.46,0.00,1.13,-9.59,294.98,286.00
1981-03-06,40435.20,2.01,315.66,0.00,-0.59,-7.92,332.24,256.00
1981-03-07,40780.78,0.00,348.17,0.00,0.61,-7.51,345.98,226.00
1981-03-08,40780.78,1.00,328.97,0.00,0.59,-6.78,367.33,208.00
1981-03-09,41126.39,0.00,220.30,0.00,2.57,-2.02,529.87,195.00
1981-03-10,41126.39,0.53,263.63,0.00,2.73,-2.77,500.10,185.00
1981-03-11,41472.02,0.05,341.89,0.00,3.43,-3.81,455.13,181.00
1981-03-12,41472.02,0.00,413.10,0.00,2.98,-6.18,384.97,169.00
1981-03-13,41817.59,0.00,474.02,0.00,5.90,-5.60,404.17,164.00
1981-03-14,41817.59,0.93,543.93,0.00,8.40,-9.63,292.63,154.00
1981-03-15,42163.20,0.00,452.18,0.00,-0.42,-10.05,284.83,137.00
1981-03-16,42163.20,0.00,538.08,0.00,11.54,-4.61,439.35,142.00
1981-03-17,42508.79,0.00,489.27,0.00,-0.15,-11.01,266.06,119.00
1981-03-18,42508.79,0.00,558.50,0.00,-0.61,-16.89,165.20,103.00
1981-03-19,42854.41,0.00,516.55,0.00,-2.58,-14.55,201.48,107.00
1981-03-20,42854.41,1.08,445.17,0.00,-3.90,-12.84,227.53,105.00
1981-03-21,43200.02,4.51,354.01,0.00,-1.86,-11.65,247.99,103.00
1981-03-22,43200.02,0.00,510.07,0.00,0.93,-10.40,277.60,101.00
1981-03-23,43200.02,0.00,511.47,0.00,4.93,-6.73,367.53,101.00
1981-03-24,43545.59,0.00,496.46,0.00,6.72,-4.50,440.00,105.00
1981-03-25,43545.59,0.00,451.82,0.00,6.60,-2.98,481.40,104.00
1981-03-26,43891.20,0.00,524.78,0.00,7.33,-5.29,416.55,97.00
1981-03-27,43891.20,2.00,547.59,0.00,11.01,-3.20,482.24,105.00
1981-03-28,44236.80,0.00,519.81,0.00,8.27,-4.31,440.00,103.00
1981-03-29,44236.80,0.00,556.33,0.00,15.98,0.02,609.37,97.00
1981-03-30,44582.39,0.00,568.01,0.00,21.91,3.53,760.56,125.00
1981-03-31,44582.39,8.48,358.17,0.00,14.73,3.16,770.47,248.00
1981-04-01,44928.00,0.00,539.56,0.00,19.91,4.17,813.09,194.00
1981-04-02,44928.00,6.00,405.55,0.00,18.96,3.16,767.23,294.00
1981-04-03,45273.61,0.00,548.50,0.00,16.95,0.84,640.00,252.00
1981-04-04,45273.61,0.00,504.41,0.00,23.61,9.10,1156.55,237.00
1981-04-05,45619.20,3.28,308.49,0.00,22.76,12.12,1409.93,261.00
1981-04-06,45619.20,1.35,566.24,0.00,16.45,-1.49,550.02,270.00
1981-04-07,45964.79,0.00,504.54,0.00,7.98,-5.25,416.09,234.00
1981-04-08,45964.79,0.00,525.39,0.00,15.63,0.41,631.92,217.00
1981-04-09,46310.38,0.74,488.69,0.00,21.69,7.39,1030.78,218.00
1981-04-10,46310.38,5.53,399.34,0.00,16.15,-0.20,600.00,238.00
1981-04-11,46655.99,0.07,476.14,0.00,17.80,4.18,820.96,217.00
1981-04-12,46655.99,4.23,356.82,0.00,21.08,6.93,994.63,222.00
1981-04-13,47001.60,9.50,251.98,0.00,11.48,3.17,772.55,327.00
1981-04-14,47001.60,5.36,207.19,0.00,7.90,1.31,670.73,408.00
1981-04-15,47347.20,7.95,364.61,0.00,10.38,-2.89,494.19,497.00
1981-04-16,47347.20,0.00,482.95,0.00,8.20,-4.87,440.00,415.00
1981-04-17,47692.79,2.07,527.98,0.00,16.37,-0.22,599.04,403.00
1981-04-18,47692.79,1.93,355.11,0.00,15.56,6.49,959.34,377.00
1981-04-19,48038.40,0.00,568.81,0.00,18.91,-1.46,551.54,321.00
1981-04-20,48038.40,0.00,472.65,0.00,13.17,-0.25,601.51,289.00
1981-04-21,48318.11,0.00,489.80,0.00,6.98,-6.82,367.16,254.00
1981-04-22,48383.99,0.00,492.98,0.00,7.95,-6.07,389.75,237.00
1981-04-23,48384.06,7.13,398.65,0.00,16.03,-1.04,568.60,259.00
1981-04-24,48729.59,5.50,183.03,0.00,11.71,5.58,919.92,320.00
1981-04-25,48729.59,3.02,271.71,0.00,9.73,0.47,632.94,288.00
1981-04-26,49075.21,0.00,237.01,0.00,5.89,0.23,621.59,248.00
1981-04-27,49075.21,0.00,460.07,0.00,14.62,1.73,693.55,227.00
1981-04-28,49420.81,0.00,456.34,0.00,18.08,5.02,880.91,227.00
1981-04-29,49420.81,19.85,262.54,0.00,16.29,7.20,1015.63,781.00
1981-04-30,49576.01,5.39,334.63,0.00,18.37,5.56,913.12,816.00
1981-05-01,49766.39,0.01,436.59,0.00,15.65,3.45,795.93,673.00
1981-05-02,49766.39,5.77,328.90,0.00,14.46,2.35,726.56,631.00
1981-05-03,50112.00,0.00,504.49,0.00,13.26,-1.94,531.91,480.00
1981-05-04,50112.00,0.00,535.15,0.00,18.49,0.35,624.68,408.00
1981-05-05,50450.20,0.00,530.86,0.00,24.11,4.83,866.53,359.00
1981-05-06,50457.60,0.00,490.24,0.00,24.48,8.21,1096.95,330.00
1981-05-07,50457.60,3.08,404.73,0.00,13.67,-1.10,565.71,297.00
1981-05-08,50803.21,0.00,507.96,0.00,14.82,-1.21,560.28,261.00
1981-05-09,50803.21,0.00,515.58,0.00,18.14,1.20,659.29,234.00
1981-05-10,51082.91,0.00,474.88,0.00,19.05,4.58,851.54,215.00
1981-05-11,51148.79,14.11,312.44,0.00,20.58,8.59,1126.93,504.00
1981-05-12,51148.79,12.62,206.82,0.00,18.68,11.53,1362.33,760.00
1981-05-13,51494.41,0.60,430.00,0.00,12.95,1.23,665.36,604.00
1981-05-14,51494.41,0.00,509.64,0.00,18.19,1.82,696.79,490.00
1981-05-15,51494.41,0.00,510.53,0.00,22.91,5.68,902.32,429.00
1981-05-16,51839.98,6.64,300.49,0.00,19.76,8.34,1106.91,445.00
1981-05-17,51839.98,0.00,388.77,0.00,13.64,3.26,780.59,363.00
1981-05-18,51840.05,0.00,470.72,0.00,14.76,0.98,652.02,308.00
1981-05-19,52185.59,0.00,451.21,0.00,14.62,1.98,708.95,274.00
1981-05-20,52185.59,0.00,487.38,0.00,16.07,1.56,684.47,247.00
1981-05-21,52185.59,0.00,528.67,0.00,20.61,2.87,746.18,220.00
1981-05-22,52523.80,0.00,515.69,0.00,23.69,6.39,913.83,196.00
1981-05-23,52531.21,0.00,537.17,0.00,25.52,6.25,865.64,174.00
1981-05-24,52531.21,0.00,531.75,0.00,25.30,6.16,861.60,157.00
1981-05-25,52686.43,0.00,486.61,0.00,26.18,9.82,1103.65,142.00
1981-05-26,52876.81,2.46,412.54,0.00,27.31,12.21,1272.55,140.00
1981-05-27,52876.81,1.87,380.18,0.00,24.80,13.24,1427.28,137.00
1981-05-28,52876.81,0.55,291.44,0.00,23.58,14.95,1700.16,128.00
1981-05-29,53032.03,2.89,174.45,0.00,21.15,14.85,1689.43,123.00
1981-05-30,53222.40,3.52,260.91,0.00,23.55,13.36,1529.96,114.00
1981-05-31,53222.40,2.19,335.91,0.00,23.83,13.29,1487.06,119.00
1981-06-01,53222.40,0.00,498.15,0.00,20.74,4.69,750.40,104.00
1981-06-02,53222.47,13.15,334.94,0.00,20.75,7.10,1009.74,154.00
1981-06-03,53502.11,4.51,112.19,0.00,15.77,12.07,1407.94,214.00
1981-06-04,53567.98,13.46,191.19,0.00,18.53,11.99,1403.58,364.00
1981-06-05,53567.98,0.00,439.53,0.00,24.65,11.75,1317.92,221.00
1981-06-06,53567.98,0.00,446.19,0.00,25.26,12.09,1336.83,173.00
1981-06-07,53567.98,0.00,505.56,0.00,26.17,9.91,1098.05,149.00
1981-06-08,53611.84,0.00,482.34,0.00,22.05,7.70,985.36,130.00
1981-06-09,53847.71,15.37,358.43,0.00,23.57,9.08,1166.48,179.00
1981-06-10,53913.61,0.00,379.46,0.00,22.66,12.34,1430.19,160.00
1981-06-11,53913.61,0.00,379.27,0.00,20.35,10.18,1254.29,133.00
1981-06-12,53913.61,0.00,413.89,0.00,22.56,10.97,1312.89,103.00
1981-06-13,53913.61,0.00,423.63,0.00,24.05,12.05,1390.06,84.00
1981-06-14,53913.61,8.55,319.03,0.00,25.48,13.30,1528.29,134.00
1981-06-15,53913.61,41.17,228.25,0.00,24.59,16.57,1880.16,518.00
1981-06-16,53913.61,0.00,408.37,0.00,29.57,17.49,2000.38,305.00
1981-06-17,53913.61,6.90,344.29,0.00,29.70,15.31,1742.63,249.00
1981-06-18,53913.61,0.00,444.13,0.00,21.92,9.49,1199.35,192.00
1981-06-19,53913.67,0.00,470.03,0.00,24.33,10.49,1279.39,158.00
1981-06-20,53913.67,20.28,314.04,0.00,26.03,14.24,1623.44,835.00
1981-06-21,53913.67,12.20,273.74,0.00,21.68,12.56,1450.41,459.00
1981-06-22,53913.67,8.99,322.74,0.00,24.41,14.10,1609.61,798.00
1981-06-23,53913.67,17.81,359.53,0.00,23.98,10.53,1282.05,713.00
1981-06-24,53913.67,0.00,448.45,0.00,21.43,9.81,1225.06,525.00
1981-06-25,53913.61,6.13,310.38,0.00,24.06,13.47,1555.54,470.00
1981-06-26,53913.61,4.94,371.14,0.00,22.27,8.51,1121.04,440.00
1981-06-27,53913.61,0.00,439.66,0.00,18.19,7.22,1017.95,349.00
1981-06-28,53913.61,0.00,509.07,0.00,22.37,7.51,1040.85,290.00
1981-06-29,53913.61,0.00,497.35,0.00,24.24,9.54,1203.60,248.00
1981-06-30,53913.61,0.00,443.13,0.00,26.07,13.58,1566.20,218.00
1981-07-01,53913.61,0.00,459.57,0.00,27.63,14.25,1620.37,194.00
1981-07-02,53913.61,3.87,261.47,0.00,23.72,14.93,1706.69,268.00
1981-07-03,53906.19,9.21,226.92,0.00,22.53,15.10,1717.15,332.00
1981-07-04,53723.20,3.59,188.27,0.00,22.57,16.47,1868.00,260.00
1981-07-05,53568.05,4.39,180.04,0.00,21.13,15.47,1759.36,220.00
1981-07-06,53567.98,7.54,301.41,0.00,23.78,13.50,1546.06,260.00
1981-07-07,53567.98,0.00,444.73,0.00,26.63,14.49,1652.80,205.00
1981-07-08,53567.98,0.00,458.32,0.00,29.14,15.94,1804.66,165.00
1981-07-09,53567.98,0.00,436.33,0.00,30.19,17.78,2041.64,150.00
1981-07-10,53377.61,0.00,445.82,0.00,30.62,17.63,2017.58,140.00
1981-07-11,53222.40,0.00,500.75,0.00,28.14,12.66,1452.99,120.00
1981-07-12,53222.40,0.00,504.36,0.00,30.46,13.92,1592.56,103.00
1981-07-13,53222.40,0.00,463.28,0.00,29.27,15.39,1748.57,96.00
1981-07-14,53214.98,2.09,416.84,0.00,28.45,15.78,1788.71,110.00
1981-07-15,52876.88,0.00,416.18,0.00,23.48,12.41,1433.90,86.00
1981-07-16,52876.81,0.00,475.41,0.00,24.86,11.04,1322.84,74.00
1981-07-17,52876.81,0.00,442.07,0.00,24.62,12.37,1429.42,64.00
1981-07-18,52869.40,0.00,453.65,0.00,26.55,13.44,1548.54,59.00
1981-07-19,52531.21,0.00,432.13,0.00,27.65,15.31,1744.68,56.00
1981-07-20,52531.21,8.26,294.82,0.00,28.61,17.64,2018.44,100.00
1981-07-21,52531.21,22.03,188.29,0.00,25.30,18.97,2194.15,183.00
1981-07-22,52340.82,10.57,280.06,0.00,24.37,14.70,1670.67,173.00
1981-07-23,52185.59,0.00,484.71,0.00,20.89,7.28,1022.61,103.00
1981-07-24,52185.59,0.00,489.55,0.00,21.76,7.68,1054.68,84.00
1981-07-25,52119.70,0.00,405.64,0.00,21.93,11.37,1349.73,80.00
1981-07-26,51839.98,0.00,211.33,0.00,19.35,14.48,1651.63,75.00
1981-07-27,51839.98,4.83,179.88,0.00,21.49,15.86,1800.61,84.00
1981-07-28,51774.12,0.00,480.94,0.00,26.16,12.03,1404.12,75.00
1981-07-29,51494.41,15.39,250.56,0.00,20.81,12.94,1485.59,185.00
1981-07-30,51494.41,2.46,379.31,0.00,19.50,8.59,1127.33,137.00
1981-07-31,51304.00,0.00,513.51,0.00,24.53,8.85,1147.74,98.00
1981-08-01,51148.79,0.00,470.26,0.00,26.28,12.62,1449.20,84.00
1981-08-02,51148.79,0.00,459.88,0.00,25.88,12.61,1449.05,75.00
1981-08-03,50803.21,0.00,458.89,0.00,26.08,12.59,1453.05,72.00
1981-08-04,50803.21,5.05,324.58,0.00,26.23,13.64,1562.58,80.00
1981-08-05,50795.79,5.14,306.36,0.00,25.62,14.06,1607.22,74.00
1981-08-06,50457.60,0.00,359.76,0.00,23.90,14.34,1628.11,68.00
1981-08-07,50457.60,0.00,396.68,0.00,23.84,13.04,1486.98,62.00
1981-08-08,50112.00,6.82,292.80,0.00,24.65,13.99,1600.98,77.00
1981-08-09,50112.00,0.00,308.06,0.00,23.47,15.62,1773.13,76.00
1981-08-10,50104.59,0.00,404.91,0.00,25.08,14.01,1602.05,63.00
1981-08-11,49766.39,0.00,445.79,0.00,26.28,13.37,1532.93,58.00
1981-08-12,49766.39,4.66,323.88,0.00,26.81,14.38,1638.14,57.00
1981-08-13,49420.81,0.00,424.01,0.00,23.74,12.12,1409.78,54.00
1981-08-14,49420.81,0.00,412.23,0.00,24.06,12.86,1478.57,52.00
1981-08-15,49075.28,0.00,349.81,0.00,25.57,16.45,1865.06,48.00
1981-08-16,49075.21,5.71,203.81,0.00,22.07,15.54,1764.94,48.00
1981-08-17,49067.80,0.00,499.76,0.00,22.69,7.19,1015.15,46.00
1981-08-18,48729.59,0.00,492.50,0.00,20.87,6.02,921.65,42.00
1981-08-19,48729.59,0.00,490.68,0.00,22.91,7.54,1043.29,40.00
1981-08-20,48383.99,0.00,474.46,0.00,24.01,9.13,1170.54,36.00
1981-08-21,48383.99,0.00,467.75,0.00,23.58,8.95,1155.99,34.00
1981-08-22,48038.40,0.00,452.82,0.00,25.34,11.18,1334.78,32.00
1981-08-23,48038.40,0.00,467.06,0.00,23.26,8.51,1120.74,31.00
1981-08-24,47692.79,0.00,454.00,0.00,24.90,10.42,1273.60,29.00
1981-08-25,47692.79,0.00,347.65,0.00,21.99,12.31,1424.88,29.00
1981-08-26,47347.27,0.00,426.48,0.00,22.06,8.96,1156.93,28.00
1981-08-27,47347.20,0.00,443.93,0.00,24.13,9.74,1219.21,26.00
1981-08-28,47156.81,0.00,361.81,0.00,24.75,13.89,1591.42,26.00
1981-08-29,47001.60,0.00,296.47,0.00,23.66,15.22,1731.86,25.00
1981-08-30,46994.19,0.00,257.81,0.00,24.12,16.91,1921.06,24.00
1981-08-31,46655.99,3.42,211.59,0.00,23.49,15.68,1781.43,26.00
1981-09-01,46655.99,0.00,170.82,0.00,19.85,15.50,1760.09,28.00
1981-09-02,46310.38,3.31,90.97,0.00,19.41,16.77,1902.93,60.00
1981-09-03,46310.38,8.39,145.60,0.00,18.83,14.12,1612.91,54.00
1981-09-04,45964.79,6.99,111.96,0.00,17.47,13.98,1598.93,80.00
1981-09-05,45964.79,4.88,131.35,0.00,16.16,12.13,1418.63,100.00
1981-09-06,45619.20,5.63,168.64,0.00,18.08,12.79,1477.32,90.00
1981-09-07,45619.20,9.39,237.93,0.00,21.56,13.53,1551.48,130.00
1981-09-08,45273.61,11.66,184.52,0.00,21.07,15.05,1712.51,180.00
1981-09-09,45273.61,11.38,297.55,0.00,17.93,7.30,1024.26,250.00
1981-09-10,44928.00,0.00,436.91,0.00,17.85,5.15,891.70,180.00
1981-09-11,44928.00,0.00,436.17,0.00,19.92,6.82,987.84,145.00
1981-09-12,44582.39,0.00,348.40,0.00,22.96,13.47,1554.99,110.00
1981-09-13,44582.39,0.00,443.15,0.00,24.20,9.30,1184.29,87.00
1981-09-14,44236.80,0.00,421.73,0.00,24.62,10.90,1311.69,63.00
1981-09-15,44236.80,0.57,359.93,0.00,25.18,13.81,1583.51,56.00
1981-09-16,43891.20,1.62,260.21,0.00,16.81,10.21,1256.75,42.00
1981-09-17,43891.20,1.49,288.56,0.00,17.70,10.44,1275.08,33.00
1981-09-18,43545.59,3.08,323.44,0.00,17.21,6.29,945.69,27.00
1981-09-19,43545.59,3.69,276.14,0.00,16.71,7.02,1001.83,27.00
1981-09-20,43200.02,0.00,326.25,0.00,14.87,6.77,981.65,25.00
1981-09-21,43200.02,0.00,437.48,0.00,16.42,2.54,728.03,24.00
1981-09-22,42854.41,1.74,412.14,0.00,15.64,3.31,778.05,24.00
1981-09-23,42854.41,9.22,277.12,0.00,14.14,4.37,831.03,23.00
1981-09-24,42508.79,0.68,290.38,0.00,10.76,3.88,807.37,24.00
1981-09-25,42508.79,0.00,406.52,0.00,15.35,3.35,787.73,26.00
1981-09-26,42163.20,0.00,421.30,0.00,18.90,5.03,877.70,23.00
1981-09-27,42163.20,0.00,350.33,0.00,20.73,10.84,1307.54,22.00
1981-09-28,41817.59,3.60,320.80,0.00,22.08,7.28,1022.53,21.00
1981-09-29,41817.59,0.00,413.99,0.00,14.13,0.46,628.74,20.00
1981-09-30,41472.02,0.00,361.20,0.00,10.75,0.50,631.42,20.00
1981-10-01,41472.02,15.06,243.19,0.00,9.82,0.94,652.48,27.00
1981-10-02,41126.39,16.59,206.46,0.00,11.76,4.36,830.98,100.00
1981-10-03,41126.39,1.97,262.35,0.00,9.43,2.45,730.66,58.00
1981-10-04,40780.78,0.00,268.06,0.00,7.90,0.59,634.61,45.00
1981-10-05,40780.78,0.00,355.08,0.00,13.32,1.76,694.59,41.00
1981-10-06,40435.20,0.00,353.01,0.00,19.41,6.84,989.95,47.00
1981-10-07,40435.20,13.72,253.41,0.00,17.48,5.76,924.49,101.00
1981-10-08,40089.59,4.44,141.86,0.00,9.75,4.34,832.49,75.00
1981-10-09,40089.59,0.00,254.35,0.00,9.42,1.85,705.71,64.00
1981-10-10,39744.00,0.00,269.49,0.00,8.28,0.16,613.12,56.00
1981-10-11,39744.00,0.00,334.92,0.00,12.20,0.82,641.51,49.00
1981-10-12,39405.81,0.00,366.61,0.00,13.44,-0.80,576.40,45.00
1981-10-13,39398.39,0.00,372.25,0.00,13.33,-1.87,531.34,42.00
1981-10-14,39243.18,0.00,380.47,0.00,16.19,-1.26,560.02,39.00
1981-10-15,39052.80,0.00,378.70,0.00,18.36,-0.25,600.00,38.00
1981-10-16,39052.80,0.00,340.80,0.00,17.98,3.61,798.89,37.00
1981-10-17,38707.19,0.00,332.21,0.00,12.59,-0.85,573.59,34.00
1981-10-18,38707.19,3.31,286.06,0.00,14.12,-0.57,587.96,36.00
1981-10-19,38361.61,6.95,179.38,0.00,9.20,0.79,643.78,45.00
1981-10-20,38361.61,1.95,244.59,0.00,6.63,-3.32,480.00,64.00
1981-10-21,38015.99,0.00,343.84,0.00,13.91,-2.44,513.55,52.00
1981-10-22,38015.99,0.00,340.31,0.00,18.84,1.49,679.12,46.00
1981-10-23,37670.39,9.08,227.97,0.00,19.23,5.17,893.28,70.00
1981-10-24,37670.39,9.02,212.59,0.00,10.36,-1.62,550.09,100.00
1981-10-25,37390.68,0.00,256.98,0.00,5.88,-4.41,440.00,80.00
1981-10-26,37324.80,5.05,187.02,0.00,8.96,-1.16,566.53,74.00
1981-10-27,37324.73,24.20,162.87,0.00,16.32,7.42,1033.58,702.00
1981-10-28,36979.21,35.28,160.75,0.00,16.66,7.90,1072.17,1630.00
1981-10-29,36979.21,0.00,198.42,0.00,9.45,1.84,698.16,855.00
1981-10-30,36633.62,0.00,153.24,0.00,7.85,2.20,715.33,552.00
1981-10-31,36633.62,0.00,272.19,0.00,11.33,-0.69,584.50,406.00
1981-11-01,36295.40,0.00,267.69,0.00,10.84,-1.12,564.44,325.00
1981-11-02,36287.99,0.00,254.14,0.00,14.55,2.89,751.20,274.00
1981-11-03,36287.99,0.00,291.06,0.00,16.85,1.07,651.43,233.00
1981-11-04,35942.39,0.00,300.47,0.00,16.36,-1.28,560.00,202.00
1981-11-05,35942.39,0.00,298.94,0.00,17.46,-0.82,574.08,180.00
1981-11-06,35604.21,6.47,199.53,0.00,16.74,2.22,720.39,223.00
1981-11-07,35596.80,1.90,199.10,0.00,9.35,-2.07,527.76,202.00
1981-11-08,35596.80,0.00,204.10,0.00,6.99,-2.67,503.39,171.00
1981-11-09,35251.20,0.00,225.39,0.00,11.59,0.12,610.73,152.00
1981-11-10,35251.20,0.00,258.26,0.00,7.52,-6.74,365.36,138.00
1981-11-11,35207.35,0.00,210.45,0.00,3.84,-6.50,376.94,129.00
1981-11-12,34905.62,0.00,221.71,0.00,6.93,-4.36,444.84,121.00
1981-11-13,34905.62,0.00,230.38,0.00,4.13,-7.75,340.01,112.00
1981-11-14,34625.88,0.00,267.34,0.00,10.40,-5.87,400.00,105.00
1981-11-15,34559.98,0.00,223.31,0.00,11.38,-0.51,592.55,108.00
1981-11-16,34559.98,29.58,105.59,0.00,8.65,2.01,710.12,288.00
1981-11-17,34280.28,3.44,77.20,0.00,6.13,2.05,711.11,269.00
1981-11-18,34214.41,2.76,80.14,0.00,7.25,3.12,765.13,228.00
1981-11-19,34214.41,0.00,80.87,0.00,6.49,2.94,755.12,211.00
1981-11-20,34059.20,8.00,113.89,0.00,9.07,2.11,713.59,264.00
1981-11-21,33868.82,2.11,201.38,0.00,9.41,-1.71,541.80,275.00
1981-11-22,33868.82,0.00,119.26,0.00,2.14,-2.90,493.90,239.00
1981-11-23,33868.82,0.00,68.16,0.00,-0.49,-3.14,484.62,215.00
1981-11-24,33530.62,0.00,161.76,0.00,-0.81,-7.73,338.13,199.00
1981-11-25,33523.21,0.00,199.69,0.00,1.76,-7.43,350.97,182.00
1981-11-26,33523.21,0.00,186.71,0.00,0.97,-7.52,358.64,167.00
1981-11-27,33523.14,1.08,238.10,0.00,3.32,-7.40,349.04,162.00
1981-11-28,33185.02,0.00,179.22,0.00,8.26,-0.22,602.99,156.00
1981-11-29,33177.61,0.00,65.08,0.00,1.47,-1.16,564.24,142.00
1981-11-30,33177.61,0.00,192.70,0.00,1.85,-7.26,359.20,131.00
1981-12-01,33177.61,0.00,199.90,0.00,1.79,-7.88,329.53,126.00
1981-12-02,33022.39,12.95,116.40,0.00,2.49,-4.39,443.26,137.00
1981-12-03,32831.99,0.00,158.78,0.00,5.72,-1.32,559.94,163.00
1981-12-04,32831.99,2.09,142.23,0.00,2.65,-4.04,440.56,156.00
1981-12-05,32831.99,2.44,129.11,0.00,3.01,-2.96,486.73,152.00
1981-12-06,32831.99,0.00,189.10,0.00,1.26,-6.89,364.54,142.00
1981-12-07,32831.92,0.00,159.48,0.00,-0.81,-7.17,356.77,132.00
1981-12-08,32676.78,8.28,97.69,0.00,2.05,-2.98,490.57,151.00
1981-12-09,32493.81,5.00,182.15,0.00,1.88,-8.59,317.29,183.00
1981-12-10,32486.40,0.78,136.78,0.00,-4.18,-8.71,314.01,156.00
1981-12-11,32486.40,0.00,141.36,0.00,-5.08,-9.66,292.89,142.00
1981-12-12,32486.40,0.80,136.33,0.00,-3.33,-7.67,343.85,130.00
1981-12-13,32486.40,0.00,172.18,0.00,-1.57,-7.19,356.23,120.00
1981-12-14,32486.40,0.00,192.97,0.00,-1.75,-8.08,330.17,110.00
1981-12-15,32486.40,1.48,148.72,0.00,-1.71,-6.19,384.56,100.00
1981-12-16,32486.40,2.92,92.71,0.00,-0.64,-3.99,453.15,98.00
1981-12-17,32486.40,0.00,216.23,0.00,0.61,-6.86,364.94,92.00
1981-12-18,32486.33,4.03,107.57,0.00,-3.03,-7.35,356.72,84.00
1981-12-19,32486.33,0.00,253.94,0.00,-4.98,-15.43,199.40,78.00
1981-12-20,32486.33,0.00,235.47,0.00,-6.00,-14.72,199.97,74.00
1981-12-21,32486.33,0.00,245.25,0.00,-5.99,-15.50,200.00,70.00
1981-12-22,32486.33,2.64,207.65,0.00,-4.51,-14.35,200.79,68.00
1981-12-23,32486.33,14.83,170.17,0.00,2.65,-5.92,394.15,224.00
1981-12-24,32486.40,0.00,202.09,0.00,5.92,-1.26,560.19,283.00
1981-12-25,32486.40,0.00,181.59,0.00,1.78,-4.28,441.71,206.00
1981-12-26,32486.40,0.00,247.41,0.00,3.01,-7.14,360.00,170.00
1981-12-27,32486.40,0.00,202.05,0.00,1.03,-5.82,400.19,150.00
1981-12-28,32486.40,2.26,185.02,0.00,0.65,-5.93,392.58,140.00
1981-12-29,32486.40,0.00,212.79,0.00,2.53,-4.97,427.48,130.00
1981-12-30,32486.40,0.00,194.43,0.00,-0.47,-6.90,363.36,120.00
1981-12-31,32486.40,0.00,220.71,0.00,-0.39,-8.15,320.00,115.00
1982-01-01,32486.40,5.56,120.81,0.00,2.00,-5.77,395.14,140.00
1982-01-02,32552.27,3.89,181.56,0.00,3.79,-9.29,301.16,125.00
1982-01-03,32788.14,0.00,176.73,0.00,-2.55,-10.37,277.26,120.00
1982-01-04,32831.99,13.59,135.31,0.00,3.76,-4.39,443.58,564.00
1982-01-05,32831.99,4.70,173.51,0.00,7.40,-4.47,442.03,831.00
1982-01-06,32831.99,0.00,187.10,0.00,1.33,-7.03,360.00,584.00
1982-01-07,32831.99,1.84,164.90,0.00,3.20,-3.97,444.99,500.00
1982-01-08,32897.87,0.00,229.58,0.00,-1.20,-12.14,242.39,398.00
1982-01-09,33177.54,1.00,132.80,0.00,-6.41,-11.82,240.08,348.00
1982-01-10,33177.61,1.00,256.85,0.00,-7.76,-20.64,120.00,269.00
1982-01-11,33177.61,0.00,187.92,0.00,-16.37,-24.15,83.13,220.00
1982-01-12,33177.61,0.00,194.21,0.00,-14.31,-22.38,108.90,200.00
1982-01-13,33367.98,3.72,192.10,0.00,-9.14,-20.18,124.24,190.00
1982-01-14,33523.21,5.61,118.87,0.00,-8.50,-14.74,196.72,170.00
1982-01-15,33523.21,0.00,179.21,0.00,-5.68,-12.81,232.98,160.00
1982-01-16,33523.21,1.00,241.79,0.00,-6.57,-17.13,160.00,150.00
1982-01-17,33713.60,0.00,315.50,0.00,-3.72,-27.30,75.91,140.00
1982-01-18,33868.82,0.00,283.12,0.00,-14.03,-27.76,66.64,130.00
1982-01-19,33868.82,0.00,241.93,0.00,-12.23,-22.29,105.45,120.00
1982-01-20,33876.23,0.21,260.25,0.00,-5.41,-16.72,167.19,110.00
1982-01-21,34214.41,3.00,203.30,0.00,-0.82,-13.00,226.08,100.00
1982-01-22,34214.41,0.00,289.62,0.00,-8.76,-22.11,117.77,95.00
1982-01-23,34214.41,13.93,226.05,0.00,-7.09,-21.29,118.68,90.00
1982-01-24,34559.92,14.97,199.23,0.00,-1.12,-11.88,240.00,87.00
1982-01-25,34559.98,0.00,245.63,0.00,-9.65,-18.86,136.58,85.00
1982-01-26,34559.98,0.00,266.24,0.00,-9.20,-19.44,127.32,83.00
1982-01-27,34905.62,0.00,285.72,0.00,-6.49,-17.93,160.00,82.00
1982-01-28,34905.62,0.00,288.25,0.00,-3.92,-15.41,196.63,82.00
1982-01-29,34905.62,0.00,312.68,0.00,1.69,-11.74,240.00,80.00
1982-01-30,35251.20,0.00,301.83,0.00,1.22,-11.00,280.00,78.00
1982-01-31,35251.20,11.29,131.68,0.00,1.04,-4.81,432.55,100.00
1982-02-01,35317.09,26.92,233.32,0.00,8.30,-4.62,438.16,1000.00
1982-02-02,35596.80,0.00,298.41,0.00,-1.30,-12.64,240.00,618.00
1982-02-03,35596.80,10.60,230.97,0.00,1.17,-10.68,271.90,771.00
1982-02-04,35942.39,11.98,168.73,0.00,4.52,-3.00,491.69,929.00
1982-02-05,35942.39,0.00,333.38,0.00,0.40,-12.79,229.96,587.00
1982-02-06,35949.80,0.00,289.34,0.00,-0.85,-11.01,263.49,460.00
1982-02-07,36287.99,0.00,335.64,0.00,-4.10,-16.92,162.65,333.00
1982-02-08,36287.99,0.00,333.73,0.00,-2.79,-15.50,183.76,250.00
1982-02-09,36633.62,6.00,208.10,0.00,1.32,-8.04,330.03,190.00
1982-02-10,36633.62,2.64,301.53,0.00,-0.26,-14.62,200.47,160.00
1982-02-11,36823.99,0.00,329.50,0.00,-4.88,-16.68,160.00,140.00
1982-02-12,36979.21,0.00,371.91,0.00,-1.90,-16.85,160.00,120.00
1982-02-13,36979.21,1.00,338.26,0.00,-3.41,-15.65,181.56,110.00
1982-02-14,37324.80,0.99,295.66,0.00,-3.41,-13.33,214.70,100.00
1982-02-15,37324.80,0.00,291.58,0.00,1.21,-8.49,317.51,96.00
1982-02-16,37670.39,0.00,354.27,0.00,10.00,-3.01,494.74,120.00
1982-02-17,37670.39,0.00,310.47,0.00,5.10,-4.95,427.02,130.00
1982-02-18,38015.92,0.00,183.88,0.00,-0.69,-5.90,394.23,110.00
1982-02-19,38015.99,2.48,158.54,0.00,0.24,-4.71,432.78,92.00
1982-02-20,38081.87,2.84,146.33,0.00,0.97,-3.95,457.10,80.00
1982-02-21,38361.61,4.36,151.66,0.00,3.67,-1.69,543.84,90.00
1982-02-22,38361.61,6.41,155.68,0.00,1.74,-3.55,471.75,80.00
1982-02-23,38707.19,0.00,247.45,0.00,2.01,-4.28,446.76,70.00
1982-02-24,38707.19,0.00,416.92,0.00,6.68,-7.21,357.79,120.00
1982-02-25,39052.80,5.84,252.67,0.00,-5.67,-14.58,199.85,100.00
1982-02-26,39052.80,0.00,410.11,0.00,-5.14,-17.28,159.26,90.00
1982-02-27,39398.39,0.00,436.87,0.00,-0.81,-14.87,200.00,80.00
1982-02-28,39398.39,0.00,455.94,0.00,3.06,-12.72,240.00,68.00
1982-03-01,39744.00,0.00,419.58,0.00,-0.11,-12.54,240.00,62.00
1982-03-02,39744.00,1.00,405.90,0.00,3.09,-8.61,314.05,56.00
1982-03-03,40089.59,1.73,460.89,0.00,1.68,-13.52,213.44,52.00
1982-03-04,40089.59,0.00,435.03,0.00,-4.56,-17.29,161.61,48.00
1982-03-05,40435.20,3.93,343.98,0.00,2.11,-12.40,237.18,50.00
1982-03-06,40435.20,0.00,433.13,0.00,2.68,-9.94,280.44,45.00
1982-03-07,40780.78,9.04,306.88,0.00,1.63,-9.45,295.16,45.00
1982-03-08,40780.78,9.00,359.62,0.00,0.13,-14.79,197.66,42.00
1982-03-09,41126.39,1.07,467.73,0.00,-2.19,-15.73,180.02,39.00
1982-03-10,41126.39,1.81,477.16,0.00,1.12,-15.44,200.00,39.00
1982-03-11,41472.02,0.00,478.40,0.00,2.62,-11.71,240.00,42.00
1982-03-12,41472.02,0.77,386.30,0.00,9.88,-0.09,600.00,104.00
1982-03-13,41817.59,0.00,359.24,0.00,9.00,0.01,603.91,606.00
1982-03-14,41817.59,3.75,334.91,0.00,12.21,-0.13,600.15,1090.00
1982-03-15,42163.20,0.00,415.16,0.00,7.58,-2.89,492.59,870.00
1982-03-16,42163.20,0.00,363.04,0.00,5.36,-3.15,483.76,718.00
1982-03-17,42508.79,4.86,179.23,0.00,3.60,-1.56,549.42,620.00
1982-03-18,42508.79,1.40,225.24,0.00,3.94,-1.06,566.55,592.00
1982-03-19,42854.41,0.00,303.62,0.00,5.32,-1.12,566.14,657.00
1982-03-20,42854.41,0.00,297.47,0.00,3.33,-2.92,492.31,679.00
1982-03-21,43200.02,0.00,432.07,0.00,8.43,-1.88,535.91,909.00
1982-03-22,43200.02,0.00,383.67,0.00,7.89,-0.80,577.87,983.00
1982-03-23,43200.02,0.00,426.21,0.00,5.65,-4.39,440.00,911.00
1982-03-24,43545.59,0.00,479.58,0.00,8.35,-4.06,440.00,994.00
1982-03-25,43545.59,0.00,523.88,0.00,11.63,-3.63,463.52,1260.00
1982-03-26,43891.20,9.68,403.65,0.00,14.31,-2.42,515.28,2110.00
1982-03-27,43891.20,0.73,515.61,0.00,4.06,-10.07,285.20,1350.00
1982-03-28,44236.80,0.00,482.77,0.00,-0.28,-12.38,237.43,908.00
1982-03-29,44236.80,0.00,525.94,0.00,4.47,-9.88,280.16,725.00
1982-03-30,44582.39,0.00,573.57,0.00,13.42,-5.56,405.17,691.00
1982-03-31,44582.39,2.87,401.94,0.00,17.36,3.37,779.00,1050.00
1982-04-01,44928.00,7.04,418.64,0.00,17.15,-1.01,570.18,1640.00
1982-04-02,44928.00,0.00,561.30,0.00,11.94,-5.30,414.03,1130.00
1982-04-03,45273.61,6.53,393.83,0.00,11.02,-3.67,468.20,1610.00
1982-04-04,45273.61,17.22,391.88,0.00,9.86,-4.43,443.05,1820.00
1982-04-05,45619.20,0.58,352.93,0.00,-0.92,-8.89,310.95,1160.00
1982-04-06,45619.20,13.64,389.73,0.00,5.45,-7.81,336.20,936.00
1982-04-07,45964.79,6.86,343.76,0.00,-3.32,-13.65,212.47,716.00
1982-04-08,45964.79,0.00,491.80,0.00,-1.89,-13.20,221.41,634.00
1982-04-09,46310.38,0.00,507.19,0.00,2.91,-8.90,309.01,553.00
1982-04-10,46310.38,1.62,388.95,0.00,1.82,-7.66,345.36,478.00
1982-04-11,46655.99,0.00,515.29,0.00,5.92,-6.03,389.37,535.00
1982-04-12,46655.99,1.32,488.54,0.00,6.01,-4.96,426.58,550.00
1982-04-13,47001.60,0.00,484.03,0.00,9.71,-1.20,560.70,665.00
1982-04-14,47001.60,0.60,567.19,0.00,13.43,-1.35,557.05,700.00
1982-04-15,47347.20,0.00,590.10,0.00,12.68,-3.71,463.45,652.00
1982-04-16,47347.20,0.00,589.97,0.00,17.42,0.14,618.06,630.00
1982-04-17,47692.79,0.00,513.01,0.00,21.05,7.25,1023.04,792.00
1982-04-18,47692.79,18.16,449.14,0.00,22.69,2.68,743.10,1130.00
1982-04-19,48038.40,0.00,581.87,0.00,16.71,-1.00,560.52,774.00
1982-04-20,48038.40,0.00,540.33,0.00,19.31,3.59,790.93,666.00
1982-04-21,48318.11,0.32,510.26,0.00,19.32,4.90,871.73,571.00
1982-04-22,48383.99,0.00,473.47,0.00,9.72,-2.54,513.70,462.00
1982-04-23,48384.06,0.00,509.52,0.00,10.54,-3.16,480.52,398.00
1982-04-24,48729.59,0.00,566.23,0.00,18.39,1.09,650.50,350.00
1982-04-25,48729.59,0.00,584.24,0.00,21.67,2.66,707.64,309.00
1982-04-26,49075.21,0.00,547.96,0.00,23.48,6.40,927.51,282.00
1982-04-27,49075.21,3.00,153.86,0.00,14.29,9.52,1201.74,276.00
1982-04-28,49420.81,0.01,552.16,0.00,15.81,-0.42,593.34,245.00
1982-04-29,49420.81,0.00,526.41,0.00,12.32,-2.24,520.00,216.00
1982-04-30,49576.01,0.00,572.74,0.00,17.22,-0.41,584.41,196.00
1982-05-01,49766.39,0.00,571.46,0.00,19.91,2.02,685.44,182.00
1982-05-02,49766.39,0.00,516.99,0.00,17.78,3.05,756.84,171.00
1982-05-03,50112.00,0.00,531.77,0.00,18.97,3.36,724.81,158.00
1982-05-04,50112.00,0.00,550.64,0.00,18.51,1.69,640.95,146.00
1982-05-05,50450.20,0.00,534.99,0.00,17.87,1.50,626.42,135.00
1982-05-06,50457.60,0.00,557.14,0.00,21.51,3.02,639.65,126.00
1982-05-07,50457.60,0.00,536.78,0.00,26.80,7.99,882.58,119.00
1982-05-08,50803.21,5.35,363.88,0.00,27.23,10.58,1231.59,137.00
1982-05-09,50803.21,10.57,171.63,0.00,13.22,7.00,999.64,184.00
1982-05-10,51082.91,0.00,415.78,0.00,16.21,3.75,793.97,141.00
1982-05-11,51148.79,0.00,503.79,0.00,18.76,1.67,633.26,120.00
1982-05-12,51148.79,0.00,496.60,0.00,22.33,4.99,779.72,110.00
1982-05-13,51494.41,4.35,370.12,0.00,27.27,8.96,1112.62,111.00
1982-05-14,51494.41,0.00,505.88,0.00,24.34,5.74,810.03,102.00
1982-05-15,51494.41,0.00,504.54,0.00,21.60,3.42,700.60,92.00
1982-05-16,51839.98,0.00,506.55,0.00,22.89,4.24,732.09,85.00
1982-05-17,51839.98,0.34,477.39,0.00,25.33,7.85,945.43,79.00
1982-05-18,51840.05,0.00,443.68,0.00,24.21,8.96,1057.98,73.00
1982-05-19,52185.59,0.00,458.24,0.00,27.05,10.74,1155.05,78.00
1982-05-20,52185.59,12.14,262.95,0.00,23.39,12.16,1413.41,159.00
1982-05-21,52185.59,5.75,282.64,0.00,22.94,10.82,1305.40,125.00
1982-05-22,52523.80,2.75,305.67,0.00,21.25,10.09,1247.38,181.00
1982-05-23,52531.21,19.43,159.85,0.00,13.32,7.34,1027.38,373.00
1982-05-24,52531.21,4.19,148.75,0.00,10.78,5.46,904.23,329.00
1982-05-25,52686.43,0.40,305.62,0.00,15.49,6.76,988.99,295.00
1982-05-26,52876.81,0.00,436.25,0.00,20.92,7.51,1028.82,251.00
1982-05-27,52876.81,0.00,468.33,0.00,23.99,8.45,1048.14,215.00
1982-05-28,52876.81,4.37,196.70,0.00,21.30,13.80,1578.90,255.00
1982-05-29,53032.03,10.25,155.41,0.00,18.19,12.57,1451.08,380.00
1982-05-30,53222.40,0.00,375.09,0.00,23.44,12.47,1445.62,344.00
1982-05-31,53222.40,3.20,227.62,0.00,24.31,15.89,1802.34,729.00
1982-06-01,53222.40,1.59,321.51,0.00,26.32,15.65,1771.86,489.00
1982-06-02,53222.47,17.96,342.95,0.00,21.69,8.03,1082.19,701.00
1982-06-03,53502.11,0.00,476.29,0.00,20.66,6.37,951.89,561.00
1982-06-04,53567.98,28.92,230.45,0.00,16.22,8.44,1115.52,1460.00
1982-06-05,53567.98,12.73,230.19,0.00,18.43,10.73,1298.54,2480.00
1982-06-06,53567.98,49.22,107.70,0.00,14.52,11.36,1348.69,4470.00
1982-06-07,53567.98,6.92,197.94,0.00,16.52,10.46,1276.47,2160.00
1982-06-08,53611.84,0.00,448.45,0.00,21.79,9.75,1220.24,1260.00
1982-06-09,53847.71,0.00,453.12,0.00,21.09,8.95,1155.67,853.00
1982-06-10,53913.61,0.00,528.87,0.00,25.09,8.14,1091.03,651.00
1982-06-11,53913.61,5.14,209.11,0.00,16.32,10.02,1241.31,584.00
1982-06-12,53913.61,2.46,319.57,0.00,19.06,10.76,1300.51,446.00
1982-06-13,53913.61,7.91,251.97,0.00,16.24,8.90,1152.19,481.00
1982-06-14,53913.61,13.35,198.14,0.00,13.92,8.56,1124.73,505.00
1982-06-15,53913.61,0.00,516.70,0.00,21.92,8.13,1090.18,389.00
1982-06-16,53913.61,0.00,491.40,0.00,23.53,10.97,1317.97,330.00
1982-06-17,53913.61,13.40,293.30,0.00,22.46,13.82,1584.79,395.00
1982-06-18,53913.61,0.00,486.28,0.00,21.16,9.54,1202.92,308.00
1982-06-19,53913.67,0.00,517.67,0.00,23.79,10.06,1244.63,246.00
1982-06-20,53913.67,0.07,566.80,0.00,24.22,5.94,934.22,213.00
1982-06-21,53913.67,3.56,368.21,0.00,20.59,8.56,1124.46,188.00
1982-06-22,53913.67,0.00,527.49,0.00,20.73,6.51,964.29,173.00
1982-06-23,53913.67,10.06,381.74,0.00,21.47,7.84,1067.48,253.00
1982-06-24,53913.67,0.00,479.84,0.00,18.58,6.68,976.37,178.00
1982-06-25,53913.61,0.00,529.66,0.00,20.98,6.11,933.63,142.00
1982-06-26,53913.61,0.00,533.27,0.00,24.42,8.56,1124.93,122.00
1982-06-27,53913.61,0.73,474.44,0.00,25.88,12.64,1450.94,119.00
1982-06-28,53913.61,0.00,480.35,0.00,27.35,13.62,1560.23,113.00
1982-06-29,53913.61,20.36,337.18,0.00,27.87,15.37,1746.25,394.00
1982-06-30,53913.61,17.26,254.67,0.00,23.39,15.20,1735.72,355.00
1982-07-01,53913.61,0.00,509.34,0.00,23.04,8.39,1111.48,200.00
1982-07-02,53913.61,0.00,519.07,0.00,20.28,5.46,912.57,150.00
1982-07-03,53906.19,0.00,521.49,0.00,22.31,6.94,995.19,135.00
1982-07-04,53723.20,8.37,216.80,0.00,16.35,9.82,1225.70,155.00
1982-07-05,53568.05,0.00,475.38,0.00,21.09,8.24,1098.99,124.00
1982-07-06,53567.98,0.00,501.20,0.00,25.48,10.21,1256.91,103.00
1982-07-07,53567.98,0.00,427.00,0.00,25.74,13.75,1574.69,89.00
1982-07-08,53567.98,0.00,428.87,0.00,28.45,15.96,1810.35,80.00
1982-07-09,53567.98,0.00,442.17,0.00,27.89,14.89,1697.72,87.00
1982-07-10,53377.61,0.00,522.49,0.00,27.80,10.22,1257.98,120.00
1982-07-11,53222.40,0.00,495.46,0.00,28.85,12.53,1448.64,95.00
1982-07-12,53222.40,12.39,231.70,0.00,25.32,16.98,1918.59,80.00
1982-07-13,53222.40,0.00,447.45,0.00,26.22,12.77,1461.37,86.00
1982-07-14,53214.98,0.00,461.60,0.00,27.59,12.98,1489.31,62.00
1982-07-15,52876.88,0.00,452.50,0.00,28.71,14.29,1629.08,48.00
1982-07-16,52876.81,0.00,420.73,0.00,29.04,15.97,1799.07,50.00
1982-07-17,52876.81,0.00,417.62,0.00,30.11,16.86,1909.92,43.00
1982-07-18,52869.40,7.24,289.40,0.00,29.88,17.90,2057.35,94.00
1982-07-19,52531.21,0.00,379.71,0.00,29.63,17.99,2069.26,65.00
1982-07-20,52531.21,17.28,291.71,0.00,28.42,16.74,1900.28,219.00
1982-07-21,52531.21,11.15,360.45,0.00,23.81,8.65,1132.25,217.00
1982-07-22,52340.82,0.00,486.59,0.00,24.72,9.05,1163.99,129.00
1982-07-23,52185.59,0.00,447.64,0.00,26.18,12.25,1420.19,100.00
1982-07-24,52185.59,0.00,501.12,0.00,25.96,8.94,1154.92,88.00
1982-07-25,52119.70,0.00,486.75,0.00,26.21,9.96,1236.61,80.00
1982-07-26,51839.98,0.00,464.21,0.00,28.87,13.34,1532.45,92.00
1982-07-27,51839.98,0.00,394.12,0.00,25.97,14.11,1608.47,66.00
1982-07-28,51774.12,11.99,276.65,0.00,24.26,13.59,1556.94,126.00
1982-07-29,51494.41,2.11,432.71,0.00,24.31,10.54,1283.21,109.00
1982-07-30,51494.41,0.00,455.60,0.00,24.43,9.97,1237.44,76.00
1982-07-31,51304.00,0.00,394.06,0.00,24.20,12.47,1437.63,64.00
1982-08-01,51148.79,0.00,428.75,0.00,26.03,12.64,1453.94,56.00
1982-08-02,51148.79,0.00,422.97,0.00,24.91,11.97,1397.44,52.00
1982-08-03,50803.21,1.91,379.43,0.00,26.02,13.20,1516.48,56.00
1982-08-04,50803.21,0.00,376.41,0.00,24.25,13.08,1500.56,60.00
1982-08-05,50795.79,0.00,346.92,0.00,27.62,17.15,1944.47,52.00
1982-08-06,50457.60,0.00,455.84,0.00,27.12,11.99,1399.56,46.00
1982-08-07,50457.60,0.00,386.98,0.00,24.83,13.15,1505.82,41.00
1982-08-08,50112.00,0.00,351.97,0.00,25.81,15.34,1743.30,50.00
1982-08-09,50112.00,13.73,172.78,0.00,23.75,17.38,1982.74,110.00
1982-08-10,50104.59,4.41,319.63,0.00,26.62,13.70,1569.86,130.00
1982-08-11,49766.39,3.29,341.45,0.00,23.46,10.64,1291.25,96.00
1982-08-12,49766.39,0.00,416.48,0.00,19.19,7.16,1012.85,72.00
1982-08-13,49420.81,0.00,454.91,0.00,19.75,5.89,927.79,62.00
1982-08-14,49420.81,0.00,437.43,0.00,20.63,7.47,1037.49,52.00
1982-08-15,49075.28,0.00,471.16,0.00,23.54,8.05,1083.77,44.00
1982-08-16,49075.21,0.00,472.32,0.00,25.65,9.53,1202.20,39.00
1982-08-17,49067.80,0.00,459.85,0.00,26.87,11.09,1327.09,36.00
1982-08-18,48729.59,2.12,450.77,0.00,23.82,7.90,1072.13,32.00
1982-08-19,48729.59,0.00,460.34,0.00,23.37,7.80,1064.19,32.00
1982-08-20,48383.99,0.00,437.30,0.00,24.87,10.29,1263.33,31.00
1982-08-21,48383.99,7.28,233.82,0.00,19.79,10.88,1310.23,32.00
1982-08-22,48038.40,0.00,484.08,0.00,17.29,0.96,654.36,30.00
1982-08-23,48038.40,1.38,460.32,0.00,18.19,3.20,771.20,29.00
1982-08-24,47692.79,1.23,380.35,0.00,22.81,11.16,1332.91,27.00
1982-08-25,47692.79,6.12,301.59,0.00,25.42,12.47,1439.61,25.00
1982-08-26,47347.27,1.34,439.32,0.00,23.05,7.35,1028.12,28.00
1982-08-27,47347.20,0.00,437.29,0.00,24.87,9.84,1226.85,26.00
1982-08-28,47156.81,0.00,450.86,0.00,21.67,6.21,940.17,24.00
1982-08-29,47001.60,0.00,490.81,0.00,17.27,-0.68,581.39,23.00
1982-08-30,46994.19,0.00,472.44,0.00,19.06,1.96,703.65,21.00
1982-08-31,46655.99,0.00,356.99,0.00,20.58,9.37,1189.64,20.00
1982-09-01,46655.99,0.00,322.08,0.00,25.06,14.73,1685.20,20.00
1982-09-02,46310.38,3.69,168.43,0.00,22.87,16.05,1811.08,25.00
1982-09-03,46310.38,6.80,312.32,0.00,26.97,11.84,1387.13,35.00
1982-09-04,45964.79,0.00,423.90,0.00,21.23,6.46,956.63,30.00
1982-09-05,45964.79,0.00,439.86,0.00,18.82,3.24,772.25,23.00
1982-09-06,45619.20,0.00,466.70,0.00,22.71,4.03,818.62,20.00
1982-09-07,45619.20,0.00,451.73,0.00,25.27,6.88,992.17,19.00
1982-09-08,45273.61,0.00,200.43,0.00,14.48,8.40,1111.94,18.00
1982-09-09,45273.61,0.36,264.62,0.00,18.05,9.70,1215.89,20.00
1982-09-10,44928.00,0.00,417.59,0.00,24.52,8.40,1112.39,17.00
1982-09-11,44928.00,0.00,444.53,0.00,26.33,7.33,1026.83,14.00
1982-09-12,44582.39,0.00,405.86,0.00,27.52,11.03,1322.24,12.00
1982-09-13,44582.39,0.00,390.37,0.00,27.79,12.04,1402.69,12.00
1982-09-14,44236.80,0.00,385.29,0.00,28.24,12.55,1443.98,11.00
1982-09-15,44236.80,9.33,248.43,0.00,27.50,14.82,1694.47,25.00
1982-09-16,43891.20,0.00,306.13,0.00,24.54,13.47,1549.80,34.00
1982-09-17,43891.20,0.00,411.24,0.00,24.07,7.06,1005.80,23.00
1982-09-18,43545.59,0.00,342.06,0.00,17.90,5.71,919.05,18.00
1982-09-19,43545.59,0.00,436.33,0.00,19.84,0.96,650.91,16.00
1982-09-20,43200.02,0.00,407.25,0.00,19.13,2.38,729.21,14.00
1982-09-21,43200.02,0.00,332.34,0.00,19.75,7.38,1030.05,13.00
1982-09-22,42854.41,0.00,296.01,0.00,19.40,8.72,1137.40,21.00
1982-09-23,42854.41,17.19,135.32,0.00,12.74,6.80,984.41,35.00
1982-09-24,42508.79,5.20,160.29,0.00,12.76,5.67,919.90,21.00
1982-09-25,42508.79,0.00,308.92,0.00,18.35,7.24,1019.18,18.00
1982-09-26,42163.20,0.00,360.11,0.00,19.99,5.97,932.52,11.00
1982-09-27,42163.20,27.21,196.52,0.00,16.14,7.14,1012.22,117.00
1982-09-28,41817.59,1.72,217.69,0.00,15.20,7.89,1070.80,97.00
1982-09-29,41817.59,0.00,239.25,0.00,17.28,9.31,1185.09,57.00
1982-09-30,41472.02,0.00,344.71,0.00,20.65,7.49,1039.50,37.00
1982-10-01,41472.02,0.00,349.78,0.00,19.52,5.93,933.08,31.00
1982-10-02,41126.39,0.00,386.18,0.00,24.09,6.37,949.21,26.00
1982-10-03,41126.39,0.00,344.32,0.00,17.67,3.95,800.19,23.00
1982-10-04,40780.78,0.00,379.78,0.00,22.64,5.16,892.77,21.00
1982-10-05,40780.78,0.00,355.98,0.00,18.88,3.79,803.35,19.00
1982-10-06,40435.20,0.00,378.63,0.00,22.06,4.21,825.26,18.00
1982-10-07,40435.20,0.00,360.14,0.00,24.27,7.51,1041.12,17.00
1982-10-08,40089.59,2.84,181.00,0.00,21.92,12.99,1485.67,16.00
1982-10-09,40089.59,0.00,328.61,0.00,22.89,8.18,1094.78,19.00
1982-10-10,39744.00,0.00,296.46,0.00,18.09,5.95,922.28,17.00
1982-10-11,39744.00,0.00,238.07,0.00,9.95,1.26,666.15,16.00
1982-10-12,39405.81,3.00,115.19,0.00,8.99,3.70,797.92,21.00
1982-10-13,39398.39,1.88,225.46,0.00,15.30,6.72,977.96,27.00
1982-10-14,39243.18,3.95,177.59,0.00,12.30,3.78,804.21,24.00
1982-10-15,39052.80,1.00,223.06,0.00,12.93,4.99,876.01,27.00
1982-10-16,39052.80,1.00,327.37,0.00,12.50,-1.18,563.51,30.00
1982-10-17,38707.19,0.00,287.63,0.00,9.01,-1.88,531.88,26.00
1982-10-18,38707.19,0.00,330.56,0.00,8.13,-5.81,400.72,22.00
1982-10-19,38361.61,0.00,352.85,0.00,12.74,-4.21,440.70,20.00
1982-10-20,38361.61,0.00,343.16,0.00,18.75,1.63,690.28,22.00
1982-10-21,38015.99,11.72,223.62,0.00,17.15,4.13,817.81,25.00
1982-10-22,38015.99,0.00,232.07,0.00,10.13,1.35,668.73,28.00
1982-10-23,37670.39,0.00,277.51,0.00,5.94,-5.30,416.24,31.00
1982-10-24,37670.39,0.00,281.84,0.00,7.15,-4.78,440.00,26.00
1982-10-25,37390.68,0.00,309.22,0.00,9.73,-4.71,439.77,24.00
1982-10-26,37324.80,0.00,263.57,0.00,7.23,-3.86,458.32,26.00
1982-10-27,37324.73,0.00,322.44,0.00,15.10,-2.34,519.19,22.00
1982-10-28,36979.21,0.00,317.48,0.00,14.71,-2.82,494.18,20.00
1982-10-29,36979.21,0.00,324.95,0.00,19.15,-1.39,560.00,19.00
1982-10-30,36633.62,0.00,302.37,0.00,20.06,2.24,713.63,17.00
1982-10-31,36633.62,0.89,269.78,0.00,19.16,4.63,850.15,17.00
1982-11-01,36295.40,1.06,163.25,0.00,18.03,10.38,1270.37,16.00
1982-11-02,36287.99,0.00,213.29,0.00,21.21,10.46,1277.09,16.00
1982-11-03,36287.99,0.00,227.48,0.00,24.23,12.19,1415.35,20.00
1982-11-04,35942.39,15.30,174.53,0.00,22.42,10.14,1250.89,70.00
1982-11-05,35942.39,22.79,195.38,0.00,13.17,-0.41,594.34,201.00
1982-11-06,35604.21,0.00,188.17,0.00,4.09,-4.14,451.01,123.00
1982-11-07,35596.80,0.00,238.42,0.00,6.01,-5.52,405.73,80.00
1982-11-08,35596.80,0.00,261.90,0.00,10.98,-3.00,480.68,58.00
1982-11-09,35251.20,0.00,285.73,0.00,16.54,-1.72,539.50,44.00
1982-11-10,35251.20,0.00,183.60,0.00,7.95,-0.73,580.95,32.00
1982-11-11,35207.35,0.00,206.74,0.00,8.59,-1.74,540.02,29.00
1982-11-12,34905.62,8.51,121.89,0.00,9.61,1.74,693.44,40.00
1982-11-13,34905.62,11.09,189.02,0.00,15.71,0.34,623.72,92.00
1982-11-14,34625.88,0.00,107.06,0.00,2.50,-2.50,510.12,92.00
1982-11-15,34559.98,0.00,83.37,0.00,1.46,-2.29,519.79,68.00
1982-11-16,34559.98,0.00,211.21,0.00,2.21,-8.67,320.00,54.00
1982-11-17,34280.28,0.00,226.93,0.00,4.55,-7.77,341.51,43.00
1982-11-18,34214.41,0.00,224.20,0.00,9.46,-2.95,483.79,34.00
1982-11-19,34214.41,0.00,203.66,0.00,9.92,-0.88,570.33,27.00
1982-11-20,34059.20,0.00,124.89,0.00,8.94,2.93,759.04,22.00
1982-11-21,33868.82,4.67,62.32,0.00,8.10,4.24,830.03,22.00
1982-11-22,33868.82,5.22,50.05,0.00,10.71,7.69,1054.87,33.00
1982-11-23,33868.82,11.77,72.95,0.00,11.74,7.19,1015.30,126.00
1982-11-24,33530.62,5.72,136.64,0.00,12.13,3.03,762.66,153.00
1982-11-25,33523.21,0.00,204.41,0.00,4.71,-5.71,402.06,135.00
1982-11-26,33523.21,0.00,170.55,0.00,2.92,-5.06,425.00,109.00
1982-11-27,33523.14,3.63,127.69,0.00,2.12,-5.40,412.55,99.00
1982-11-28,33185.02,0.00,213.18,0.00,-1.94,-11.77,249.13,88.00
1982-11-29,33177.61,10.37,162.87,0.00,2.33,-6.86,363.65,100.00
1982-11-30,33177.61,2.93,121.77,0.00,6.17,0.68,640.00,172.00
1982-12-01,33177.61,0.00,184.76,0.00,7.82,0.25,619.60,167.00
1982-12-02,33022.39,0.00,101.91,0.00,9.33,5.31,904.72,149.00
1982-12-03,32831.99,0.00,136.91,0.00,13.54,7.54,1043.43,137.00
1982-12-04,32831.99,0.00,88.43,0.00,13.03,9.33,1186.40,135.00
1982-12-05,32831.99,0.00,199.05,0.00,18.30,8.10,1088.33,126.00
1982-12-06,32831.99,7.09,133.77,0.00,17.20,8.60,1128.18,134.00
1982-12-07,32831.92,0.00,232.57,0.00,11.47,-2.20,519.86,134.00
1982-12-08,32676.78,0.00,220.33,0.00,7.78,-3.70,464.00,114.00
1982-12-09,32493.81,1.00,260.92,0.00,6.95,-6.63,362.39,103.00
1982-12-10,32486.40,0.00,259.72,0.00,-4.39,-17.17,162.48,82.00
1982-12-11,32486.40,0.00,231.00,0.00,-2.95,-12.79,228.28,84.00
1982-12-12,32486.40,0.03,225.33,0.00,-0.10,-9.74,289.11,77.00
1982-12-13,32486.40,0.00,254.10,0.00,-4.05,-16.30,169.43,58.00
1982-12-14,32486.40,0.00,252.04,0.00,-2.95,-15.32,186.86,57.00
1982-12-15,32486.40,0.00,239.41,0.00,5.12,-6.60,372.27,56.00
1982-12-16,32486.40,17.82,124.05,0.00,7.47,-0.19,601.34,313.00
1982-12-17,32486.40,0.00,233.38,0.00,8.91,-6.40,374.20,269.00
1982-12-18,32486.33,0.00,216.33,0.00,-4.11,-15.46,183.40,152.00
1982-12-19,32486.33,0.00,221.24,0.00,-0.92,-13.15,221.22,140.00
1982-12-20,32486.33,1.11,127.44,0.00,-1.50,-6.42,377.42,134.00
1982-12-21,32486.33,10.34,59.87,0.00,0.51,-2.72,502.24,121.00
1982-12-22,32486.33,0.00,138.57,0.00,0.39,-5.53,405.51,102.00
1982-12-23,32486.33,2.54,139.78,0.00,1.14,-5.74,399.94,89.00
1982-12-24,32486.40,2.51,92.80,0.00,2.63,-1.62,546.15,89.00
1982-12-25,32486.40,0.06,167.74,0.00,8.73,0.97,641.75,126.00
1982-12-26,32486.40,0.04,209.54,0.00,14.49,2.49,720.00,289.00
1982-12-27,32486.40,0.00,224.69,0.00,8.73,-4.78,440.00,218.00
1982-12-28,32486.40,2.86,165.49,0.00,6.38,-3.86,461.89,197.00
1982-12-29,32486.40,0.00,218.97,0.00,14.45,1.18,657.37,199.00
1982-12-30,32486.40,0.00,175.02,0.00,3.21,-5.09,424.81,165.00
1982-12-31,32486.40,0.00,206.17,0.00,-0.68,-11.27,255.86,133.00
1983-01-01,32486.40,0.00,232.28,0.00,0.55,-9.00,320.00,116.00
1983-01-02,32552.27,0.00,229.30,0.00,1.90,-7.40,359.94,103.00
1983-01-03,32788.14,0.00,185.77,0.00,0.60,-6.18,385.48,99.00
1983-01-04,32831.99,0.00,248.48,0.00,0.82,-9.68,283.85,76.00
1983-01-05,32831.99,0.00,239.59,0.00,-0.08,-9.74,290.48,66.00
1983-01-06,32831.99,0.00,215.58,0.00,2.48,-5.72,400.00,63.00
1983-01-07,32831.99,0.00,156.19,0.00,1.43,-3.98,448.31,61.00
1983-01-08,32897.87,0.00,140.68,0.00,2.30,-2.52,511.86,55.00
1983-01-09,33177.54,0.00,259.26,0.00,1.45,-9.50,284.05,42.00
1983-01-10,33177.61,5.03,189.45,0.00,1.66,-8.56,318.04,51.00
1983-01-11,33177.61,11.83,157.62,0.00,5.74,-1.95,532.51,372.00
1983-01-12,33177.61,0.00,218.98,0.00,4.10,-3.86,454.30,259.00
1983-01-13,33367.98,0.00,251.73,0.00,-1.55,-11.16,262.49,150.00
1983-01-14,33523.21,0.00,246.17,0.00,-2.36,-11.46,256.67,120.00
1983-01-15,33523.21,4.81,142.45,0.00,0.55,-5.77,397.86,100.00
1983-01-16,33523.21,6.27,124.51,0.00,-1.55,-6.84,364.99,86.00
1983-01-17,33713.60,0.00,259.89,0.00,-5.04,-14.47,200.00,74.00
1983-01-18,33868.82,0.00,265.06,0.00,-5.82,-15.43,184.81,62.00
1983-01-19,33868.82,0.00,199.18,0.00,-10.33,-16.55,167.23,54.00
1983-01-20,33876.23,0.00,248.05,0.00,-8.81,-17.17,160.00,50.00
1983-01-21,34214.41,0.00,296.99,0.00,-6.64,-18.24,159.32,60.00
1983-01-22,34214.41,0.00,326.01,0.00,-0.08,-16.25,160.00,76.00
1983-01-23,34214.41,4.12,226.97,0.00,0.66,-11.27,258.66,100.00
1983-01-24,34559.92,8.86,95.35,0.00,2.61,-1.09,562.01,164.00
1983-01-25,34559.98,0.00,108.83,0.00,0.92,-2.16,523.64,133.00
1983-01-26,34559.98,0.00,285.24,0.00,0.73,-9.14,302.83,101.00
1983-01-27,34905.62,0.09,226.27,0.00,-2.35,-9.14,304.90,80.00
1983-01-28,34905.62,1.46,122.62,0.00,-3.70,-7.23,355.27,68.00
1983-01-29,34905.62,0.00,304.16,0.00,1.72,-8.88,319.97,58.00
1983-01-30,35251.20,0.00,331.68,0.00,4.78,-8.27,323.32,59.00
1983-01-31,35251.20,3.33,90.29,0.00,0.99,-2.14,525.24,57.00
1983-02-01,35317.09,0.00,184.98,0.00,1.56,-3.38,473.89,50.00
1983-02-02,35596.80,5.97,173.07,0.00,3.07,-3.36,475.36,194.00
1983-02-03,35596.80,24.59,243.31,0.00,10.76,-0.78,578.17,3010.00
1983-02-04,35942.39,1.53,344.50,0.00,5.98,-6.66,370.24,1400.00
1983-02-05,35942.39,0.00,313.01,0.00,-3.09,-12.57,233.94,801.00
1983-02-06,35949.80,0.00,299.05,0.00,-3.34,-12.04,243.08,581.00
1983-02-07,36287.99,2.00,260.15,0.00,-3.66,-10.69,270.66,484.00
1983-02-08,36287.99,2.89,183.79,0.00,-1.96,-8.06,331.90,405.00
1983-02-09,36633.62,0.00,273.51,0.00,-2.74,-9.88,287.26,333.00
1983-02-10,36633.62,0.00,380.76,0.00,-3.59,-17.19,160.00,273.00
1983-02-11,36823.99,0.00,354.04,0.00,-6.80,-17.57,157.91,262.00
1983-02-12,36979.21,0.22,246.46,0.00,-8.14,-14.33,200.00,237.00
1983-02-13,36979.21,0.00,400.13,0.00,-1.37,-16.49,160.00,224.00
1983-02-14,37324.80,0.00,412.60,0.00,3.17,-15.12,200.00,214.00
1983-02-15,37324.80,0.00,399.72,0.00,5.79,-9.58,283.54,191.00
1983-02-16,37670.39,0.00,271.06,0.00,2.68,-4.51,440.73,185.00
1983-02-17,37670.39,0.00,231.90,0.00,4.02,-1.86,536.98,182.00
1983-02-18,38015.92,0.00,242.87,0.00,5.26,-0.91,570.14,176.00
1983-02-19,38015.99,0.00,347.38,0.00,5.00,-5.01,439.09,173.00
1983-02-20,38081.87,0.00,399.62,0.00,8.47,-5.00,439.71,164.00
1983-02-21,38361.61,0.00,404.23,0.00,9.90,-3.84,453.07,161.00
1983-02-22,38361.61,0.00,386.58,0.00,11.00,-1.10,560.00,167.00
1983-02-23,38707.19,0.00,333.02,0.00,8.18,-0.89,574.75,173.00
1983-02-24,38707.19,0.00,335.17,0.00,5.32,-3.73,464.06,167.00
1983-02-25,39052.80,3.06,241.71,0.00,2.87,-5.08,420.95,158.00
1983-02-26,39052.80,1.10,359.27,0.00,-0.75,-10.32,279.04,144.00
1983-02-27,39398.39,0.00,356.04,0.00,-1.43,-10.94,277.43,126.00
1983-02-28,39398.39,0.00,450.16,0.00,7.71,-8.77,320.00,141.00
1983-03-01,39744.00,0.00,424.65,0.00,9.13,-4.56,440.12,141.00
1983-03-02,39744.00,0.00,393.19,0.00,11.12,-0.70,580.66,141.00
1983-03-03,40089.59,0.00,356.69,0.00,10.44,0.39,625.65,141.00
1983-03-04,40089.59,1.03,399.10,0.00,12.47,0.15,612.14,139.00
1983-03-05,40435.20,0.00,427.97,0.00,17.54,2.65,733.04,141.00
1983-03-06,40435.20,0.00,426.35,0.00,15.40,1.05,655.73,139.00
1983-03-07,40780.78,3.90,215.23,0.00,9.15,1.68,690.57,164.00
1983-03-08,40780.78,1.71,314.61,0.00,10.34,1.52,679.72,170.00
1983-03-09,41126.39,4.40,199.40,0.00,8.03,1.30,669.56,194.00
1983-03-10,41126.39,8.83,123.90,0.00,5.06,1.09,658.21,400.00
1983-03-11,41472.02,20.96,133.01,0.00,2.76,-1.48,550.05,637.00
1983-03-12,41472.02,0.00,287.08,0.00,2.06,-4.93,427.10,521.00
1983-03-13,41817.59,0.00,302.21,0.00,1.77,-5.56,404.73,444.00
1983-03-14,41817.59,0.00,412.54,0.00,7.44,-4.51,440.00,424.00
1983-03-15,42163.20,0.00,412.13,0.00,9.90,-1.96,530.44,400.00
1983-03-16,42163.20,0.00,410.37,0.00,9.57,-1.82,538.45,359.00
1983-03-17,42508.79,0.00,436.11,0.00,10.39,-2.33,520.00,324.00
1983-03-18,42508.79,0.00,290.75,0.00,6.75,-0.12,603.83,346.00
1983-03-19,42854.41,13.80,261.34,0.00,10.54,1.64,688.98,1420.00
1983-03-20,42854.41,2.98,290.00,0.00,11.09,0.67,640.79,1120.00
1983-03-21,43200.02,5.54,229.32,0.00,6.06,-1.32,558.39,1530.00
1983-03-22,43200.02,14.66,315.04,0.00,5.17,-5.60,405.74,1420.00
1983-03-23,43200.02,0.00,365.51,0.00,-0.74,-9.04,305.80,950.00
1983-03-24,43545.59,0.00,444.76,0.00,0.57,-10.63,271.96,706.00
1983-03-25,43545.59,0.00,471.00,0.00,1.01,-11.59,250.88,559.00
1983-03-26,43891.20,0.00,467.39,0.00,2.24,-10.30,280.00,454.00
1983-03-27,43891.20,0.00,466.56,0.00,7.03,-5.58,402.75,419.00
1983-03-28,44236.80,11.70,229.37,0.00,4.06,-2.58,507.16,510.00
1983-03-29,44236.80,2.00,378.61,0.00,5.25,-3.37,475.47,532.00
1983-03-30,44582.39,0.00,443.04,0.00,1.45,-9.16,301.96,414.00
1983-03-31,44582.39,0.00,479.14,0.00,3.77,-8.42,322.96,377.00
1983-04-01,44928.00,0.00,496.28,0.00,7.12,-6.18,381.25,346.00
1983-04-02,44928.00,0.00,493.63,0.00,9.87,-3.53,472.19,320.00
1983-04-03,45273.61,15.00,349.85,0.00,10.75,-1.05,567.87,598.00
1983-04-04,45273.61,3.68,212.94,0.00,8.40,2.59,735.37,532.00
1983-04-05,45619.20,0.00,308.21,0.00,8.03,1.87,699.60,459.00
1983-04-06,45619.20,0.00,463.18,0.00,11.89,0.67,640.39,424.00
1983-04-07,45964.79,1.35,299.07,0.00,9.07,2.37,725.74,469.00
1983-04-08,45964.79,9.45,128.30,0.00,9.96,6.56,964.82,768.00
1983-04-09,46310.38,4.96,302.99,0.00,10.03,0.72,642.04,788.00
1983-04-10,46310.38,13.42,294.11,0.00,10.46,1.46,675.62,1440.00
1983-04-11,46655.99,3.56,180.37,0.00,6.40,1.51,679.26,1300.00
1983-04-12,46655.99,2.23,276.46,0.00,7.16,1.01,653.83,950.00
1983-04-13,47001.60,0.00,448.54,0.00,8.17,-2.51,519.18,717.00
1983-04-14,47001.60,0.00,469.79,0.00,11.53,-0.19,601.32,587.00
1983-04-15,47347.20,14.20,246.41,0.00,9.69,2.94,758.12,1700.00
1983-04-16,47347.20,27.24,343.37,0.00,9.90,-0.84,575.57,2240.00
1983-04-17,47692.79,0.00,455.53,0.00,5.91,-4.50,442.17,1370.00
1983-04-18,47692.79,5.84,355.74,0.00,7.98,-3.22,480.76,1030.00
1983-04-19,48038.40,4.94,219.02,0.00,1.51,-4.06,452.25,841.00
1983-04-20,48038.40,10.92,146.84,0.00,-0.97,-4.50,440.03,706.00
1983-04-21,48318.11,0.88,330.06,0.00,3.30,-2.99,489.44,626.00
1983-04-22,48383.99,0.00,489.94,0.00,9.55,-2.00,520.02,711.00
1983-04-23,48384.06,0.00,534.84,0.00,14.63,-0.52,594.48,868.00
1983-04-24,48729.59,9.12,380.18,0.00,16.40,3.18,773.62,1980.00
1983-04-25,48729.59,24.72,289.18,0.00,5.98,-1.61,545.43,2560.00
1983-04-26,49075.21,2.64,265.69,0.00,3.90,-1.73,540.63,1580.00
1983-04-27,49075.21,0.00,547.82,0.00,17.05,0.62,634.15,1240.00
1983-04-28,49420.81,0.00,519.73,0.00,22.65,7.44,1035.43,923.00
1983-04-29,49420.81,1.55,476.11,0.00,24.60,9.30,1183.71,742.00
1983-04-30,49576.01,15.93,229.07,0.00,18.71,12.37,1429.39,1960.00
1983-05-01,49766.39,16.86,262.38,0.00,19.63,12.33,1426.71,2800.00
1983-05-02,49766.39,10.76,234.41,0.00,19.20,12.97,1477.67,2290.00
1983-05-03,50112.00,5.93,251.14,0.00,19.64,12.99,1493.97,1590.00
1983-05-04,50112.00,5.48,364.87,0.00,20.04,8.34,1107.04,1260.00
1983-05-05,50450.20,0.00,525.01,0.00,16.97,3.44,795.12,916.00
1983-05-06,50457.60,0.00,545.77,0.00,13.89,-0.80,576.01,706.00
1983-05-07,50457.60,0.00,548.95,0.00,18.02,2.01,705.86,581.00
1983-05-08,50803.21,1.04,495.63,0.00,22.29,7.90,1071.65,688.00
1983-05-09,50803.21,20.54,381.44,0.00,12.97,0.15,616.69,875.00
1983-05-10,51082.91,0.00,497.60,0.00,9.76,-2.26,520.00,643.00
1983-05-11,51148.79,0.00,536.23,0.00,13.33,-1.52,551.30,565.00
1983-05-12,51148.79,0.00,519.65,0.00,14.77,0.59,640.00,495.00
1983-05-13,51494.41,0.00,538.82,0.00,17.53,1.50,680.06,429.00
1983-05-14,51494.41,0.00,545.59,0.00,21.90,4.20,816.17,377.00
1983-05-15,51494.41,6.67,398.68,0.00,25.34,7.57,1045.66,424.00
1983-05-16,51839.98,18.19,350.49,0.00,18.33,5.79,919.84,537.00
1983-05-17,51839.98,0.00,451.69,0.00,8.72,-2.44,515.37,396.00
1983-05-18,51840.05,0.00,525.04,0.00,13.04,-2.02,521.95,342.00
1983-05-19,52185.59,0.00,525.63,0.00,17.63,1.69,694.86,346.00
1983-05-20,52185.59,9.25,180.17,0.00,14.85,9.19,1174.85,637.00
1983-05-21,52185.59,0.00,448.93,0.00,21.24,8.64,1131.36,495.00
1983-05-22,52523.80,0.00,395.18,0.00,18.80,8.51,1120.58,532.00
1983-05-23,52531.21,10.79,197.15,0.00,17.38,11.06,1324.81,882.00
1983-05-24,52531.21,0.33,481.06,0.00,20.72,7.06,1004.46,665.00
1983-05-25,52686.43,0.00,505.97,0.00,17.36,2.63,730.04,559.00
1983-05-26,52876.81,3.34,405.19,0.00,20.55,4.82,862.18,474.00
1983-05-27,52876.81,0.00,516.85,0.00,17.01,1.45,674.66,396.00
1983-05-28,52876.81,0.00,534.03,0.00,17.18,0.42,633.76,337.00
1983-05-29,53032.03,4.35,379.10,0.00,17.28,2.26,719.52,316.00
1983-05-30,53222.40,3.80,254.72,0.00,16.63,8.02,1081.84,372.00
1983-05-31,53222.40,2.64,376.46,0.00,22.82,9.73,1218.70,329.00
1983-06-01,53222.40,4.65,276.94,0.00,15.86,6.18,934.15,316.00
1983-06-02,53222.47,0.00,409.69,0.00,15.61,4.54,843.50,266.00
1983-06-03,53502.11,0.00,485.98,0.00,19.80,5.08,886.14,234.00
1983-06-04,53567.98,13.76,298.52,0.00,19.89,8.88,1150.03,386.00
1983-06-05,53567.98,0.00,417.23,0.00,20.70,8.99,1159.44,300.00
1983-06-06,53567.98,0.00,429.94,0.00,23.40,11.01,1320.56,281.00
1983-06-07,53567.98,9.90,359.78,0.00,24.58,9.73,1218.09,434.00
1983-06-08,53611.84,0.00,455.63,0.00,20.74,7.62,1049.98,288.00
1983-06-09,53847.71,0.00,543.85,0.00,19.94,1.59,687.32,237.00
1983-06-10,53913.61,0.00,498.86,0.00,20.79,5.34,907.27,207.00
1983-06-11,53913.61,8.74,356.51,0.00,24.29,9.99,1238.86,191.00
1983-06-12,53913.61,0.00,483.66,0.00,27.22,11.54,1363.02,191.00
1983-06-13,53913.61,0.00,467.70,0.00,28.38,13.39,1541.48,167.00
1983-06-14,53913.61,0.00,467.80,0.00,28.53,13.59,1567.47,178.00
1983-06-15,53913.61,0.00,457.32,0.00,29.20,14.60,1657.88,155.00
1983-06-16,53913.61,0.00,436.96,0.00,29.35,15.61,1769.19,171.00
1983-06-17,53913.61,7.54,365.07,0.00,29.04,12.71,1468.38,284.00
1983-06-18,53913.61,19.80,338.45,0.00,27.28,13.26,1519.45,363.00
1983-06-19,53913.67,7.60,286.91,0.00,26.21,15.03,1709.98,321.00
1983-06-20,53913.67,25.75,242.11,0.00,24.42,15.49,1761.41,708.00
1983-06-21,53913.67,15.14,131.97,0.00,19.06,14.61,1659.66,699.00
1983-06-22,53913.67,0.00,454.66,0.00,25.25,11.34,1347.26,404.00
1983-06-23,53913.67,0.00,472.71,0.00,26.99,11.84,1387.56,293.00
1983-06-24,53913.67,0.00,429.56,0.00,27.36,14.21,1617.19,234.00
1983-06-25,53913.61,0.00,472.97,0.00,27.18,12.07,1405.97,198.00
1983-06-26,53913.61,0.00,514.16,0.00,23.40,6.55,963.74,171.00
1983-06-27,53913.61,0.00,488.07,0.00,26.29,10.49,1279.31,151.00
1983-06-28,53913.61,29.53,328.52,0.00,29.54,15.59,1767.64,366.00
1983-06-29,53913.61,43.71,193.92,0.00,19.70,12.96,1483.68,512.00
1983-06-30,53913.61,0.00,402.13,0.00,23.05,11.67,1373.78,261.00
1983-07-01,53913.61,0.00,354.32,0.00,22.83,13.10,1502.35,210.00
1983-07-02,53913.61,0.00,379.61,0.00,25.82,14.95,1701.56,190.00
1983-07-03,53906.19,0.00,379.93,0.00,29.06,17.74,2038.48,196.00
1983-07-04,53723.20,16.66,313.73,0.00,29.89,17.30,1968.21,280.00
1983-07-05,53568.05,5.92,295.84,0.00,28.61,17.05,1941.16,210.00
1983-07-06,53567.98,0.00,388.23,0.00,22.83,12.06,1404.48,160.00
1983-07-07,53567.98,0.00,442.48,0.00,19.19,6.78,982.64,120.00
1983-07-08,53567.98,0.00,469.91,0.00,22.52,8.50,1120.35,100.00
1983-07-09,53567.98,0.00,473.47,0.00,25.33,10.81,1305.15,86.00
1983-07-10,53377.61,0.00,473.79,0.00,21.97,7.97,1077.82,76.00
1983-07-11,53222.40,0.00,484.74,0.00,22.51,7.86,1068.87,66.00
1983-07-12,53222.40,0.00,494.58,0.00,26.46,10.54,1282.82,64.00
1983-07-13,53222.40,0.00,476.77,0.00,30.07,14.33,1628.47,60.00
1983-07-14,53214.98,0.00,461.72,0.00,27.06,12.74,1459.52,54.00
1983-07-15,52876.88,0.00,473.65,0.00,29.47,14.00,1600.10,50.00
1983-07-16,52876.81,0.00,435.98,0.00,31.61,17.55,2007.46,44.00
1983-07-17,52876.81,0.00,419.94,0.00,30.40,17.38,1981.62,40.00
1983-07-18,52869.40,0.00,397.94,0.00,29.55,17.65,2019.09,36.00
1983-07-19,52531.21,0.00,396.93,0.00,29.71,17.77,2043.40,34.00
1983-07-20,52531.21,0.00,395.57,0.00,27.22,15.68,1774.56,43.00
1983-07-21,52531.21,4.72,292.38,0.00,26.82,15.31,1744.64,60.00
1983-07-22,52340.82,7.58,349.22,0.00,26.50,11.72,1377.53,50.00
1983-07-23,52185.59,0.00,483.92,0.00,23.99,8.67,1133.75,47.00
1983-07-24,52185.59,15.92,331.31,0.00,24.16,10.86,1308.64,64.00
1983-07-25,52119.70,0.00,401.01,0.00,24.75,13.12,1499.69,52.00
1983-07-26,51839.98,0.00,455.47,0.00,25.15,11.20,1335.66,40.00
1983-07-27,51839.98,0.00,469.05,0.00,26.41,11.56,1364.66,36.00
1983-07-28,51774.12,0.00,451.21,0.00,27.72,13.48,1554.01,33.00
1983-07-29,51494.41,0.00,393.98,0.00,28.59,16.58,1882.45,31.00
1983-07-30,51494.41,7.01,206.00,0.00,25.95,18.25,2099.84,58.00
1983-07-31,51304.00,32.13,297.43,0.00,29.65,17.30,1968.71,160.00
1983-08-01,51148.79,5.57,305.55,0.00,27.75,17.80,2047.83,140.00
1983-08-02,51148.79,21.99,276.77,0.00,25.79,15.06,1715.55,170.00
1983-08-03,50803.21,0.00,423.26,0.00,25.99,13.09,1498.73,120.00
1983-08-04,50803.21,0.00,421.95,0.00,27.36,14.25,1626.41,90.00
1983-08-05,50795.79,0.32,282.12,0.00,25.18,17.27,1963.32,79.00
1983-08-06,50457.60,0.14,321.03,0.00,26.28,17.11,1939.91,68.00
1983-08-07,50457.60,5.30,270.96,0.00,26.86,16.32,1847.25,56.00
1983-08-08,50112.00,0.00,398.93,0.00,28.73,16.51,1876.59,45.00
1983-08-09,50112.00,0.00,404.06,0.00,29.19,16.68,1892.40,34.00
1983-08-10,50104.59,0.00,488.95,0.00,25.51,9.17,1173.74,25.00
1983-08-11,49766.39,3.94,332.42,0.00,23.84,10.30,1263.84,26.00
1983-08-12,49766.39,6.45,194.24,0.00,21.63,14.87,1698.77,32.00
1983-08-13,49420.81,3.04,198.60,0.00,17.35,10.80,1303.62,28.00
1983-08-14,49420.81,0.00,435.52,0.00,19.74,7.55,1043.74,24.00
1983-08-15,49075.28,0.00,451.43,0.00,21.78,8.56,1124.95,21.00
1983-08-16,49075.21,0.00,459.57,0.00,24.36,10.23,1258.61,19.00
1983-08-17,49067.80,0.00,447.98,0.00,26.06,12.12,1409.26,19.00
1983-08-18,48729.59,6.39,309.20,0.00,27.17,14.66,1670.27,21.00
1983-08-19,48729.59,0.00,423.94,0.00,28.23,14.92,1696.92,21.00
1983-08-20,48383.99,0.00,418.32,0.00,29.65,16.19,1831.51,19.00
1983-08-21,48383.99,0.00,503.55,0.00,32.05,11.30,1343.74,16.00
1983-08-22,48038.40,0.00,450.03,0.00,27.38,12.40,1431.75,15.00
1983-08-23,48038.40,0.29,419.48,0.00,29.18,15.39,1751.25,14.00
1983-08-24,47692.79,0.00,423.80,0.00,25.45,12.01,1400.69,13.00
1983-08-25,47692.79,0.00,423.05,0.00,26.03,12.46,1437.07,12.00
1983-08-26,47347.27,0.00,400.82,0.00,27.00,14.29,1623.24,12.00
1983-08-27,47347.20,8.58,301.17,0.00,28.94,15.78,1784.19,17.00
1983-08-28,47156.81,0.00,383.27,0.00,28.64,16.35,1851.09,20.00
1983-08-29,47001.60,6.30,294.60,0.00,28.10,15.24,1736.83,18.00
1983-08-30,46994.19,0.00,392.16,0.00,26.68,14.03,1602.38,16.00
1983-08-31,46655.99,8.46,283.06,0.00,26.55,14.45,1638.06,20.00
1983-09-01,46655.99,7.30,254.24,0.00,22.76,12.60,1448.06,21.00
1983-09-02,46310.38,0.00,403.03,0.00,24.19,11.11,1328.93,18.00
1983-09-03,46310.38,0.00,417.42,0.00,25.71,11.50,1359.88,16.00
1983-09-04,45964.79,0.00,402.11,0.00,27.15,13.25,1519.78,15.00
1983-09-05,45964.79,0.00,360.49,0.00,26.63,14.65,1664.33,14.00
1983-09-06,45619.20,0.00,350.59,0.00,27.89,16.05,1815.95,14.00
1983-09-07,45619.20,0.00,350.30,0.00,28.24,16.29,1844.21,13.00
1983-09-08,45273.61,0.00,447.97,0.00,26.44,8.83,1146.58,11.00
1983-09-09,45273.61,0.00,428.01,0.00,24.10,8.32,1105.91,10.00
1983-09-10,44928.00,0.00,437.95,0.00,27.60,10.02,1241.96,10.00
1983-09-11,44928.00,0.00,426.49,0.00,30.42,12.48,1443.05,8.40
1983-09-12,44582.39,0.31,391.62,0.00,27.98,12.58,1449.57,9.20
1983-09-13,44582.39,0.00,319.98,0.00,20.99,10.10,1247.99,10.00
1983-09-14,44236.80,2.05,354.20,0.00,17.69,5.39,908.30,11.00
1983-09-15,44236.80,0.00,400.14,0.00,17.42,2.78,742.14,9.00
1983-09-16,43891.20,0.00,384.06,0.00,17.75,3.90,800.00,9.00
1983-09-17,43891.20,1.57,267.58,0.00,15.72,7.08,1006.70,9.00
1983-09-18,43545.59,0.00,374.32,0.00,19.93,6.21,939.33,9.00
1983-09-19,43545.59,0.00,410.04,0.00,23.32,6.51,972.47,8.00
1983-09-20,43200.02,0.00,412.79,0.00,28.66,10.25,1260.13,7.80
1983-09-21,43200.02,0.00,359.92,0.00,28.57,13.89,1591.48,15.00
1983-09-22,42854.41,34.14,281.90,0.00,19.97,5.47,911.29,56.00
1983-09-23,42854.41,0.00,277.46,0.00,11.55,2.35,720.00,34.00
1983-09-24,42508.79,8.14,283.94,0.00,12.56,0.50,639.42,22.00
1983-09-25,42508.79,0.00,381.40,0.00,15.25,0.57,640.00,11.00
1983-09-26,42163.20,0.00,375.08,0.00,17.35,2.64,731.48,10.00
1983-09-27,42163.20,0.00,331.17,0.00,18.42,5.96,920.00,9.40
1983-09-28,41817.59,0.00,367.61,0.00,22.88,7.49,1038.98,8.60
1983-09-29,41817.59,0.00,377.65,0.00,19.68,3.69,800.00,8.60
1983-09-30,41472.02,0.00,388.77,0.00,21.27,3.71,800.03,8.60
1983-10-01,41472.02,2.12,300.62,0.00,18.49,6.30,947.44,8.50
1983-10-02,41126.39,0.00,183.81,0.00,19.42,12.59,1447.22,8.00
1983-10-03,41126.39,0.00,320.64,0.00,22.53,9.19,1174.99,7.50
1983-10-04,40780.78,0.00,313.85,0.00,23.15,9.98,1238.07,9.00
1983-10-05,40780.78,7.48,147.38,0.00,19.75,12.32,1425.37,12.00
1983-10-06,40435.20,4.68,220.41,0.00,19.41,7.59,1046.83,14.00
1983-10-07,40435.20,0.00,336.59,0.00,17.96,3.56,800.00,15.00
1983-10-08,40089.59,0.00,329.87,0.00,17.11,3.12,769.53,15.00
1983-10-09,40089.59,0.00,344.20,0.00,20.95,5.24,898.34,14.00
1983-10-10,39744.00,0.00,242.08,0.00,11.22,2.24,722.71,10.00
1983-10-11,39744.00,0.00,230.86,0.00,11.42,2.98,756.93,8.00
1983-10-12,39405.81,2.57,237.15,0.00,15.07,4.76,860.85,14.00
1983-10-13,39398.39,9.55,114.58,0.00,18.03,12.37,1434.56,38.00
1983-10-14,39243.18,23.19,257.20,0.00,20.19,3.97,802.69,117.00
1983-10-15,39052.80,0.00,254.24,0.00,12.58,2.85,747.85,58.00
1983-10-16,39052.80,0.00,326.97,0.00,13.77,-0.53,597.58,40.00
1983-10-17,38707.19,0.00,333.30,0.00,15.07,-0.38,595.29,32.00
1983-10-18,38707.19,0.00,297.87,0.00,16.69,3.63,798.26,31.00
1983-10-19,38361.61,16.54,160.29,0.00,10.13,2.01,709.23,44.00
1983-10-20,38361.61,0.00,267.68,0.00,10.88,0.21,616.45,47.00
1983-10-21,38015.99,0.00,319.21,0.00,12.25,-2.19,520.03,38.00
1983-10-22,38015.99,0.00,325.50,0.00,11.80,-3.51,479.19,31.00
1983-10-23,37670.39,3.89,199.01,0.00,10.19,-0.87,576.75,31.00
1983-10-24,37670.39,4.29,105.43,0.00,9.43,4.17,825.47,40.00
1983-10-25,37390.68,0.00,154.93,0.00,10.08,4.31,832.00,42.00
1983-10-26,37324.80,1.20,140.81,0.00,8.19,3.08,763.49,37.00
1983-10-27,37324.73,0.76,217.04,0.00,9.11,0.83,643.26,32.00
1983-10-28,36979.21,0.00,242.10,0.00,9.42,-0.18,600.00,27.00
1983-10-29,36979.21,0.00,324.55,0.00,20.01,1.43,674.08,23.00
1983-10-30,36633.62,0.00,303.12,0.00,8.14,-5.93,400.00,20.00
1983-10-31,36633.62,0.00,303.71,0.00,8.64,-5.95,399.71,18.00
1983-11-01,36295.40,0.00,305.45,0.00,11.97,-3.87,450.58,16.00
1983-11-02,36287.99,1.06,249.24,0.00,12.57,1.50,680.36,15.00
1983-11-03,36287.99,1.00,230.57,0.00,15.26,5.07,885.53,15.00
1983-11-04,35942.39,0.26,291.29,0.00,12.83,-2.54,507.77,14.00
1983-11-05,35942.39,6.03,109.19,0.00,2.87,-2.86,495.56,14.00
1983-11-06,35604.21,0.57,123.26,0.00,2.90,-2.00,520.00,13.00
1983-11-07,35596.80,0.00,133.28,0.00,4.51,-0.62,584.26,13.00
1983-11-08,35596.80,0.00,245.88,0.00,9.55,-1.42,560.00,13.00
1983-11-09,35251.20,0.00,278.59,0.00,14.22,-0.73,581.49,13.00
1983-11-10,35251.20,0.00,276.87,0.00,16.10,0.46,636.58,19.00
1983-11-11,35207.35,21.98,127.54,0.00,10.39,3.10,768.82,238.00
1983-11-12,34905.62,6.69,175.33,0.00,7.59,-3.61,466.38,234.00
1983-11-13,34905.62,0.00,169.36,0.00,-0.88,-7.88,333.34,107.00
1983-11-14,34625.88,0.00,222.79,0.00,2.39,-7.77,335.86,73.00
1983-11-15,34559.98,0.93,211.40,0.00,4.73,-4.99,425.49,101.00
1983-11-16,34559.98,20.33,73.74,0.00,4.95,1.07,655.25,868.00
1983-11-17,34280.28,2.03,155.28,0.00,4.82,-1.54,548.38,374.00
1983-11-18,34214.41,0.00,114.91,0.00,1.58,-2.90,493.60,226.00
1983-11-19,34214.41,0.00,185.07,0.00,6.62,-1.25,559.18,164.00
1983-11-20,34059.20,4.63,128.96,0.00,9.53,2.40,720.00,166.00
1983-11-21,33868.82,21.34,167.88,0.00,13.56,2.64,731.23,1950.00
1983-11-22,33868.82,0.00,214.69,0.00,12.13,1.94,714.66,880.00
1983-11-23,33868.82,0.00,247.81,0.00,15.04,0.60,639.97,569.00
1983-11-24,33530.62,3.23,156.55,0.00,11.28,1.68,689.87,456.00
1983-11-25,33523.21,15.39,161.09,0.00,8.84,-2.03,529.37,699.00
1983-11-26,33523.21,1.68,130.65,0.00,2.61,-3.02,488.95,537.00
1983-11-27,33523.14,0.00,210.71,0.00,9.58,-1.16,560.76,478.00
1983-11-28,33185.02,4.39,133.89,0.00,7.24,-0.96,570.56,509.00
1983-11-29,33177.61,8.05,109.07,0.00,6.45,0.19,616.04,671.00
1983-11-30,33177.61,0.00,135.62,0.00,4.49,-1.11,564.71,528.00
1983-12-01,33177.61,0.00,169.25,0.00,2.83,-4.28,447.41,440.00
1983-12-02,33022.39,0.00,183.30,0.00,0.80,-7.07,357.74,369.00
1983-12-03,32831.99,1.74,151.68,0.00,-1.19,-6.66,370.94,319.00
1983-12-04,32831.99,8.28,114.92,0.00,0.07,-5.37,413.68,315.00
1983-12-05,32831.99,7.42,54.53,0.00,1.51,-1.07,566.97,334.00
1983-12-06,32831.99,0.00,101.12,0.00,3.61,-0.11,604.22,583.00
1983-12-07,32831.92,10.62,153.98,0.00,6.10,-3.00,490.70,1040.00
1983-12-08,32676.78,0.00,196.64,0.00,0.65,-7.57,343.19,666.00
1983-12-09,32493.81,0.00,148.80,0.00,-1.70,-7.23,354.39,524.00
1983-12-10,32486.40,0.00,143.82,0.00,0.22,-4.98,426.00,434.00
1983-12-11,32486.40,0.00,187.71,0.00,1.93,-5.46,410.51,363.00
1983-12-12,32486.40,0.00,140.56,0.00,1.01,-4.00,455.85,450.00
1983-12-13,32486.40,44.68,98.13,0.00,4.79,0.11,615.42,3230.00
1983-12-14,32486.40,50.31,82.21,0.00,3.73,-0.10,607.29,5670.00
1983-12-15,32486.40,0.00,171.94,0.00,6.95,0.24,617.70,1950.00
1983-12-16,32486.40,0.00,200.12,0.00,7.15,-1.53,554.39,1170.00
1983-12-17,32486.40,0.00,190.57,0.00,2.48,-5.33,415.08,844.00
1983-12-18,32486.33,0.00,196.32,0.00,-0.68,-8.89,310.47,669.00
1983-12-19,32486.33,0.00,178.27,0.00,-3.80,-10.77,274.13,559.00
1983-12-20,32486.33,0.00,201.53,0.00,-8.04,-16.45,166.14,442.00
1983-12-21,32486.33,0.00,214.12,0.00,-9.24,-18.65,141.17,380.00
1983-12-22,32486.33,16.50,206.76,0.00,1.27,-16.32,166.87,427.00
1983-12-23,32486.33,3.72,207.52,0.00,2.85,-15.60,182.22,442.00
1983-12-24,32486.40,0.27,206.78,0.00,-8.51,-15.90,169.90,368.00
1983-12-25,32486.40,0.00,252.48,0.00,-12.45,-23.07,93.50,250.00
1983-12-26,32486.40,0.00,202.06,0.00,-16.44,-23.48,88.51,240.00
1983-12-27,32486.40,0.00,239.59,0.00,-12.44,-21.74,112.47,230.00
1983-12-28,32486.40,0.00,215.95,0.00,-5.34,-13.20,222.95,300.00
1983-12-29,32486.40,13.21,174.78,0.00,1.18,-7.92,334.49,270.00
1983-12-30,32486.40,0.00,268.73,0.00,-5.24,-17.78,156.58,220.00
1983-12-31,32486.40,0.00,231.22,0.00,-8.65,-17.47,160.00,190.00
1984-01-01,32486.40,0.00,247.10,0.00,-4.72,-17.80,155.67,180.00
1984-01-02,32552.27,0.00,194.51,0.00,-1.71,-10.50,274.24,175.00
1984-01-03,32788.14,0.00,122.07,0.00,-1.56,-6.63,371.12,210.00
1984-01-04,32831.99,0.00,114.36,0.00,-0.12,-4.86,428.85,218.00
1984-01-05,32831.99,0.00,114.17,0.00,1.24,-3.55,471.65,215.00
1984-01-06,32831.99,0.00,71.67,0.00,0.98,-2.02,528.23,213.00
1984-01-07,32831.99,0.00,152.79,0.00,1.53,-5.40,412.93,190.00
1984-01-08,32897.87,0.00,233.99,0.00,-3.49,-15.95,175.76,170.00
1984-01-09,33177.54,1.32,216.70,0.00,-3.40,-13.09,224.94,140.00
1984-01-10,33177.61,4.08,148.39,0.00,-2.53,-10.99,267.02,115.00
1984-01-11,33177.61,7.05,169.61,0.00,-2.01,-12.09,239.96,98.00
1984-01-12,33177.61,0.00,267.47,0.00,-9.13,-22.41,115.63,88.00
1984-01-13,33367.98,0.00,254.30,0.00,-9.34,-21.08,120.00,80.00
1984-01-14,33523.21,2.67,136.59,0.00,-5.07,-11.17,264.66,72.00
1984-01-15,33523.21,0.00,273.74,0.00,-0.66,-14.23,203.60,65.00
1984-01-16,33523.21,0.00,286.45,0.00,-8.21,-22.79,95.14,58.00
1984-01-17,33713.60,2.82,214.69,0.00,-6.33,-17.78,159.86,54.00
1984-01-18,33868.82,0.00,222.92,0.00,-3.35,-12.40,240.00,49.00
1984-01-19,33868.82,5.54,176.65,0.00,-4.90,-14.50,200.07,45.00
1984-01-20,33876.23,0.00,302.22,0.00,-9.01,-24.24,80.00,43.00
1984-01-21,34214.41,0.00,301.30,0.00,-12.16,-26.80,80.00,40.00
1984-01-22,34214.41,0.00,308.61,0.00,-11.81,-27.16,80.00,38.00
1984-01-23,34214.41,0.00,321.51,0.00,-5.38,-22.91,91.65,37.00
1984-01-24,34559.92,6.00,240.75,0.00,0.13,-16.96,159.94,40.00
1984-01-25,34559.98,3.50,108.00,0.00,3.33,-1.76,539.35,60.00
1984-01-26,34559.98,0.00,261.46,0.00,4.96,-5.50,401.48,58.00
1984-01-27,34905.62,0.00,276.70,0.00,5.55,-5.83,398.87,54.00
1984-01-28,34905.62,0.00,336.28,0.00,7.28,-11.20,260.08,52.00
1984-01-29,34905.62,0.67,225.59,0.00,-3.07,-11.41,255.28,50.00
1984-01-30,35251.20,2.43,135.96,0.00,-2.43,-7.62,345.20,56.00
1984-01-31,35251.20,4.91,129.02,0.00,-0.95,-6.51,361.82,54.00
1984-02-01,35317.09,0.00,350.61,0.00,-4.61,-21.69,113.98,50.00
1984-02-02,35596.80,0.00,333.15,0.00,-5.88,-20.24,120.00,47.00
1984-02-03,35596.80,0.00,355.91,0.00,2.73,-15.59,193.01,66.00
1984-02-04,35942.39,3.94,199.60,0.00,4.57,-5.51,407.30,110.00
1984-02-05,35942.39,0.00,251.39,0.00,5.78,-3.59,466.44,140.00
1984-02-06,35949.80,1.79,214.37,0.00,0.64,-7.20,358.85,130.00
1984-02-07,36287.99,0.00,251.16,0.00,-3.01,-11.79,249.73,110.00
1984-02-08,36287.99,0.00,236.99,0.00,-5.10,-13.10,222.85,100.00
1984-02-09,36633.62,0.00,247.77,0.00,-2.35,-10.78,278.63,120.00
1984-02-10,36633.62,0.00,290.18,0.00,2.74,-7.69,347.80,140.00
1984-02-11,36823.99,1.46,271.72,0.00,6.04,-3.37,478.50,180.00
1984-02-12,36979.21,3.91,158.17,0.00,6.76,0.15,612.05,325.00
1984-02-13,36979.21,0.00,196.60,0.00,7.32,1.06,644.52,793.00
1984-02-14,37324.80,12.99,162.39,0.00,9.87,3.01,762.53,8130.00
1984-02-15,37324.80,51.69,191.92,0.00,11.43,3.21,775.30,7590.00
1984-02-16,37670.39,14.93,164.36,0.00,5.50,-1.02,567.45,2970.00
1984-02-17,37670.39,0.00,305.60,0.00,9.52,-0.41,594.19,1580.00
1984-02-18,38015.92,1.61,155.60,0.00,6.87,2.46,721.85,1110.00
1984-02-19,38015.99,2.88,224.87,0.00,9.05,1.01,651.48,918.00
1984-02-20,38081.87,3.09,142.07,0.00,6.78,1.70,692.88,865.00
1984-02-21,38361.61,0.00,234.56,0.00,2.48,-3.70,460.85,698.00
1984-02-22,38361.61,0.00,369.03,0.00,3.53,-7.85,338.26,576.00
1984-02-23,38707.19,0.00,409.83,0.00,9.39,-5.71,402.00,494.00
1984-02-24,38707.19,0.00,383.13,0.00,10.94,-1.95,528.63,436.00
1984-02-25,39052.80,0.00,401.84,0.00,14.87,-0.70,584.10,385.00
1984-02-26,39052.80,3.62,318.67,0.00,3.94,-8.76,313.20,328.00
1984-02-27,39398.39,0.00,331.80,0.00,-0.51,-9.10,305.02,286.00
1984-02-28,39398.39,9.08,146.31,0.00,-2.85,-7.26,352.35,323.00
1984-02-29,39744.00,14.41,286.18,0.00,-0.43,-10.57,276.57,330.00
1984-03-01,39744.00,0.00,315.28,0.00,-6.03,-13.51,213.54,266.00
1984-03-02,40089.59,0.00,321.94,0.00,-5.07,-12.47,235.84,238.00
1984-03-03,40089.59,0.00,343.60,0.00,-3.18,-11.03,264.75,225.00
1984-03-04,40435.20,0.00,455.14,0.00,-2.61,-15.36,192.56,195.00
1984-03-05,40435.20,1.32,405.55,0.00,-1.25,-12.87,227.84,205.00
1984-03-06,40780.78,3.09,238.74,0.00,0.47,-5.64,402.67,196.00
1984-03-07,40780.78,0.00,389.71,0.00,0.86,-8.05,329.59,184.00
1984-03-08,41126.39,0.00,490.78,0.00,-3.69,-18.49,141.33,158.00
1984-03-09,41126.39,4.16,277.27,0.00,-9.39,-17.37,161.53,140.00
1984-03-10,41472.02,0.00,474.02,0.00,-8.38,-20.85,120.00,130.00
1984-03-11,41472.02,0.00,494.12,0.00,-4.81,-18.73,137.51,125.00
1984-03-12,41817.59,0.00,524.80,0.00,-1.79,-20.14,124.49,120.00
1984-03-13,41817.59,3.53,328.35,0.00,-5.88,-16.43,168.37,115.00
1984-03-14,42163.20,4.03,267.72,0.00,-0.91,-8.69,314.52,120.00
1984-03-15,42163.20,0.00,484.58,0.00,0.72,-12.23,242.14,132.00
1984-03-16,42508.79,0.37,523.05,0.00,9.06,-8.34,322.92,155.00
1984-03-17,42508.79,0.00,521.28,0.00,8.37,-8.38,322.52,203.00
1984-03-18,42854.41,0.00,387.41,0.00,-0.67,-9.57,295.31,181.00
1984-03-19,42854.41,3.36,329.70,0.00,5.23,-5.86,395.97,221.00
1984-03-20,43200.02,0.00,338.58,0.00,4.27,-3.34,476.25,338.00
1984-03-21,43200.02,0.01,501.45,0.00,11.51,-3.18,482.36,1060.00
1984-03-22,43200.02,11.36,321.56,0.00,6.97,-3.82,460.22,1090.00
1984-03-23,43545.59,2.84,211.24,0.00,2.36,-3.09,487.27,772.00
1984-03-24,43545.59,0.00,414.83,0.00,0.42,-9.13,302.35,590.00
1984-03-25,43891.20,0.00,517.42,0.00,7.33,-7.02,359.64,534.00
1984-03-26,43891.20,0.00,515.65,0.00,7.66,-6.32,379.26,476.00
1984-03-27,44236.80,0.00,519.29,0.00,5.82,-8.13,328.65,414.00
1984-03-28,44236.80,7.27,399.27,0.00,9.05,-6.10,388.98,430.00
1984-03-29,44582.39,30.00,194.08,0.00,1.27,-4.12,451.84,448.00
1984-03-30,44582.39,18.13,108.17,0.00,-0.94,-3.66,467.28,418.00
1984-03-31,44928.00,0.50,361.04,0.00,2.25,-5.38,411.21,371.00
1984-04-01,44928.00,0.00,493.82,0.00,5.45,-6.61,364.72,381.00
1984-04-02,45273.61,0.00,530.57,0.00,9.10,-5.10,432.09,496.00
1984-04-03,45273.61,0.00,547.31,0.00,9.83,-5.35,413.86,710.00
1984-04-04,45619.20,4.64,390.12,0.00,10.05,-3.47,473.28,1240.00
1984-04-05,45619.20,20.19,258.32,0.00,8.51,1.00,655.79,7870.00
1984-04-06,45964.79,19.08,238.30,0.00,10.39,3.52,798.36,5060.00
1984-04-07,45964.79,4.43,241.61,0.00,4.72,-1.17,562.08,2210.00
1984-04-08,46310.38,0.00,286.92,0.00,4.73,-1.08,565.84,1290.00
1984-04-09,46310.38,0.00,550.41,0.00,10.60,-4.02,445.02,943.00
1984-04-10,46655.99,0.00,586.14,0.00,11.57,-5.90,393.65,751.00
1984-04-11,46655.99,0.00,537.45,0.00,10.04,-3.54,469.08,624.00
1984-04-12,47001.60,0.00,562.80,0.00,14.72,-1.00,560.00,537.00
1984-04-13,47001.60,0.00,535.95,0.00,16.78,2.33,718.72,477.00
1984-04-14,47347.20,8.00,232.19,0.00,11.88,5.34,904.76,597.00
1984-04-15,47347.20,11.04,134.15,0.00,7.87,4.42,838.79,1070.00
1984-04-16,47692.79,5.66,137.65,0.00,8.40,4.91,870.50,1090.00
1984-04-17,47692.79,6.33,283.03,0.00,10.25,2.41,723.74,1090.00
1984-04-18,48038.40,4.20,355.44,0.00,11.58,0.83,644.37,862.00
1984-04-19,48038.40,11.46,344.97,0.00,12.75,2.27,721.94,1390.00
1984-04-20,48318.11,11.04,247.58,0.00,8.65,2.09,712.72,1740.00
1984-04-21,48383.99,0.00,394.95,0.00,10.00,1.87,703.37,1190.00
1984-04-22,48384.06,0.00,551.06,0.00,10.59,-4.17,447.36,877.00
1984-04-23,48729.59,2.22,454.71,0.00,10.88,-0.91,574.92,774.00
1984-04-24,48729.59,8.96,211.43,0.00,6.24,0.83,645.69,788.00
1984-04-25,49075.21,9.68,144.87,0.00,7.02,3.46,786.51,1320.00
1984-04-26,49075.21,0.00,475.57,0.00,13.47,2.70,736.22,948.00
1984-04-27,49420.81,0.00,547.11,0.00,21.86,5.31,904.71,769.00
1984-04-28,49420.81,0.00,512.52,0.00,24.18,9.32,1186.00,634.00
1984-04-29,49576.01,2.93,435.53,0.00,18.69,5.00,880.31,543.00
1984-04-30,49766.39,0.00,531.14,0.00,23.70,6.35,952.89,464.00
1984-05-01,49766.39,1.72,464.43,0.00,17.82,5.46,906.78,403.00
1984-05-02,50112.00,0.00,498.51,0.00,12.36,-0.59,585.40,344.00
1984-05-03,50112.00,0.00,536.29,0.00,16.41,0.47,630.56,331.00
1984-05-04,50450.20,19.35,325.24,0.00,12.49,2.35,724.90,900.00
1984-05-05,50457.60,4.32,290.75,0.00,11.93,4.38,837.58,715.00
1984-05-06,50457.60,1.20,460.73,0.00,13.34,1.18,660.83,593.00
1984-05-07,50803.21,0.00,517.20,0.00,16.88,2.24,723.08,509.00
1984-05-08,50803.21,11.11,247.44,0.00,14.75,7.24,1019.59,500.00
1984-05-09,51082.91,7.19,351.36,0.00,12.73,1.04,656.31,552.00
1984-05-10,51148.79,2.34,343.24,0.00,10.53,2.19,716.09,445.00
1984-05-11,51148.79,0.00,481.40,0.00,15.73,3.65,798.55,384.00
1984-05-12,51494.41,9.03,352.79,0.00,20.79,8.72,1137.85,590.00
1984-05-13,51494.41,5.46,403.58,0.00,19.50,3.61,798.80,590.00
1984-05-14,51494.41,9.34,364.30,0.00,15.44,3.12,766.07,729.00
1984-05-15,51839.98,0.00,498.29,0.00,12.36,-0.49,591.92,610.00
1984-05-16,51839.98,1.60,365.27,0.00,9.05,0.49,630.55,537.00
1984-05-17,51840.05,0.00,528.10,0.00,10.48,-4.13,453.74,461.00
1984-05-18,52185.59,0.00,527.76,0.00,15.28,0.05,610.54,400.00
1984-05-19,52185.59,11.95,220.69,0.00,11.75,5.21,891.82,460.00
1984-05-20,52185.59,7.51,383.55,0.00,24.21,8.41,1112.79,430.00
1984-05-21,52523.80,23.05,327.95,0.00,18.13,6.74,982.11,576.00
1984-05-22,52531.21,0.00,488.61,0.00,22.36,8.29,1103.55,444.00
1984-05-23,52531.21,7.46,314.85,0.00,26.01,14.40,1632.58,587.00
1984-05-24,52686.43,12.72,394.12,0.00,22.94,6.08,929.96,537.00
1984-05-25,52876.81,0.00,469.96,0.00,21.30,7.65,1052.10,418.00
1984-05-26,52876.81,0.00,471.13,0.00,26.58,12.01,1400.50,366.00
1984-05-27,52876.81,3.60,403.91,0.00,24.28,7.77,1061.74,348.00
1984-05-28,53032.03,13.88,279.34,0.00,18.74,9.11,1168.52,1050.00
1984-05-29,53222.40,38.78,150.80,0.00,13.82,9.19,1175.28,3610.00
1984-05-30,53222.40,4.40,354.29,0.00,19.31,6.82,985.51,1980.00
1984-05-31,53222.40,0.00,463.82,0.00,13.60,1.56,681.39,1160.00
1984-06-01,53222.47,0.00,473.27,0.00,15.30,2.72,740.84,807.00
1984-06-02,53502.11,0.00,495.13,0.00,19.89,5.90,920.43,600.00
1984-06-03,53567.98,3.66,355.77,0.00,19.07,6.00,920.02,514.00
1984-06-04,53567.98,2.05,480.92,0.00,21.18,7.10,1008.21,424.00
1984-06-05,53567.98,0.00,526.01,0.00,25.45,8.09,1087.26,328.00
1984-06-06,53567.98,6.37,373.58,0.00,27.10,11.16,1332.99,334.00
1984-06-07,53611.84,0.00,416.94,0.00,28.07,15.81,1789.48,283.00
1984-06-08,53847.71,0.00,425.77,0.00,28.78,15.99,1799.04,227.00
1984-06-09,53913.61,0.00,408.27,0.00,29.24,16.98,1919.77,193.00
1984-06-10,53913.61,0.00,411.11,0.00,29.23,16.87,1909.25,167.00
1984-06-11,53913.61,0.00,433.45,0.00,30.01,16.55,1883.88,147.00
1984-06-12,53913.61,0.00,551.67,0.00,29.42,7.97,1078.01,130.00
1984-06-13,53913.61,0.00,496.65,0.00,28.40,11.75,1381.11,129.00
1984-06-14,53913.61,15.74,322.26,0.00,29.86,16.31,1850.00,150.00
1984-06-15,53913.61,0.00,502.04,0.00,25.71,9.04,1163.57,123.00
1984-06-16,53913.61,0.00,512.96,0.00,18.19,2.03,710.83,108.00
1984-06-17,53913.61,0.00,468.68,0.00,20.62,6.53,969.76,133.00
1984-06-18,53913.67,29.21,175.88,0.00,19.32,13.15,1512.45,324.00
1984-06-19,53913.67,10.10,251.24,0.00,24.73,15.36,1744.91,456.00
1984-06-20,53913.67,0.00,479.06,0.00,25.86,10.59,1287.46,245.00
1984-06-21,53913.67,0.00,502.86,0.00,22.08,6.04,932.95,195.00
1984-06-22,53913.67,0.00,493.42,0.00,23.39,7.55,1043.77,192.00
1984-06-23,53913.67,0.00,495.96,0.00,25.49,9.15,1172.28,168.00
1984-06-24,53913.61,4.70,246.69,0.00,23.52,14.36,1628.81,184.00
1984-06-25,53913.61,9.13,280.89,0.00,19.76,9.56,1204.97,223.00
1984-06-26,53913.61,6.23,377.82,0.00,21.81,6.73,984.30,174.00
1984-06-27,53913.61,0.00,467.81,0.00,21.69,7.59,1047.05,147.00
1984-06-28,53913.61,9.03,329.47,0.00,24.57,11.11,1328.49,146.00
1984-06-29,53913.61,0.00,417.26,0.00,25.15,12.56,1444.71,130.00
1984-06-30,53913.61,0.57,374.92,0.00,25.11,13.91,1589.31,119.00
1984-07-01,53913.61,14.92,178.96,0.00,21.00,14.62,1664.11,216.00
1984-07-02,53906.19,12.80,211.44,0.00,20.42,12.94,1482.05,234.00
1984-07-03,53723.20,0.00,417.92,0.00,26.16,13.73,1572.56,198.00
1984-07-04,53568.05,11.16,299.18,0.00,25.45,13.87,1587.02,206.00
1984-07-05,53567.98,16.92,262.59,0.00,25.67,15.91,1797.95,280.00
1984-07-06,53567.98,5.70,269.91,0.00,23.01,13.36,1530.79,490.00
1984-07-07,53567.98,29.35,272.86,0.00,23.10,13.36,1530.57,1730.00
1984-07-08,53567.98,0.00,501.28,0.00,20.29,5.22,888.78,659.00
1984-07-09,53377.61,0.00,484.90,0.00,20.10,5.86,927.60,445.00
1984-07-10,53222.40,0.00,475.83,0.00,22.45,8.27,1101.32,352.00
1984-07-11,53222.40,4.77,239.37,0.00,22.21,13.87,1585.88,322.00
1984-07-12,53222.40,7.20,341.08,0.00,27.37,13.69,1570.01,303.00
1984-07-13,53214.98,0.00,485.11,0.00,27.37,12.21,1417.07,227.00
1984-07-14,52876.88,0.00,466.19,0.00,27.90,13.59,1564.75,186.00
1984-07-15,52876.81,0.00,471.28,0.00,29.01,14.24,1625.92,162.00
1984-07-16,52876.81,3.24,334.04,0.00,28.35,17.02,1927.99,155.00
1984-07-17,52869.40,0.00,494.02,0.00,26.70,11.22,1337.31,143.00
1984-07-18,52531.21,5.71,335.86,0.00,25.96,12.73,1466.28,133.00
1984-07-19,52531.21,3.01,366.61,0.00,22.99,10.20,1255.85,121.00
1984-07-20,52531.21,0.00,458.90,0.00,23.51,10.11,1248.50,104.00
1984-07-21,52340.82,7.92,334.55,0.00,25.16,12.76,1462.22,118.00
1984-07-22,52185.59,0.00,423.68,0.00,24.03,12.23,1421.05,105.00
1984-07-23,52185.59,0.00,437.75,0.00,27.11,14.34,1634.59,89.00
1984-07-24,52119.70,0.00,382.23,0.00,28.17,17.32,1971.50,81.00
1984-07-25,51839.98,0.00,497.67,0.00,26.58,10.49,1279.28,71.00
1984-07-26,51839.98,0.00,492.28,0.00,23.36,8.21,1096.47,65.00
1984-07-27,51774.12,39.96,340.74,0.00,24.33,10.90,1312.38,527.00
1984-07-28,51494.41,15.20,209.94,0.00,17.73,10.88,1310.53,352.00
1984-07-29,51494.41,0.00,397.36,0.00,22.32,11.68,1374.62,222.00
1984-07-30,51304.00,0.00,425.56,0.00,23.40,11.55,1364.93,178.00
1984-07-31,51148.79,0.00,458.55,0.00,25.29,11.47,1357.59,150.00
1984-08-01,51148.79,0.00,435.31,0.00,26.42,13.30,1527.07,131.00
1984-08-02,50803.21,0.00,391.80,0.00,27.85,16.29,1849.79,296.00
1984-08-03,50803.21,10.43,286.16,0.00,28.15,16.89,1916.07,364.00
1984-08-04,50795.79,3.70,231.45,0.00,24.96,17.06,1940.59,244.00
1984-08-05,50457.60,3.87,212.12,0.00,25.43,17.74,2035.76,225.00
1984-08-06,50457.60,3.65,275.91,0.00,24.87,14.55,1659.70,196.00
1984-08-07,50112.00,2.24,365.74,0.00,27.96,16.07,1826.89,174.00
1984-08-08,50112.00,3.66,316.05,0.00,28.43,15.52,1764.04,162.00
1984-08-09,50104.59,0.00,381.27,0.00,27.99,16.86,1909.31,139.00
1984-08-10,49766.39,2.25,296.78,0.00,28.07,18.73,2162.32,132.00
1984-08-11,49766.39,0.00,276.29,0.00,26.14,18.70,2158.26,158.00
1984-08-12,49420.81,16.38,213.96,0.00,24.52,17.09,1945.28,307.00
1984-08-13,49420.81,14.66,177.33,0.00,23.64,17.70,2026.54,262.00
1984-08-14,49075.28,2.89,267.73,0.00,26.56,18.37,2115.34,215.00
1984-08-15,49075.21,3.03,323.27,0.00,25.89,15.43,1752.61,234.00
1984-08-16,49067.80,0.00,448.38,0.00,27.75,14.20,1617.76,195.00
1984-08-17,48729.59,4.52,338.90,0.00,28.27,14.23,1619.96,216.00
1984-08-18,48729.59,0.00,489.37,0.00,24.89,9.16,1172.44,177.00
1984-08-19,48383.99,11.13,344.14,0.00,24.12,10.28,1262.36,186.00
1984-08-20,48383.99,15.03,342.90,0.00,23.85,10.05,1244.27,198.00
1984-08-21,48038.40,0.00,496.35,0.00,19.44,3.77,802.40,164.00
1984-08-22,48038.40,0.00,506.80,0.00,23.21,5.53,907.42,145.00
1984-08-23,47692.79,14.90,339.78,0.00,26.26,11.56,1364.94,193.00
1984-08-24,47692.79,0.00,423.34,0.00,23.63,11.09,1327.15,164.00
1984-08-25,47347.27,0.00,458.07,0.00,21.78,7.62,1049.86,136.00
1984-08-26,47347.20,0.00,475.64,0.00,23.06,7.37,1029.67,119.00
1984-08-27,47156.81,0.00,475.89,0.00,25.02,8.42,1113.29,107.00
1984-08-28,47001.60,0.00,445.30,0.00,25.52,10.66,1293.12,98.00
1984-08-29,46994.19,0.59,359.34,0.00,26.10,15.04,1713.77,93.00
1984-08-30,46655.99,0.00,313.19,0.00,25.65,16.51,1880.77,91.00
1984-08-31,46655.99,6.18,325.29,0.00,27.40,12.54,1448.78,98.00
1984-09-01,46310.38,0.00,446.58,0.00,23.33,8.34,1107.03,84.00
1984-09-02,46310.38,0.00,419.57,0.00,22.27,8.84,1147.05,74.00
1984-09-03,45964.79,7.58,307.61,0.00,24.92,11.22,1340.02,77.00
1984-09-04,45964.79,8.19,286.93,0.00,21.79,9.70,1215.81,102.00
1984-09-05,45619.20,0.00,385.90,0.00,17.40,5.53,910.23,89.00
1984-09-06,45619.20,0.00,452.39,0.00,17.84,2.00,706.08,74.00
1984-09-07,45273.61,0.00,460.26,0.00,17.68,0.95,650.87,66.00
1984-09-08,45273.61,0.00,453.88,0.00,19.34,2.49,732.81,59.00
1984-09-09,44928.00,0.00,351.33,0.00,20.64,9.20,1175.68,55.00
1984-09-10,44928.00,0.00,325.67,0.00,21.27,10.67,1293.66,51.00
1984-09-11,44582.39,0.00,319.43,0.00,23.48,12.73,1458.76,49.00
1984-09-12,44582.39,13.43,294.97,0.00,25.58,10.60,1287.69,49.00
1984-09-13,44236.80,0.00,357.92,0.00,21.03,8.39,1111.53,47.00
1984-09-14,44236.80,2.74,300.27,0.00,24.11,10.95,1315.79,45.00
1984-09-15,43891.20,2.56,251.00,0.00,20.30,10.42,1273.57,45.00
1984-09-16,43891.20,2.36,366.62,0.00,15.26,0.29,625.60,45.00
1984-09-17,43545.59,0.00,384.99,0.00,15.90,1.94,710.77,43.00
1984-09-18,43545.59,0.00,397.82,0.00,17.41,2.33,722.05,40.00
1984-09-19,43200.02,0.00,402.51,0.00,19.00,3.15,770.53,38.00
1984-09-20,43200.02,0.00,415.29,0.00,22.88,5.16,886.92,36.00
1984-09-21,42854.41,0.00,415.27,0.00,23.51,5.38,900.08,34.00
1984-09-22,42854.41,0.00,364.94,0.00,19.57,5.51,911.93,33.00
1984-09-23,42508.79,0.00,380.41,0.00,23.29,7.46,1038.21,31.00
1984-09-24,42508.79,4.09,235.84,0.00,26.27,14.00,1594.49,32.00
1984-09-25,42163.20,0.00,201.33,0.00,22.50,15.27,1736.08,32.00
1984-09-26,42163.20,2.01,305.40,0.00,24.15,11.28,1342.75,32.00
1984-09-27,41817.59,0.00,361.94,0.00,14.60,0.74,641.06,31.00
1984-09-28,41817.59,5.85,195.82,0.00,9.92,1.14,662.29,32.00
1984-09-29,41472.02,0.00,192.29,0.00,9.10,2.80,749.57,31.00
1984-09-30,41472.02,0.00,345.75,0.00,13.09,0.06,613.30,31.00
1984-10-01,41126.39,7.94,256.43,0.00,14.16,1.06,659.17,37.00
1984-10-02,41126.39,4.14,89.70,0.00,8.75,5.01,880.51,42.00
1984-10-03,40780.78,0.00,322.58,0.00,12.89,1.02,641.56,37.00
1984-10-04,40780.78,0.00,371.61,0.00,18.22,2.30,718.94,31.00
1984-10-05,40435.20,0.00,340.92,0.00,16.27,2.58,726.66,28.00
1984-10-06,40435.20,0.00,389.16,0.00,13.03,-4.68,435.81,25.00
1984-10-07,40089.59,0.00,390.11,0.00,15.62,-3.08,486.37,24.00
1984-10-08,40089.59,0.00,285.87,0.00,13.93,3.14,770.85,24.00
1984-10-09,39744.00,0.92,172.35,0.00,14.36,8.28,1102.39,26.00
1984-10-10,39744.00,0.00,273.79,0.00,21.35,10.39,1271.51,25.00
1984-10-11,39405.81,0.00,271.33,0.00,19.46,8.72,1137.91,23.00
1984-10-12,39398.39,0.00,338.86,0.00,19.61,4.32,832.18,21.00
1984-10-13,39243.18,0.00,359.50,0.00,19.89,1.96,704.06,21.00
1984-10-14,39052.80,0.00,344.71,0.00,19.63,2.88,754.11,20.00
1984-10-15,39052.80,0.00,348.84,0.00,20.54,2.57,735.90,20.00
1984-10-16,38707.19,0.00,339.99,0.00,21.80,4.10,814.94,19.00
1984-10-17,38707.19,0.00,303.58,0.00,21.19,6.66,973.75,19.00
1984-10-18,38361.61,0.00,180.96,0.00,18.29,10.83,1306.21,20.00
1984-10-19,38361.61,0.00,279.54,0.00,21.79,8.80,1144.09,21.00
1984-10-20,38015.99,6.51,212.96,0.00,23.51,9.81,1224.58,27.00
1984-10-21,38015.99,0.00,285.65,0.00,21.32,7.81,1064.69,35.00
1984-10-22,37670.39,7.45,116.56,0.00,18.37,12.01,1400.90,38.00
1984-10-23,37670.39,15.37,172.37,0.00,16.40,6.74,987.83,64.00
1984-10-24,37390.68,1.28,183.78,0.00,13.59,6.06,937.24,60.00
1984-10-25,37324.80,0.00,250.78,0.00,12.27,1.60,685.37,50.00
1984-10-26,37324.73,3.61,213.74,0.00,16.64,2.97,759.78,47.00
1984-10-27,36979.21,2.60,124.53,0.00,19.00,12.90,1471.87,46.00
1984-10-28,36979.21,0.00,221.87,0.00,23.31,13.01,1497.84,45.00
1984-10-29,36633.62,11.54,218.55,0.00,24.22,7.60,1049.73,56.00
1984-10-30,36633.62,6.80,229.80,0.00,15.81,-1.48,550.20,69.00
1984-10-31,36295.40,0.00,297.21,0.00,16.54,-0.13,607.01,60.00
1984-11-01,36287.99,0.00,183.33,0.00,12.46,4.16,812.55,50.00
1984-11-02,36287.99,2.69,171.43,0.00,14.53,5.03,882.33,45.00
1984-11-03,35942.39,0.00,294.30,0.00,9.19,-7.42,348.75,40.00
1984-11-04,35942.39,0.00,274.30,0.00,8.64,-6.00,391.88,50.00
1984-11-05,35604.21,12.74,139.64,0.00,10.51,1.94,702.05,80.00
1984-11-06,35596.80,0.72,252.12,0.00,14.11,0.16,617.37,110.00
1984-11-07,35596.80,0.00,195.20,0.00,5.89,-3.00,490.52,88.00
1984-11-08,35251.20,0.00,250.75,0.00,5.72,-7.24,358.25,72.00
1984-11-09,35251.20,0.00,259.33,0.00,8.31,-6.00,391.75,60.00
1984-11-10,35207.35,8.11,105.92,0.00,8.12,1.57,685.73,74.00
1984-11-11,34905.62,3.06,128.92,0.00,12.17,3.88,809.77,120.00
1984-11-12,34905.62,1.47,211.80,0.00,10.63,0.08,613.87,145.00
1984-11-13,34625.88,1.49,142.73,0.00,1.97,-4.32,447.18,130.00
1984-11-14,34559.98,0.00,152.60,0.00,3.58,-3.06,483.92,115.00
1984-11-15,34559.98,0.00,246.59,0.00,7.92,-4.94,439.47,100.00
1984-11-16,34280.28,0.00,211.19,0.00,9.27,-0.91,568.87,88.00
1984-11-17,34214.41,0.00,183.37,0.00,5.46,-2.92,493.27,80.00
1984-11-18,34214.41,0.00,213.90,0.00,6.69,-3.78,460.13,74.00
1984-11-19,34059.20,0.00,180.59,0.00,5.03,-3.19,479.83,72.00
1984-11-20,33868.82,0.00,205.58,0.00,-0.94,-10.53,277.66,66.00
1984-11-21,33868.82,0.00,168.62,0.00,-2.02,-9.51,296.57,60.00
1984-11-22,33868.82,0.00,222.89,0.00,0.64,-10.64,271.67,60.00
1984-11-23,33530.62,0.00,223.95,0.00,2.66,-9.09,303.63,58.00
1984-11-24,33523.21,0.00,192.97,0.00,3.48,-6.00,391.03,56.00
1984-11-25,33523.21,0.00,242.13,0.00,9.86,-4.97,440.00,54.00
1984-11-26,33523.14,0.00,250.48,0.00,12.49,-4.99,439.90,52.00
1984-11-27,33185.02,0.00,250.90,0.00,14.07,-4.54,440.00,52.00
1984-11-28,33177.61,0.00,223.75,0.00,13.64,-0.42,594.83,90.00
1984-11-29,33177.61,53.60,172.68,0.00,14.00,-1.22,562.65,2070.00
1984-11-30,33177.61,6.06,95.87,0.00,1.32,-4.72,439.25,785.00
1984-12-01,33022.39,7.94,149.37,0.00,7.34,-3.84,463.39,606.00
1984-12-02,32831.99,0.00,148.07,0.00,7.00,-0.48,600.00,457.00
1984-12-03,32831.99,3.60,105.43,0.00,4.92,-1.66,545.55,467.00
1984-12-04,32831.99,5.16,155.78,0.00,5.52,-5.48,408.78,454.00
1984-12-05,32831.99,0.00,149.21,0.00,0.37,-6.53,371.98,353.00
1984-12-06,32831.92,12.60,118.71,0.00,-0.34,-7.05,360.44,335.00
1984-12-07,32676.78,0.00,202.28,0.00,-0.37,-9.53,283.23,289.00
1984-12-08,32493.81,0.00,125.29,0.00,-3.89,-9.00,319.87,251.00
1984-12-09,32486.40,0.00,227.39,0.00,2.46,-8.52,319.89,223.00
1984-12-10,32486.40,0.00,236.75,0.00,5.61,-6.66,366.36,217.00
1984-12-11,32486.40,5.00,131.81,0.00,5.50,-2.38,514.59,323.00
1984-12-12,32486.40,0.00,86.51,0.00,2.83,-0.66,582.88,309.00
1984-12-13,32486.40,0.00,192.36,0.00,7.70,-1.23,561.06,340.00
1984-12-14,32486.40,1.27,219.36,0.00,9.68,-1.68,542.16,375.00
1984-12-15,32486.40,1.88,133.05,0.00,4.66,-1.16,562.77,368.00
1984-12-16,32486.40,0.00,176.53,0.00,9.15,0.80,642.96,353.00
1984-12-17,32486.33,0.00,120.42,0.00,8.05,2.55,731.58,339.00
1984-12-18,32486.33,0.00,221.90,0.00,15.32,0.82,640.00,312.00
1984-12-19,32486.33,2.95,183.66,0.00,8.63,-4.87,431.17,302.00
1984-12-20,32486.33,4.62,100.82,0.00,3.92,-2.45,520.00,332.00
1984-12-21,32486.33,0.00,204.88,0.00,4.35,-7.06,359.64,286.00
1984-12-22,32486.33,9.32,136.47,0.00,5.18,-4.25,446.62,508.00
1984-12-23,32486.40,0.00,227.71,0.00,7.50,-7.16,357.53,460.00
1984-12-24,32486.40,0.00,196.72,0.00,4.35,-6.28,380.65,390.00
1984-12-25,32486.40,0.00,225.22,0.00,7.25,-6.89,360.00,349.00
1984-12-26,32486.40,0.00,153.65,0.00,-2.42,-9.52,288.89,285.00
1984-12-27,32486.40,10.22,134.50,0.00,-0.90,-8.26,325.91,275.00
1984-12-28,32486.40,1.81,210.98,0.00,4.48,-4.86,428.46,270.00
1984-12-29,32486.40,0.36,230.69,0.00,14.79,3.08,766.72,655.00
1984-12-30,32486.40,4.56,190.51,0.00,16.90,1.23,658.24,751.00
1984-12-31,32486.40,2.46,210.60,0.00,15.85,2.16,712.48,572.00
1985-01-01,32486.40,0.53,236.54,0.00,4.53,-5.98,392.86,524.00
1985-01-02,32552.27,1.41,226.59,0.00,10.51,0.44,634.49,462.00
1985-01-03,32788.14,0.00,210.43,0.00,1.80,-6.66,370.62,375.00
1985-01-04,32831.99,0.00,161.97,0.00,-2.74,-8.64,320.36,329.00
1985-01-05,32831.99,1.70,189.08,0.00,-0.93,-8.26,326.52,301.00
1985-01-06,32831.99,0.00,134.81,0.00,-1.42,-6.24,379.30,259.00
1985-01-07,32831.99,0.00,171.45,0.00,2.19,-4.12,446.80,242.00
1985-01-08,32897.87,0.11,247.48,0.00,1.82,-8.82,319.52,225.00
1985-01-09,33177.54,0.00,241.89,0.00,-6.94,-16.70,164.32,160.00
1985-01-10,33177.61,0.00,220.66,0.00,-8.96,-17.24,162.04,140.00
1985-01-11,33177.61,1.97,157.44,0.00,-8.48,-13.89,206.14,138.00
1985-01-12,33177.61,1.47,173.93,0.00,-6.37,-12.38,241.17,133.00
1985-01-13,33367.98,0.00,232.29,0.00,-2.57,-11.36,255.21,130.00
1985-01-14,33523.21,0.00,230.00,0.00,-1.75,-10.36,280.03,125.00
1985-01-15,33523.21,1.19,248.53,0.00,-0.34,-9.97,280.00,117.00
1985-01-16,33523.21,0.00,268.73,0.00,-7.73,-18.49,143.32,111.00
1985-01-17,33713.60,3.14,199.52,0.00,-6.21,-16.68,167.81,107.00
1985-01-18,33868.82,0.09,186.09,0.00,-3.99,-10.15,283.51,103.00
1985-01-19,33868.82,1.00,117.36,0.00,-3.84,-7.51,358.91,100.00
1985-01-20,33876.23,0.00,313.93,0.00,-4.13,-19.59,120.00,90.00
1985-01-21,34214.41,0.00,311.59,0.00,-15.32,-29.33,46.58,84.00
1985-01-22,34214.41,0.00,304.05,0.00,-12.79,-25.41,81.31,80.00
1985-01-23,34214.41,0.00,265.95,0.00,-4.52,-14.00,208.76,85.00
1985-01-24,34559.92,0.00,194.15,0.00,-4.67,-10.74,269.86,88.00
1985-01-25,34559.98,1.47,195.80,0.00,-1.67,-7.92,336.11,84.00
1985-01-26,34559.98,0.13,312.95,0.00,-0.62,-13.39,216.19,82.00
1985-01-27,34905.62,0.00,285.00,0.00,-5.71,-15.67,180.20,79.00
1985-01-28,34905.62,0.00,276.64,0.00,-3.24,-12.61,232.41,78.00
1985-01-29,34905.62,0.00,260.98,0.00,-2.08,-10.54,277.90,80.00
1985-01-30,35251.20,0.00,304.16,0.00,-3.63,-14.39,202.28,78.00
1985-01-31,35251.20,3.40,254.09,0.00,-1.12,-13.93,207.79,75.00
1985-02-01,35317.09,3.76,145.91,0.00,-1.80,-7.30,353.85,72.00
1985-02-02,35596.80,5.87,188.07,0.00,-1.93,-9.35,296.71,71.00
1985-02-03,35596.80,4.05,248.43,0.00,-6.07,-17.79,159.64,70.00
1985-02-04,35942.39,0.00,363.92,0.00,-6.46,-21.67,120.00,69.00
1985-02-05,35942.39,0.00,362.40,0.00,-4.35,-19.27,120.16,68.00
1985-02-06,35949.80,4.37,222.26,0.00,-3.73,-13.23,219.27,67.00
1985-02-07,36287.99,0.62,323.07,0.00,-2.09,-12.87,232.58,65.00
1985-02-08,36287.99,0.00,343.80,0.00,-5.80,-17.72,158.17,62.00
1985-02-09,36633.62,0.00,240.22,0.00,-9.09,-15.86,177.98,60.00
1985-02-10,36633.62,0.00,279.78,0.00,-4.86,-13.12,222.00,57.00
1985-02-11,36823.99,0.00,319.94,0.00,-1.63,-11.76,248.59,56.00
1985-02-12,36979.21,6.32,261.67,0.00,3.39,-8.60,318.10,80.00
1985-02-13,36979.21,15.59,166.80,0.00,3.03,-3.19,480.00,187.00
1985-02-14,37324.80,0.00,278.59,0.00,-1.56,-9.43,296.47,152.00
1985-02-15,37324.80,0.00,336.90,0.00,-2.45,-12.64,231.97,131.00
1985-02-16,37670.39,0.00,319.75,0.00,-2.85,-12.05,243.61,111.00
1985-02-17,37670.39,0.00,341.33,0.00,-0.71,-10.91,266.33,101.00
1985-02-18,38015.92,0.00,364.11,0.00,3.17,-8.50,321.07,96.00
1985-02-19,38015.99,0.00,350.96,0.00,4.50,-6.15,384.69,95.00
1985-02-20,38081.87,0.00,403.89,0.00,2.73,-11.05,264.80,93.00
1985-02-21,38361.61,0.00,417.85,0.00,4.33,-10.66,275.22,92.00
1985-02-22,38361.61,0.00,395.65,0.00,6.95,-6.10,389.62,96.00
1985-02-23,38707.19,0.00,269.09,0.00,11.37,3.88,800.00,264.00
1985-02-24,38707.19,0.00,407.89,0.00,18.80,3.31,780.64,610.00
1985-02-25,39052.80,0.00,428.86,0.00,17.69,0.28,613.00,991.00
1985-02-26,39052.80,0.00,248.11,0.00,6.06,-0.55,590.54,691.00
1985-02-27,39398.39,0.00,271.47,0.00,6.52,-0.72,582.15,576.00
1985-02-28,39398.39,0.00,452.08,0.00,4.38,-12.80,228.49,442.00
1985-03-01,39744.00,0.00,422.35,0.00,4.14,-9.79,285.97,381.00
1985-03-02,39744.00,0.00,372.01,0.00,9.01,-2.04,516.22,343.00
1985-03-03,40089.59,0.00,430.65,0.00,7.26,-7.17,334.80,296.00
1985-03-04,40089.59,4.08,304.91,0.00,1.75,-10.09,283.74,255.00
1985-03-05,40435.20,7.11,335.98,0.00,6.18,-9.20,302.99,310.00
1985-03-06,40435.20,0.00,468.14,0.00,4.62,-12.03,243.02,303.00
1985-03-07,40780.78,0.00,406.71,0.00,-0.94,-12.67,232.21,235.00
1985-03-08,40780.78,1.00,414.69,0.00,4.49,-7.75,336.74,250.00
1985-03-09,41126.39,0.00,479.72,0.00,13.01,-4.57,382.92,262.00
1985-03-10,41126.39,0.00,454.69,0.00,9.19,-5.62,375.93,239.00
1985-03-11,41472.02,0.00,476.90,0.00,13.25,-3.76,401.37,226.00
1985-03-12,41472.02,13.84,201.19,0.00,8.15,1.00,640.00,638.00
1985-03-13,41817.59,5.66,194.89,0.00,7.69,1.02,641.48,594.00
1985-03-14,41817.59,4.84,276.55,0.00,9.11,-0.50,590.74,516.00
1985-03-15,42163.20,0.86,351.02,0.00,5.80,-3.57,467.13,444.00
1985-03-16,42163.20,0.00,457.01,0.00,4.61,-9.36,290.93,377.00
1985-03-17,42508.79,0.00,428.39,0.00,6.64,-5.84,380.55,348.00
1985-03-18,42508.79,0.00,450.84,0.00,2.02,-11.32,252.90,305.00
1985-03-19,42854.41,0.00,434.91,0.00,-0.87,-13.28,214.58,258.00
1985-03-20,42854.41,0.16,508.32,0.00,7.69,-9.61,269.28,261.00
1985-03-21,43200.02,0.00,539.46,0.00,11.75,-9.67,248.38,233.00
1985-03-22,43200.02,0.00,484.11,0.00,5.58,-9.75,274.11,206.00
1985-03-23,43200.02,7.92,362.64,0.00,9.74,-5.74,393.02,236.00
1985-03-24,43545.59,10.07,205.11,0.00,6.30,-0.66,584.02,374.00
1985-03-25,43545.59,7.94,277.17,0.00,4.12,-5.62,403.39,402.00
1985-03-26,43891.20,0.00,490.96,0.00,7.48,-7.40,335.50,315.00
1985-03-27,43891.20,0.00,529.98,0.00,12.84,-5.00,368.32,291.00
1985-03-28,44236.80,2.84,433.20,0.00,19.93,4.49,750.19,290.00
1985-03-29,44236.80,3.91,214.49,0.00,17.61,9.74,1218.86,320.00
1985-03-30,44582.39,3.91,404.81,0.00,22.08,1.24,621.35,309.00
1985-03-31,44582.39,5.92,185.83,0.00,5.03,-1.12,564.23,381.00
1985-04-01,44928.00,12.64,148.34,0.00,3.46,-1.26,559.55,715.00
1985-04-02,44928.00,0.42,346.34,0.00,4.88,-3.71,462.14,604.00
1985-04-03,45273.61,0.35,409.42,0.00,3.32,-7.16,357.04,544.00
1985-04-04,45273.61,2.06,432.77,0.00,6.60,-4.88,428.87,511.00
1985-04-05,45619.20,0.00,488.23,0.00,15.12,1.01,627.80,466.00
1985-04-06,45619.20,3.03,395.41,0.00,23.23,4.75,834.38,421.00
1985-04-07,45964.79,2.68,376.06,0.00,11.21,-0.68,581.70,379.00
1985-04-08,45964.79,5.00,304.69,0.00,7.28,-3.08,485.04,372.00
1985-04-09,46310.38,2.91,369.27,0.00,5.01,-7.29,354.23,363.00
1985-04-10,46310.38,0.00,462.97,0.00,0.83,-10.47,278.48,311.00
1985-04-11,46655.99,0.00,476.10,0.00,5.68,-6.35,380.94,293.00
1985-04-12,46655.99,0.00,515.37,0.00,11.01,-3.33,465.84,272.00
1985-04-13,47001.60,0.00,484.62,0.00,15.22,1.30,647.05,246.00
1985-04-14,47001.60,0.65,466.81,0.00,18.02,4.28,791.04,229.00
1985-04-15,47347.20,0.00,383.73,0.00,16.26,6.14,944.31,220.00
1985-04-16,47347.20,0.00,401.98,0.00,17.65,6.68,966.61,212.00
1985-04-17,47692.79,3.00,488.03,0.00,21.26,-3.29,446.90,194.00
1985-04-18,47692.79,0.00,527.45,0.00,14.77,-2.30,484.03,177.00
1985-04-19,48038.40,0.00,535.27,0.00,25.80,6.17,804.12,168.00
1985-04-20,48038.40,4.86,318.07,0.00,25.38,12.30,1424.02,164.00
1985-04-21,48318.11,0.00,471.39,0.00,26.06,10.51,1142.32,153.00
1985-04-22,48383.99,0.00,495.03,0.00,28.92,10.78,1120.72,143.00
1985-04-23,48384.06,0.00,482.91,0.00,28.63,11.01,1150.10,133.00
1985-04-24,48729.59,1.29,466.82,0.00,27.59,6.88,890.29,130.00
1985-04-25,48729.59,1.75,248.93,0.00,13.48,6.71,979.44,129.00
1985-04-26,49075.21,2.66,351.88,0.00,18.02,5.42,894.85,126.00
1985-04-27,49075.21,0.00,502.18,0.00,21.92,4.38,757.63,115.00
1985-04-28,49420.81,0.00,454.20,0.00,16.40,2.23,700.36,108.00
1985-04-29,49420.81,2.21,373.75,0.00,12.57,0.86,647.08,104.00
1985-04-30,49576.01,0.00,508.24,0.00,19.47,1.75,636.32,97.00
1985-05-01,49766.39,0.00,539.70,0.00,26.68,4.20,700.33,90.00
1985-05-02,49766.39,8.41,322.78,0.00,18.47,4.67,852.16,97.00
1985-05-03,50112.00,13.05,170.31,0.00,9.88,3.68,797.77,146.00
1985-05-04,50112.00,0.00,518.00,0.00,16.16,-2.43,490.95,131.00
1985-05-05,50450.20,0.00,486.36,0.00,18.68,2.03,669.29,110.00
1985-05-06,50457.60,3.59,298.30,0.00,22.98,11.25,1337.30,102.00
1985-05-07,50457.60,11.25,266.22,0.00,18.39,7.86,1068.89,105.00
1985-05-08,50803.21,0.00,410.05,0.00,15.74,3.34,785.95,98.00
1985-05-09,50803.21,0.00,499.14,0.00,14.89,-1.96,514.48,89.00
1985-05-10,51082.91,0.00,534.60,0.00,22.74,1.99,635.25,85.00
1985-05-11,51148.79,0.00,464.45,0.00,26.52,10.03,1136.23,81.00
1985-05-12,51148.79,0.00,417.28,0.00,27.12,12.91,1418.56,87.00
1985-05-13,51494.41,8.27,283.36,0.00,26.35,13.85,1587.58,281.00
1985-05-14,51494.41,0.00,507.03,0.00,27.06,7.82,945.83,154.00
1985-05-15,51494.41,0.00,443.22,0.00,24.08,9.02,1060.23,122.00
1985-05-16,51839.98,4.07,156.26,0.00,15.01,9.05,1164.17,144.00
1985-05-17,51839.98,8.92,153.07,0.00,15.02,9.51,1200.89,133.00
1985-05-18,51840.05,13.02,336.10,0.00,19.27,5.13,888.07,154.00
1985-05-19,52185.59,4.74,370.10,0.00,14.99,-0.30,597.29,136.00
1985-05-20,52185.59,0.00,501.30,0.00,19.77,2.90,724.80,114.00
1985-05-21,52185.59,0.00,476.27,0.00,25.14,9.02,1085.68,99.00
1985-05-22,52523.80,0.00,457.19,0.00,17.32,3.19,761.19,94.00
1985-05-23,52531.21,0.00,461.27,0.00,18.90,4.56,829.23,85.00
1985-05-24,52531.21,0.00,475.56,0.00,19.87,4.91,841.56,80.00
1985-05-25,52686.43,0.00,507.08,0.00,23.52,5.97,867.33,73.00
1985-05-26,52876.81,0.00,501.10,0.00,25.99,8.32,1009.67,69.00
1985-05-27,52876.81,2.95,344.98,0.00,24.67,11.59,1356.18,67.00
1985-05-28,52876.81,21.35,296.09,0.00,25.32,13.00,1479.84,398.00
1985-05-29,53032.03,12.54,328.95,0.00,16.50,3.29,774.97,341.00
1985-05-30,53222.40,0.00,471.59,0.00,19.55,4.65,851.05,187.00
1985-05-31,53222.40,0.00,339.61,0.00,20.02,10.51,1280.87,159.00
1985-06-01,53222.40,32.08,234.21,0.00,19.62,11.04,1323.32,1320.00
1985-06-02,53222.47,0.00,473.65,0.00,23.19,8.00,1079.73,623.00
1985-06-03,53502.11,0.00,431.46,0.00,24.89,11.58,1366.35,435.00
1985-06-04,53567.98,0.00,498.99,0.00,21.49,5.32,895.33,326.00
1985-06-05,53567.98,8.27,337.33,0.00,21.95,8.11,1088.41,321.00
1985-06-06,53567.98,7.25,201.71,0.00,16.27,9.13,1170.32,307.00
1985-06-07,53567.98,0.00,490.73,0.00,20.19,4.67,852.86,225.00
1985-06-08,53611.84,1.58,411.81,0.00,20.48,8.47,1117.51,192.00
1985-06-09,53847.71,0.00,353.49,0.00,22.10,12.31,1425.12,170.00
1985-06-10,53913.61,0.00,442.64,0.00,25.50,12.09,1407.02,149.00
1985-06-11,53913.61,0.00,507.02,0.00,25.33,8.54,1114.20,126.00
1985-06-12,53913.61,7.50,296.67,0.00,22.01,10.87,1309.45,131.00
1985-06-13,53913.61,2.75,304.48,0.00,15.35,5.94,933.11,130.00
1985-06-14,53913.61,1.69,330.55,0.00,13.61,5.14,888.18,114.00
1985-06-15,53913.61,2.04,438.12,0.00,17.46,3.75,802.46,101.00
1985-06-16,53913.61,5.85,357.48,0.00,21.67,7.17,1014.55,97.00
1985-06-17,53913.61,8.26,280.00,0.00,21.30,11.08,1326.78,102.00
1985-06-18,53913.61,4.22,238.44,0.00,21.99,13.52,1561.31,104.00
1985-06-19,53913.67,2.42,420.64,0.00,23.16,8.96,1157.14,101.00
1985-06-20,53913.67,0.00,463.23,0.00,21.04,7.79,1063.37,90.00
1985-06-21,53913.67,2.02,460.38,0.00,20.29,6.17,942.00,83.00
1985-06-22,53913.67,0.00,491.60,0.00,23.22,8.25,1100.10,75.00
1985-06-23,53913.67,10.46,317.13,0.00,25.77,13.58,1564.42,83.00
1985-06-24,53913.67,7.19,307.06,0.00,25.64,14.10,1607.71,76.00
1985-06-25,53913.61,2.19,464.70,0.00,22.76,6.42,953.78,81.00
1985-06-26,53913.61,0.00,476.76,0.00,21.45,7.76,1060.92,65.00
1985-06-27,53913.61,0.00,354.57,0.00,18.58,9.66,1212.55,57.00
1985-06-28,53913.61,0.00,471.08,0.00,20.80,7.54,1043.11,53.00
1985-06-29,53913.61,7.35,196.29,0.00,15.71,9.58,1206.72,59.00
1985-06-30,53913.61,4.40,316.16,0.00,22.34,11.07,1325.48,64.00
1985-07-01,53913.61,0.00,412.91,0.00,23.47,12.34,1427.16,54.00
1985-07-02,53913.61,1.26,384.84,0.00,23.28,12.08,1408.27,49.00
1985-07-03,53906.19,1.71,283.20,0.00,21.36,13.98,1598.22,50.00
1985-07-04,53723.20,11.72,369.71,0.00,23.92,9.52,1201.28,50.00
1985-07-05,53568.05,0.00,482.48,0.00,26.14,11.92,1393.77,51.00
1985-07-06,53567.98,6.27,324.42,0.00,27.48,15.11,1729.05,87.00
1985-07-07,53567.98,6.97,279.78,0.00,23.04,13.52,1549.83,98.00
1985-07-08,53567.98,4.42,357.74,0.00,22.04,9.12,1169.57,98.00
1985-07-09,53567.98,5.93,304.67,0.00,22.11,11.55,1365.64,112.00
1985-07-10,53377.61,5.01,356.31,0.00,26.68,12.93,1487.53,104.00
1985-07-11,53222.40,3.56,396.51,0.00,23.59,8.89,1151.38,110.00
1985-07-12,53222.40,0.00,477.58,0.00,24.24,10.48,1278.44,88.00
1985-07-13,53222.40,8.05,375.27,0.00,26.67,10.82,1306.81,76.00
1985-07-14,53214.98,0.00,433.96,0.00,26.67,14.16,1617.25,62.00
1985-07-15,52876.88,5.58,232.71,0.00,25.97,17.79,2047.10,112.00
1985-07-16,52876.81,11.37,276.94,0.00,25.55,15.72,1778.30,223.00
1985-07-17,52876.81,0.00,524.15,0.00,25.68,8.44,1115.41,129.00
1985-07-18,52869.40,0.00,496.92,0.00,24.62,9.20,1176.38,94.00
1985-07-19,52531.21,0.00,493.45,0.00,26.61,10.91,1312.82,80.00
1985-07-20,52531.21,0.00,394.42,0.00,27.65,16.32,1851.55,76.00
1985-07-21,52531.21,0.00,466.21,0.00,28.66,14.04,1604.26,70.00
1985-07-22,52340.82,19.21,293.72,0.00,26.22,15.24,1736.89,95.00
1985-07-23,52185.59,0.00,514.93,0.00,24.18,7.51,1040.52,80.00
1985-07-24,52185.59,0.00,495.41,0.00,21.78,6.60,968.04,61.00
1985-07-25,52119.70,0.00,480.61,0.00,25.42,10.48,1278.46,51.00
1985-07-26,51839.98,5.74,323.78,0.00,26.66,13.83,1582.17,70.00
1985-07-27,51839.98,7.76,317.35,0.00,24.29,12.06,1404.92,87.00
1985-07-28,51774.12,0.00,500.64,0.00,25.30,8.90,1152.12,67.00
1985-07-29,51494.41,0.00,470.58,0.00,25.57,10.59,1287.45,50.00
1985-07-30,51494.41,0.00,423.60,0.00,27.11,14.05,1603.86,40.00
1985-07-31,51304.00,21.25,300.82,0.00,26.61,14.50,1647.44,83.00
1985-08-01,51148.79,26.20,216.49,0.00,19.39,11.75,1380.03,129.00
1985-08-02,51148.79,0.00,444.41,0.00,22.37,8.91,1152.62,87.00
1985-08-03,50803.21,0.00,466.04,0.00,22.77,8.14,1091.28,66.00
1985-08-04,50803.21,0.00,477.09,0.00,25.28,9.54,1203.56,53.00
1985-08-05,50795.79,0.00,453.97,0.00,26.21,11.46,1357.16,42.00
1985-08-06,50457.60,0.00,385.03,0.00,25.08,13.46,1551.63,35.00
1985-08-07,50457.60,8.37,245.69,0.00,23.71,14.28,1629.39,57.00
1985-08-08,50112.00,23.35,242.57,0.00,24.43,15.08,1716.50,174.00
1985-08-09,50112.00,0.00,458.19,0.00,27.68,12.25,1421.59,120.00
1985-08-10,50104.59,0.00,446.35,0.00,27.40,12.62,1451.58,90.00
1985-08-11,49766.39,0.00,421.44,0.00,27.75,14.08,1606.47,74.00
1985-08-12,49766.39,0.00,467.96,0.00,25.79,9.98,1238.10,63.00
1985-08-13,49420.81,0.00,447.95,0.00,25.07,10.38,1270.08,53.00
1985-08-14,49420.81,0.00,399.05,0.00,27.61,14.65,1668.55,45.00
1985-08-15,49075.28,0.00,336.57,0.00,30.18,19.24,2239.07,40.00
1985-08-16,49075.21,11.33,294.58,0.00,29.31,16.29,1847.84,53.00
1985-08-17,49067.80,3.33,297.73,0.00,22.02,9.91,1232.91,63.00
1985-08-18,48729.59,0.00,455.33,0.00,25.27,9.84,1227.55,45.00
1985-08-19,48729.59,0.00,355.85,0.00,23.47,12.77,1468.93,36.00
1985-08-20,48383.99,1.29,385.93,0.00,25.21,13.15,1505.70,33.00
1985-08-21,48383.99,0.00,420.71,0.00,22.18,8.87,1149.53,30.00
1985-08-22,48038.40,0.00,341.58,0.00,20.02,10.18,1254.02,26.00
1985-08-23,48038.40,0.00,451.47,0.00,20.47,5.85,925.27,23.00
1985-08-24,47692.79,0.00,433.19,0.00,22.76,8.75,1140.10,21.00
1985-08-25,47692.79,6.33,227.48,0.00,22.18,13.43,1540.65,79.00
1985-08-26,47347.27,7.84,154.86,0.00,20.93,15.21,1729.97,82.00
1985-08-27,47347.20,6.74,255.61,0.00,24.33,14.26,1624.76,97.00
1985-08-28,47156.81,0.00,412.71,0.00,24.10,11.13,1330.55,79.00
1985-08-29,47001.60,0.00,399.15,0.00,24.08,11.69,1377.88,58.00
1985-08-30,46994.19,0.00,326.75,0.00,23.09,13.65,1569.22,67.00
1985-08-31,46655.99,18.37,192.28,0.00,18.69,11.73,1378.05,104.00
1985-09-01,46655.99,0.24,396.81,0.00,16.79,4.93,869.74,86.00
1985-09-02,46310.38,6.33,321.28,0.00,20.58,7.06,1008.38,78.00
1985-09-03,46310.38,0.00,451.20,0.00,25.80,9.78,1222.67,69.00
1985-09-04,45964.79,0.00,433.92,0.00,27.07,11.81,1387.78,58.00
1985-09-05,45964.79,0.00,307.17,0.00,28.09,18.47,2117.63,50.00
1985-09-06,45619.20,0.00,309.52,0.00,28.61,18.81,2170.15,42.00
1985-09-07,45619.20,0.00,322.92,0.00,27.65,17.39,1982.42,39.00
1985-09-08,45273.61,0.00,355.49,0.00,29.38,17.53,2002.30,62.00
1985-09-09,45273.61,9.92,244.00,0.00,27.49,17.21,1959.90,102.00
1985-09-10,44928.00,11.88,226.39,0.00,25.75,16.58,1886.06,167.00
1985-09-11,44928.00,5.28,316.23,0.00,24.14,9.74,1219.58,154.00
1985-09-12,44582.39,0.00,427.36,0.00,15.64,1.99,707.50,118.00
1985-09-13,44582.39,0.00,416.40,0.00,13.36,0.42,628.23,102.00
1985-09-14,44236.80,0.00,420.75,0.00,14.10,0.61,635.74,90.00
1985-09-15,44236.80,0.00,454.78,0.00,17.77,0.95,651.30,78.00
1985-09-16,43891.20,0.00,452.73,0.00,19.60,2.19,718.46,68.00
1985-09-17,43891.20,0.00,438.83,0.00,20.26,3.74,801.06,59.00
1985-09-18,43545.59,0.00,443.02,0.00,22.63,4.69,853.65,50.00
1985-09-19,43545.59,0.00,408.98,0.00,24.89,9.08,1166.61,43.00
1985-09-20,43200.02,0.00,395.18,0.00,26.45,11.06,1324.73,38.00
1985-09-21,43200.02,0.00,387.45,0.00,27.09,11.75,1380.27,34.00
1985-09-22,42854.41,0.00,382.43,0.00,26.57,11.49,1359.47,31.00
1985-09-23,42854.41,0.00,323.70,0.00,23.72,12.30,1427.54,30.00
1985-09-24,42508.79,2.39,203.66,0.00,20.93,13.61,1568.65,34.00
1985-09-25,42508.79,4.21,314.74,0.00,19.74,3.32,777.14,39.00
1985-09-26,42163.20,0.00,392.45,0.00,20.53,4.64,850.82,35.00
1985-09-27,42163.20,19.48,237.45,0.00,19.62,8.15,1092.32,86.00
1985-09-28,41817.59,15.97,174.80,0.00,14.25,6.56,965.13,150.00
1985-09-29,41817.59,0.00,388.96,0.00,19.20,3.05,762.66,103.00
1985-09-30,41472.02,0.00,386.05,0.00,20.87,4.14,822.00,82.00
1985-10-01,41472.02,0.00,349.89,0.00,21.32,6.93,994.07,71.00
1985-10-02,41126.39,13.53,230.49,0.00,19.64,7.74,1059.53,129.00
1985-10-03,41126.39,0.00,282.17,0.00,12.84,2.72,745.57,122.00
1985-10-04,40780.78,0.00,261.16,0.00,13.52,4.30,833.18,99.00
1985-10-05,40780.78,5.89,176.20,0.00,16.56,8.12,1089.27,97.00
1985-10-06,40435.20,1.86,270.06,0.00,14.40,4.58,846.51,103.00
1985-10-07,40435.20,1.46,313.28,0.00,12.09,0.12,616.17,88.00
1985-10-08,40089.59,0.00,359.44,0.00,16.17,0.45,628.24,77.00
1985-10-09,40089.59,0.00,347.85,0.00,19.01,3.46,785.16,74.00
1985-10-10,39744.00,0.00,309.54,0.00,21.40,7.92,1073.89,71.00
1985-10-11,39744.00,2.34,314.15,0.00,21.25,5.22,895.50,72.00
1985-10-12,39405.81,0.00,336.66,0.00,12.41,-2.47,512.10,69.00
1985-10-13,39398.39,3.07,251.94,0.00,13.70,-0.25,600.72,69.00
1985-10-14,39243.18,3.40,182.65,0.00,16.47,7.27,1021.94,69.00
1985-10-15,39052.80,6.49,158.98,0.00,17.46,8.95,1155.95,70.00
1985-10-16,39052.80,1.59,297.57,0.00,19.83,4.01,800.82,74.00
1985-10-17,38707.19,0.00,354.47,0.00,15.55,-2.68,501.12,70.00
1985-10-18,38707.19,0.00,329.39,0.00,14.79,-0.87,571.07,66.00
1985-10-19,38361.61,0.00,232.19,0.00,16.43,6.85,991.29,66.00
1985-10-20,38361.61,5.27,204.74,0.00,16.90,4.99,879.17,71.00
1985-10-21,38015.99,0.00,252.51,0.00,10.37,0.10,612.66,71.00
1985-10-22,38015.99,0.00,303.11,0.00,15.22,1.18,663.91,67.00
1985-10-23,37670.39,0.00,266.46,0.00,17.24,5.40,905.45,66.00
1985-10-24,37670.39,0.00,256.59,0.00,18.71,7.07,1005.34,73.00
1985-10-25,37390.68,7.66,181.36,0.00,16.26,5.65,920.00,100.00
1985-10-26,37324.80,0.00,318.10,0.00,16.90,-0.05,600.00,93.00
1985-10-27,37324.73,0.00,313.83,0.00,17.83,0.64,640.00,86.00
1985-10-28,36979.21,0.00,324.87,0.00,20.10,-0.06,600.00,82.00
1985-10-29,36979.21,0.00,300.89,0.00,8.45,-7.25,356.25,79.00
1985-10-30,36633.62,0.00,272.58,0.00,9.01,-4.33,443.00,77.00
1985-10-31,36633.62,0.00,206.92,0.00,8.97,-0.22,600.53,76.00
1985-11-01,36295.40,0.00,229.39,0.00,13.87,3.00,760.22,74.00
1985-11-02,36287.99,0.00,276.57,0.00,15.91,0.93,640.09,73.00
1985-11-03,36287.99,0.00,131.28,0.00,9.01,3.23,775.80,72.00
1985-11-04,35942.39,13.88,74.07,0.00,8.64,4.39,839.30,112.00
1985-11-05,35942.39,10.54,56.75,0.00,8.10,4.97,874.08,163.00
1985-11-06,35604.21,6.96,75.84,0.00,8.29,4.00,814.17,170.00
1985-11-07,35596.80,1.32,148.81,0.00,8.76,2.33,723.93,148.00
1985-11-08,35596.80,2.00,248.74,0.00,12.06,-0.46,599.67,140.00
1985-11-09,35251.20,0.00,235.06,0.00,11.15,-0.42,600.00,129.00
1985-11-10,35251.20,3.01,194.40,0.00,14.88,1.96,705.64,124.00
1985-11-11,35207.35,10.85,170.83,0.00,12.54,1.26,666.35,156.00
1985-11-12,34905.62,5.69,107.18,0.00,6.56,0.44,630.56,227.00
1985-11-13,34905.62,6.39,155.67,0.00,11.63,1.66,689.34,272.00
1985-11-14,34625.88,8.31,137.03,0.00,12.69,4.09,819.03,284.00
1985-11-15,34559.98,12.43,182.30,0.00,14.18,0.95,647.89,655.00
1985-11-16,34559.98,10.46,142.49,0.00,4.76,-3.81,460.86,652.00
1985-11-17,34280.28,23.78,155.18,0.00,5.86,-3.75,465.44,2180.00
1985-11-18,34214.41,0.00,253.18,0.00,9.79,-4.37,446.26,1060.00
1985-11-19,34214.41,0.00,260.68,0.00,14.41,-2.05,527.95,707.00
1985-11-20,34059.20,0.00,163.32,0.00,16.96,8.89,1151.52,530.00
1985-11-21,33868.82,0.00,266.94,0.00,17.66,-2.11,524.95,407.00
1985-11-22,33868.82,2.88,164.11,0.00,3.86,-5.15,419.79,337.00
1985-11-23,33868.82,3.36,98.22,0.00,2.39,-2.61,507.29,301.00
1985-11-24,33530.62,0.00,229.81,0.00,7.13,-4.89,428.17,262.00
1985-11-25,33523.21,0.00,205.72,0.00,5.88,-4.08,452.67,229.00
1985-11-26,33523.21,11.64,100.44,0.00,1.93,-3.79,464.14,256.00
1985-11-27,33523.14,8.96,126.87,0.00,5.33,-2.15,523.11,578.00
1985-11-28,33185.02,12.99,141.26,0.00,4.20,-4.25,449.47,835.00
1985-11-29,33177.61,3.90,48.99,0.00,0.33,-2.12,524.11,791.00
1985-11-30,33177.61,1.00,86.94,0.00,1.64,-1.73,540.84,728.00
1985-12-01,33177.61,2.88,67.28,0.00,2.86,-0.31,598.50,838.00
1985-12-02,33022.39,7.69,137.98,0.00,7.78,-0.27,600.00,1960.00
1985-12-03,32831.99,0.00,226.14,0.00,1.36,-9.85,289.81,1070.00
1985-12-04,32831.99,0.00,178.58,0.00,-3.01,-10.63,271.72,696.00
1985-12-05,32831.99,0.00,146.54,0.00,-3.10,-9.14,303.50,529.00
1985-12-06,32831.99,1.50,124.55,0.00,-0.69,-5.58,404.48,435.00
1985-12-07,32831.92,0.00,135.46,0.00,-0.10,-5.48,408.90,357.00
1985-12-08,32676.78,0.00,104.33,0.00,-0.15,-4.13,451.31,310.00
1985-12-09,32493.81,0.00,180.08,0.00,3.95,-3.74,467.22,277.00
1985-12-10,32486.40,0.00,130.85,0.00,3.98,-1.28,555.86,254.00
1985-12-11,32486.40,3.64,111.61,0.00,5.58,-0.55,589.30,282.00
1985-12-12,32486.40,4.44,125.46,0.00,6.73,-0.44,593.51,395.00
1985-12-13,32486.40,3.21,94.18,0.00,1.53,-2.84,497.77,320.00
1985-12-14,32486.40,11.07,136.14,0.00,0.49,-6.14,388.83,307.00
1985-12-15,32486.40,0.00,263.00,0.00,-3.03,-16.04,175.41,250.00
1985-12-16,32486.40,0.00,215.41,0.00,-4.17,-12.49,235.19,230.00
1985-12-17,32486.40,0.00,248.07,0.00,-0.95,-12.17,242.31,200.00
1985-12-18,32486.33,0.02,204.71,0.00,-4.79,-12.38,238.04,170.00
1985-12-19,32486.33,0.00,229.71,0.00,-8.54,-17.42,160.61,150.00
1985-12-20,32486.33,0.00,264.35,0.00,-6.86,-19.81,125.59,130.00
1985-12-21,32486.33,1.18,259.00,0.00,-6.70,-18.42,144.08,130.00
1985-12-22,32486.33,0.00,256.85,0.00,-5.93,-17.48,157.50,160.00
1985-12-23,32486.33,3.38,205.13,0.00,-2.78,-14.68,197.27,140.00
1985-12-24,32486.40,0.00,169.84,0.00,1.80,-4.08,446.14,130.00
1985-12-25,32486.40,5.65,204.40,0.00,3.93,-12.11,243.70,110.00
1985-12-26,32486.40,0.00,256.09,0.00,-8.72,-20.15,125.09,100.00
1985-12-27,32486.40,0.00,252.38,0.00,-7.78,-18.87,137.03,110.00
1985-12-28,32486.40,0.00,262.40,0.00,0.74,-12.21,240.85,100.00
1985-12-29,32486.40,0.00,234.91,0.00,-4.04,-13.93,203.55,100.00
1985-12-30,32486.40,0.00,235.06,0.00,-1.91,-12.02,244.44,96.00
1985-12-31,32486.40,0.00,227.36,0.00,-1.83,-11.49,255.62,90.00
1986-01-01,32486.40,0.00,203.39,0.00,2.01,-8.53,318.11,84.00
1986-01-02,32552.27,0.00,148.89,0.00,-0.62,-7.36,357.45,80.00
1986-01-03,32788.14,0.00,155.26,0.00,2.70,-4.43,441.12,84.00
1986-01-04,32831.99,0.00,205.12,0.00,5.33,-5.30,414.26,90.00
1986-01-05,32831.99,1.00,123.11,0.00,-0.33,-5.48,409.47,84.00
1986-01-06,32831.99,0.00,161.91,0.00,-0.92,-7.89,333.40,82.00
1986-01-07,32831.99,0.07,240.24,0.00,-3.06,-15.69,179.89,72.00
1986-01-08,32897.87,0.00,199.45,0.00,-7.68,-16.51,168.28,98.00
1986-01-09,33177.54,0.00,225.04,0.00,-5.33,-16.01,175.35,86.00
1986-01-10,33177.61,0.00,243.10,0.00,1.10,-11.47,257.49,94.00
1986-01-11,33177.61,0.00,226.10,0.00,0.09,-10.60,273.63,92.00
1986-01-12,33177.61,0.00,243.43,0.00,3.07,-9.34,297.95,89.00
1986-01-13,33367.98,0.29,237.92,0.00,6.34,-5.52,409.09,90.00
1986-01-14,33523.21,0.08,268.37,0.00,-2.24,-17.59,157.14,86.00
1986-01-15,33523.21,0.20,239.21,0.00,-9.44,-20.23,121.99,70.00
1986-01-16,33523.21,0.00,257.45,0.00,-7.28,-19.74,127.89,70.00
1986-01-17,33713.60,0.00,247.21,0.00,2.42,-9.18,305.89,72.00
1986-01-18,33868.82,0.00,206.06,0.00,6.22,-2.85,492.01,74.00
1986-01-19,33868.82,5.20,133.44,0.00,9.67,1.96,715.47,90.00
1986-01-20,33876.23,12.21,116.21,0.00,9.44,3.02,761.87,1440.00
1986-01-21,34214.41,10.68,144.52,0.00,5.05,-3.07,488.04,989.00
1986-01-22,34214.41,0.00,224.28,0.00,6.35,-3.65,468.03,629.00
1986-01-23,34214.41,0.00,259.83,0.00,6.66,-6.43,372.71,474.00
1986-01-24,34559.92,0.00,216.25,0.00,-1.20,-10.12,280.00,340.00
1986-01-25,34559.98,1.05,192.67,0.00,-1.95,-9.95,283.52,286.00
1986-01-26,34559.98,10.23,130.51,0.00,0.13,-5.84,395.66,277.00
1986-01-27,34905.62,6.81,170.82,0.00,1.09,-6.87,360.70,255.00
1986-01-28,34905.62,0.12,316.92,0.00,-3.46,-17.20,160.25,200.00
1986-01-29,34905.62,0.00,213.68,0.00,-11.86,-18.80,136.32,180.00
1986-01-30,35251.20,2.56,208.55,0.00,-9.66,-17.74,159.91,180.00
1986-01-31,35251.20,0.00,309.42,0.00,-2.39,-14.47,200.00,160.00
1986-02-01,35317.09,0.00,310.33,0.00,-2.53,-14.70,200.00,140.00
1986-02-02,35596.80,3.81,241.96,0.00,2.10,-11.32,257.08,130.00
1986-02-03,35596.80,0.00,285.30,0.00,3.37,-6.95,361.31,140.00
1986-02-04,35942.39,0.00,225.86,0.00,2.01,-5.38,411.79,140.00
1986-02-05,35942.39,7.34,100.48,0.00,1.66,-2.39,513.26,160.00
1986-02-06,35949.80,0.00,242.60,0.00,1.00,-6.67,369.76,181.00
1986-02-07,36287.99,6.11,187.53,0.00,-5.26,-12.96,226.62,155.00
1986-02-08,36287.99,4.91,151.82,0.00,-6.47,-12.25,238.98,140.00
1986-02-09,36633.62,0.00,232.61,0.00,-2.24,-8.88,310.85,130.00
1986-02-10,36633.62,0.00,203.34,0.00,-1.87,-7.46,355.38,120.00
1986-02-11,36823.99,2.04,288.73,0.00,-2.05,-10.51,279.97,120.00
1986-02-12,36979.21,0.95,308.88,0.00,-5.55,-14.50,200.00,110.00
1986-02-13,36979.21,0.00,367.31,0.00,-5.96,-17.96,159.05,100.00
1986-02-14,37324.80,0.00,365.78,0.00,-5.30,-16.94,161.31,92.00
1986-02-15,37324.80,1.22,301.89,0.00,-5.65,-13.76,202.27,86.00
1986-02-16,37670.39,0.56,366.18,0.00,-2.82,-13.87,202.17,88.00
1986-02-17,37670.39,4.10,247.25,0.00,-2.35,-11.32,260.06,100.00
1986-02-18,38015.92,0.00,238.16,0.00,2.68,-3.13,483.95,110.00
1986-02-19,38015.99,3.34,118.95,0.00,4.67,0.97,640.00,133.00
1986-02-20,38081.87,5.19,134.94,0.00,5.00,0.84,640.00,288.00
1986-02-21,38361.61,3.72,135.99,0.00,3.62,-0.37,599.45,594.00
1986-02-22,38361.61,8.74,309.26,0.00,1.73,-10.86,267.95,637.00
1986-02-23,38707.19,1.56,280.52,0.00,-0.62,-6.94,360.62,472.00
1986-02-24,38707.19,0.00,308.16,0.00,-0.01,-6.98,361.11,372.00
1986-02-25,39052.80,0.00,365.07,0.00,-0.08,-8.99,319.14,313.00
1986-02-26,39052.80,0.00,433.81,0.00,-2.90,-15.69,180.99,245.00
1986-02-27,39398.39,0.00,421.81,0.00,-3.19,-14.62,198.29,222.00
1986-02-28,39398.39,0.00,433.81,0.00,-2.40,-14.62,197.37,190.00
1986-03-01,39744.00,0.00,429.59,0.00,-2.55,-14.28,204.71,176.00
1986-03-02,39744.00,0.00,446.99,0.00,0.23,-12.73,229.85,170.00
1986-03-03,40089.59,0.00,372.15,0.00,-0.28,-8.93,308.50,165.00
1986-03-04,40089.59,0.67,417.29,0.00,4.88,-5.65,402.33,162.00
1986-03-05,40435.20,0.00,302.71,0.00,1.40,-4.90,427.93,153.00
1986-03-06,40435.20,0.00,387.04,0.00,3.32,-5.50,408.77,150.00
1986-03-07,40780.78,1.14,481.87,0.00,1.95,-12.64,239.64,135.00
1986-03-08,40780.78,0.00,418.33,0.00,-8.49,-18.27,146.57,125.00
1986-03-09,41126.39,0.00,453.69,0.00,-3.30,-14.89,194.30,129.00
1986-03-10,41126.39,0.00,466.76,0.00,8.30,-4.90,427.33,143.00
1986-03-11,41472.02,10.14,343.83,0.00,15.36,1.76,697.62,1660.00
1986-03-12,41472.02,0.00,457.41,0.00,6.66,-5.80,401.15,845.00
1986-03-13,41817.59,13.38,283.30,0.00,4.35,-4.49,441.14,734.00
1986-03-14,41817.59,9.22,112.00,0.00,4.24,1.28,662.25,1280.00
1986-03-15,42163.20,33.99,174.95,0.00,7.88,3.06,764.42,6050.00
1986-03-16,42163.20,0.00,438.00,0.00,11.64,0.82,643.45,2560.00
1986-03-17,42508.79,0.00,283.17,0.00,4.51,-1.21,560.85,1390.00
1986-03-18,42508.79,0.00,446.41,0.00,6.60,-3.99,440.95,984.00
1986-03-19,42854.41,4.49,366.00,0.00,11.79,-1.63,545.69,1070.00
1986-03-20,42854.41,6.24,401.87,0.00,18.12,-4.17,440.02,949.00
1986-03-21,43200.02,0.00,522.16,0.00,-0.07,-15.73,177.74,700.00
1986-03-22,43200.02,0.00,504.96,0.00,-0.72,-14.96,191.76,586.00
1986-03-23,43200.02,0.00,503.31,0.00,6.59,-8.19,325.57,515.00
1986-03-24,43545.59,0.00,495.05,0.00,10.50,-3.89,453.36,447.00
1986-03-25,43545.59,0.00,464.90,0.00,9.24,-3.50,479.81,384.00
1986-03-26,43891.20,0.00,490.96,0.00,17.22,1.89,697.36,350.00
1986-03-27,43891.20,1.64,474.75,0.00,20.85,4.95,865.53,332.00
1986-03-28,44236.80,0.00,468.23,0.00,12.46,-1.57,547.47,297.00
1986-03-29,44236.80,0.00,485.59,0.00,16.35,0.43,628.63,270.00
1986-03-30,44582.39,0.00,472.73,0.00,24.74,7.95,1047.43,251.00
1986-03-31,44582.39,0.00,521.21,0.00,27.01,2.68,698.54,232.00
1986-04-01,44928.00,0.00,469.85,0.00,20.20,3.43,787.24,218.00
1986-04-02,44928.00,0.00,497.07,0.00,24.25,3.22,745.33,206.00
1986-04-03,45273.61,0.00,453.31,0.00,14.96,-0.67,586.12,194.00
1986-04-04,45273.61,0.00,405.39,0.00,16.99,3.62,799.72,185.00
1986-04-05,45619.20,5.05,114.89,0.00,9.27,5.12,888.15,190.00
1986-04-06,45619.20,9.00,164.78,0.00,8.02,2.13,711.52,249.00
1986-04-07,45964.79,5.00,134.78,0.00,7.63,2.93,757.04,322.00
1986-04-08,45964.79,0.00,339.63,0.00,14.74,5.02,881.28,267.00
1986-04-09,46310.38,0.00,442.81,0.00,14.25,0.14,617.32,240.00
1986-04-10,46310.38,0.00,257.46,0.00,4.48,-2.09,524.98,232.00
1986-04-11,46655.99,1.79,285.17,0.00,3.54,-3.66,467.26,227.00
1986-04-12,46655.99,1.00,272.18,0.00,3.95,-2.88,495.65,224.00
1986-04-13,47001.60,0.00,426.93,0.00,7.82,-4.55,440.00,208.00
1986-04-14,47001.60,0.00,492.08,0.00,13.23,-3.64,465.16,194.00
1986-04-15,47347.20,1.17,439.45,0.00,16.38,1.55,684.15,187.00
1986-04-16,47347.20,28.98,157.34,0.00,6.59,1.17,663.32,1060.00
1986-04-17,47692.79,26.37,102.22,0.00,5.35,2.08,710.46,2820.00
1986-04-18,47692.79,7.70,287.14,0.00,11.97,1.21,656.44,1710.00
1986-04-19,48038.40,0.00,505.64,0.00,19.44,1.65,692.24,1070.00
1986-04-20,48038.40,0.00,478.44,0.00,22.59,6.49,958.88,798.00
1986-04-21,48318.11,1.40,356.57,0.00,18.43,8.63,1130.12,655.00
1986-04-22,48383.99,5.05,341.38,0.00,12.85,-0.45,592.18,556.00
1986-04-23,48384.06,3.39,206.37,0.00,2.62,-3.92,459.52,467.00
1986-04-24,48729.59,0.00,442.95,0.00,9.34,-2.72,501.69,393.00
1986-04-25,48729.59,0.00,493.15,0.00,17.08,1.84,700.31,347.00
1986-04-26,49075.21,0.00,474.94,0.00,20.08,5.60,920.00,313.00
1986-04-27,49075.21,0.00,461.69,0.00,21.95,8.00,1079.85,283.00
1986-04-28,49420.81,0.00,488.82,0.00,24.50,8.61,1126.76,259.00
1986-04-29,49420.81,0.00,477.19,0.00,24.93,9.82,1221.53,239.00
1986-04-30,49576.01,0.00,507.88,0.00,21.33,5.22,897.55,219.00
1986-05-01,49766.39,0.00,463.07,0.00,20.74,7.57,1045.29,206.00
1986-05-02,49766.39,4.24,426.93,0.00,19.31,1.54,680.64,198.00
1986-05-03,50112.00,0.00,434.28,0.00,8.58,-2.05,527.49,180.00
1986-05-04,50112.00,0.00,492.19,0.00,9.92,-3.20,482.28,167.00
1986-05-05,50450.20,0.00,538.47,0.00,19.51,1.63,683.19,159.00
1986-05-06,50457.60,0.00,518.94,0.00,27.26,9.05,1117.26,152.00
1986-05-07,50457.60,1.29,448.71,0.00,26.47,12.60,1443.70,148.00
1986-05-08,50803.21,0.00,543.55,0.00,26.56,5.62,865.29,137.00
1986-05-09,50803.21,0.00,458.73,0.00,19.11,5.62,914.59,127.00
1986-05-10,51082.91,0.00,500.94,0.00,18.41,2.47,717.56,118.00
1986-05-11,51148.79,0.00,517.35,0.00,21.22,3.50,766.67,111.00
1986-05-12,51148.79,0.00,512.16,0.00,22.01,4.27,802.66,106.00
1986-05-13,51494.41,0.00,483.88,0.00,21.36,5.44,888.77,101.00
1986-05-14,51494.41,0.00,447.13,0.00,21.13,7.24,1019.02,97.00
1986-05-15,51494.41,0.00,300.12,0.00,16.27,8.20,1096.25,94.00
1986-05-16,51839.98,0.00,299.03,0.00,17.93,9.75,1219.91,94.00
1986-05-17,51839.98,4.97,268.16,0.00,23.48,12.81,1468.96,98.00
1986-05-18,51840.05,0.00,424.72,0.00,26.05,12.43,1425.97,92.00
1986-05-19,52185.59,5.99,311.15,0.00,28.42,14.93,1709.28,133.00
1986-05-20,52185.59,13.00,239.20,0.00,24.23,15.00,1719.81,552.00
1986-05-21,52185.59,39.88,226.41,0.00,19.51,11.21,1336.88,1160.00
1986-05-22,52523.80,3.76,174.75,0.00,14.63,9.05,1164.11,784.00
1986-05-23,52531.21,2.86,263.33,0.00,15.32,7.38,1030.41,589.00
1986-05-24,52531.21,0.00,389.44,0.00,17.49,6.76,981.32,453.00
1986-05-25,52686.43,0.00,441.34,0.00,20.72,7.79,1062.99,360.00
1986-05-26,52876.81,0.00,474.57,0.00,23.92,9.02,1160.20,294.00
1986-05-27,52876.81,0.00,453.62,0.00,23.93,10.08,1246.24,251.00
1986-05-28,52876.81,0.00,374.62,0.00,23.04,12.51,1440.42,223.00
1986-05-29,53032.03,0.00,465.03,0.00,26.61,11.93,1390.65,191.00
1986-05-30,53222.40,0.00,465.42,0.00,28.54,13.53,1544.31,167.00
1986-05-31,53222.40,0.00,448.30,0.00,28.29,14.15,1606.81,204.00
1986-06-01,53222.40,15.60,316.74,0.00,27.79,14.98,1717.44,493.00
1986-06-02,53222.47,5.72,412.42,0.00,27.11,5.99,928.63,257.00
1986-06-03,53502.11,0.00,475.39,0.00,14.32,0.55,639.92,203.00
1986-06-04,53567.98,0.00,502.69,0.00,19.31,3.73,799.00,176.00
1986-06-05,53567.98,26.18,352.92,0.00,24.56,9.98,1238.79,1100.00
1986-06-06,53567.98,29.06,170.42,0.00,21.68,15.75,1785.20,2500.00
1986-06-07,53567.98,7.68,142.15,0.00,20.95,16.26,1839.16,1260.00
1986-06-08,53611.84,6.56,204.30,0.00,24.35,17.33,1972.52,865.00
1986-06-09,53847.71,1.29,468.26,0.00,25.29,9.15,1171.89,601.00
1986-06-10,53913.61,0.00,499.27,0.00,21.06,6.63,970.38,446.00
1986-06-11,53913.61,6.11,363.44,0.00,24.87,10.67,1293.50,397.00
1986-06-12,53913.61,24.39,309.52,0.00,27.68,16.27,1845.14,514.00
1986-06-13,53913.61,14.60,250.76,0.00,22.29,14.14,1610.84,636.00
1986-06-14,53913.61,0.00,411.62,0.00,21.25,10.81,1304.52,421.00
1986-06-15,53913.61,0.00,428.39,0.00,24.45,12.96,1482.84,346.00
1986-06-16,53913.61,0.00,386.23,0.00,26.26,16.00,1799.94,317.00
1986-06-17,53913.61,19.88,395.91,0.00,26.41,9.20,1176.25,388.00
1986-06-18,53913.61,0.00,502.88,0.00,18.75,4.65,851.07,278.00
1986-06-19,53913.67,0.00,493.67,0.00,19.77,5.85,922.00,241.00
1986-06-20,53913.67,5.53,348.17,0.00,20.74,7.90,1071.72,241.00
1986-06-21,53913.67,0.00,470.48,0.00,21.22,7.83,1066.49,200.00
1986-06-22,53913.67,0.00,463.01,0.00,22.85,9.41,1192.67,173.00
1986-06-23,53913.67,0.01,445.81,0.00,26.13,12.94,1480.56,157.00
1986-06-24,53913.67,0.15,473.32,0.00,26.60,11.99,1399.23,142.00
1986-06-25,53913.61,0.28,524.45,0.00,23.12,6.03,937.58,129.00
1986-06-26,53913.61,0.00,463.92,0.00,19.54,6.33,948.26,118.00
1986-06-27,53913.61,0.00,505.00,0.00,24.96,8.64,1131.51,111.00
1986-06-28,53913.61,4.13,257.69,0.00,25.46,15.93,1794.46,114.00
1986-06-29,53913.61,1.59,337.21,0.00,26.01,15.99,1799.40,109.00
1986-06-30,53913.61,3.11,391.07,0.00,24.86,9.53,1202.48,99.00
1986-07-01,53913.61,0.00,473.82,0.00,21.65,7.79,1063.10,91.00
1986-07-02,53913.61,20.24,335.42,0.00,23.01,10.34,1267.00,180.00
1986-07-03,53906.19,0.00,332.29,0.00,20.38,11.98,1398.39,162.00
1986-07-04,53723.20,0.00,488.48,0.00,20.55,6.51,961.16,114.00
1986-07-05,53568.05,0.00,482.43,0.00,24.30,10.01,1241.16,98.00
1986-07-06,53567.98,0.00,420.95,0.00,28.33,15.94,1794.95,88.00
1986-07-07,53567.98,0.00,404.77,0.00,30.27,17.98,2076.80,78.00
1986-07-08,53567.98,0.00,451.68,0.00,31.03,16.34,1850.03,70.00
1986-07-09,53567.98,16.83,279.15,0.00,28.27,17.48,1996.05,100.00
1986-07-10,53377.61,12.16,341.12,0.00,23.75,10.37,1269.28,87.00
1986-07-11,53222.40,0.00,431.54,0.00,23.11,10.89,1311.05,67.00
1986-07-12,53222.40,11.37,208.09,0.00,19.37,12.38,1432.81,64.00
1986-07-13,53222.40,3.18,261.63,0.00,23.39,14.04,1604.58,71.00
1986-07-14,53214.98,12.65,274.28,0.00,25.25,15.12,1729.94,126.00
1986-07-15,52876.88,0.00,430.74,0.00,23.56,11.33,1346.61,82.00
1986-07-16,52876.81,0.00,437.50,0.00,25.50,12.64,1452.73,68.00
1986-07-17,52876.81,7.24,161.36,0.00,19.50,14.19,1618.71,70.00
1986-07-18,52869.40,6.74,240.45,0.00,24.59,16.22,1839.69,75.00
1986-07-19,52531.21,6.66,277.18,0.00,28.20,17.97,2064.23,89.00
1986-07-20,52531.21,0.73,354.31,0.00,28.23,18.41,2121.30,77.00
1986-07-21,52531.21,4.63,199.76,0.00,23.63,17.00,1920.04,71.00
1986-07-22,52340.82,0.00,431.08,0.00,23.38,11.84,1386.91,60.00
1986-07-23,52185.59,0.00,467.33,0.00,26.56,12.93,1486.31,51.00
1986-07-24,52185.59,0.00,435.25,0.00,27.07,14.84,1689.64,44.00
1986-07-25,52119.70,0.00,383.91,0.00,27.25,17.08,1944.22,40.00
1986-07-26,51839.98,0.00,318.90,0.00,27.03,18.98,2197.53,39.00
1986-07-27,51839.98,13.88,235.44,0.00,25.50,17.86,2049.61,36.00
1986-07-28,51774.12,0.70,371.90,0.00,25.46,15.57,1769.05,38.00
1986-07-29,51494.41,0.00,393.55,0.00,26.79,16.58,1881.66,45.00
1986-07-30,51494.41,2.78,345.43,0.00,26.39,15.39,1748.84,47.00
1986-07-31,51304.00,4.15,260.86,0.00,23.89,15.60,1772.56,51.00
1986-08-01,51148.79,4.80,289.81,0.00,24.09,14.70,1671.35,72.00
1986-08-02,51148.79,14.94,316.37,0.00,24.46,13.72,1572.96,168.00
1986-08-03,50803.21,3.68,309.23,0.00,24.82,14.60,1656.90,122.00
1986-08-04,50803.21,0.00,493.54,0.00,25.67,11.45,1355.67,82.00
1986-08-05,50795.79,0.00,465.30,0.00,24.07,11.62,1369.21,64.00
1986-08-06,50457.60,0.00,443.58,0.00,25.61,13.85,1588.06,54.00
1986-08-07,50457.60,0.01,376.58,0.00,25.05,15.89,1796.77,54.00
1986-08-08,50112.00,4.12,278.71,0.00,25.34,16.32,1846.83,58.00
1986-08-09,50112.00,5.32,295.28,0.00,25.33,15.63,1770.63,54.00
1986-08-10,50104.59,0.00,469.30,0.00,25.10,12.37,1429.42,50.00
1986-08-11,49766.39,12.28,316.08,0.00,24.18,13.48,1551.61,68.00
1986-08-12,49766.39,0.00,498.55,0.00,22.07,7.83,1066.64,61.00
1986-08-13,49420.81,0.00,500.59,0.00,23.16,8.33,1106.38,47.00
1986-08-14,49420.81,0.00,464.01,0.00,23.43,10.60,1288.13,39.00
1986-08-15,49075.28,0.00,400.45,0.00,24.00,13.74,1579.53,38.00
1986-08-16,49075.21,15.64,269.63,0.00,25.06,15.96,1806.11,85.00
1986-08-17,49067.80,3.47,256.55,0.00,25.04,17.42,1986.20,72.00
1986-08-18,48729.59,0.00,303.84,0.00,24.68,17.24,1958.84,59.00
1986-08-19,48729.59,0.00,399.21,0.00,26.28,15.61,1771.59,48.00
1986-08-20,48383.99,0.00,381.80,0.00,24.91,14.94,1704.67,40.00
1986-08-21,48383.99,0.00,394.15,0.00,24.59,14.20,1619.52,42.00
1986-08-22,48038.40,8.92,232.81,0.00,21.15,13.82,1582.33,47.00
1986-08-23,48038.40,0.00,444.45,0.00,23.23,10.97,1317.48,45.00
1986-08-24,47692.79,30.18,342.27,0.00,21.99,9.09,1167.18,187.00
1986-08-25,47692.79,0.00,455.66,0.00,19.13,6.52,961.69,102.00
1986-08-26,47347.27,0.00,434.39,0.00,21.93,9.77,1221.62,76.00
1986-08-27,47347.20,6.47,357.53,0.00,24.56,10.90,1311.83,65.00
1986-08-28,47156.81,0.00,470.44,0.00,21.50,6.92,993.62,60.00
1986-08-29,47001.60,0.00,472.85,0.00,16.20,2.09,713.86,54.00
1986-08-30,46994.19,0.00,462.70,0.00,17.83,3.81,800.00,48.00
1986-08-31,46655.99,0.00,475.50,0.00,20.75,5.07,885.27,42.00
1986-09-01,46655.99,0.00,455.06,0.00,21.75,7.05,1004.15,39.00
1986-09-02,46310.38,0.00,407.48,0.00,20.96,8.75,1140.09,36.00
1986-09-03,46310.38,0.00,408.59,0.00,23.28,10.71,1296.44,34.00
1986-09-04,45964.79,0.00,357.26,0.00,22.46,12.15,1415.61,33.00
1986-09-05,45964.79,3.26,113.21,0.00,18.47,14.67,1670.29,38.00
1986-09-06,45619.20,4.80,308.64,0.00,21.75,9.06,1164.75,43.00
1986-09-07,45619.20,2.98,341.51,0.00,20.79,7.96,1076.81,39.00
1986-09-08,45273.61,0.00,445.67,0.00,16.99,2.53,733.47,35.00
1986-09-09,45273.61,0.00,451.97,0.00,18.11,2.81,744.50,32.00
1986-09-10,44928.00,0.00,440.93,0.00,20.64,5.38,910.67,30.00
1986-09-11,44928.00,0.00,387.73,0.00,23.27,10.66,1292.72,28.00
1986-09-12,44582.39,2.27,287.75,0.00,25.89,16.08,1822.71,27.00
1986-09-13,44582.39,1.16,442.16,0.00,21.77,5.79,920.48,28.00
1986-09-14,44236.80,0.00,460.07,0.00,22.34,4.02,811.16,27.00
1986-09-15,44236.80,0.00,431.10,0.00,19.87,4.20,821.22,25.00
1986-09-16,43891.20,4.13,310.02,0.00,19.09,4.26,825.96,24.00
1986-09-17,43891.20,0.00,383.06,0.00,15.07,2.24,720.33,24.00
1986-09-18,43545.59,0.00,407.68,0.00,17.50,2.72,737.57,24.00
1986-09-19,43545.59,4.14,187.63,0.00,14.56,6.86,988.64,24.00
1986-09-20,43200.02,0.00,217.57,0.00,18.06,11.30,1343.70,23.00
1986-09-21,43200.02,3.21,184.75,0.00,18.60,11.74,1379.15,23.00
1986-09-22,42854.41,0.00,237.73,0.00,15.66,8.33,1106.70,22.00
1986-09-23,42854.41,11.81,215.38,0.00,18.11,8.91,1152.73,47.00
1986-09-24,42508.79,9.54,213.13,0.00,21.17,11.82,1389.80,58.00
1986-09-25,42508.79,0.00,325.08,0.00,22.94,11.60,1367.62,43.00
1986-09-26,42163.20,18.04,209.66,0.00,21.15,11.93,1394.24,38.00
1986-09-27,42163.20,13.48,219.51,0.00,23.95,13.91,1589.29,60.00
1986-09-28,41817.59,1.39,166.88,0.00,16.71,11.46,1358.58,70.00
1986-09-29,41817.59,0.00,203.62,0.00,18.30,12.14,1415.29,54.00
1986-09-30,41472.02,0.00,238.39,0.00,22.81,15.22,1732.76,47.00
1986-10-01,41472.02,6.86,251.22,0.00,26.29,14.04,1603.42,46.00
1986-10-02,41126.39,6.89,219.19,0.00,21.11,11.59,1369.61,85.00
1986-10-03,41126.39,11.34,268.17,0.00,22.50,9.12,1169.75,87.00
1986-10-04,40780.78,16.65,214.87,0.00,19.58,10.25,1259.71,398.00
1986-10-05,40780.78,2.80,244.79,0.00,20.09,10.50,1280.00,226.00
1986-10-06,40435.20,4.05,276.28,0.00,16.69,3.86,806.74,156.00
1986-10-07,40435.20,0.00,350.09,0.00,12.80,0.34,625.11,123.00
1986-10-08,40089.59,0.00,354.16,0.00,14.62,1.48,678.09,105.00
1986-10-09,40089.59,0.00,371.17,0.00,18.87,3.53,799.84,94.00
1986-10-10,39744.00,2.35,362.30,0.00,16.60,-2.41,517.42,86.00
1986-10-11,39744.00,0.00,357.59,0.00,10.34,-3.48,480.00,79.00
1986-10-12,39405.81,0.00,343.07,0.00,13.02,-0.28,600.00,73.00
1986-10-13,39398.39,2.84,229.47,0.00,14.73,4.72,856.95,72.00
1986-10-14,39243.18,6.82,112.77,0.00,15.26,10.48,1278.49,94.00
1986-10-15,39052.80,1.91,346.64,0.00,15.46,1.55,683.99,110.00
1986-10-16,39052.80,0.00,217.58,0.00,7.97,1.25,668.33,90.00
1986-10-17,38707.19,0.00,212.74,0.00,9.13,2.59,737.91,81.00
1986-10-18,38707.19,1.67,218.20,0.00,8.88,2.18,720.00,75.00
1986-10-19,38361.61,0.00,340.00,0.00,10.73,-2.73,501.55,70.00
1986-10-20,38361.61,0.00,352.30,0.00,13.54,-2.24,520.00,67.00
1986-10-21,38015.99,0.00,347.04,0.00,16.06,-0.24,600.00,64.00
1986-10-22,38015.99,0.00,329.78,0.00,17.56,2.38,720.81,61.00
1986-10-23,37670.39,0.00,309.35,0.00,19.47,5.55,919.98,59.00
1986-10-24,37670.39,0.00,282.35,0.00,15.99,4.24,818.90,57.00
1986-10-25,37390.68,0.00,314.99,0.00,12.51,-1.74,540.51,55.00
1986-10-26,37324.80,6.15,185.74,0.00,9.50,-0.19,603.64,62.00
1986-10-27,37324.73,2.49,94.20,0.00,10.68,6.88,990.69,71.00
1986-10-28,36979.21,4.12,123.04,0.00,14.13,7.86,1068.56,69.00
1986-10-29,36979.21,0.00,284.03,0.00,16.69,3.53,799.84,67.00
1986-10-30,36633.62,0.01,274.26,0.00,17.62,4.76,860.62,63.00
1986-10-31,36633.62,0.00,302.52,0.00,10.02,-4.98,429.04,59.00
1986-11-01,36295.40,0.00,273.60,0.00,9.97,-2.71,501.58,56.00
1986-11-02,36287.99,0.06,211.88,0.00,11.78,2.83,746.73,54.00
1986-11-03,36287.99,3.13,208.34,0.00,7.65,-4.39,440.00,52.00
1986-11-04,35942.39,0.00,235.21,0.00,7.83,-2.56,509.28,50.00
1986-11-05,35942.39,0.00,231.14,0.00,6.72,-3.45,472.28,52.00
1986-11-06,35604.21,14.11,109.76,0.00,3.39,-2.43,513.21,116.00
1986-11-07,35596.80,0.00,177.92,0.00,7.87,0.51,640.00,148.00
1986-11-08,35596.80,12.89,134.15,0.00,9.73,2.34,722.64,335.00
1986-11-09,35251.20,26.25,118.15,0.00,13.21,6.81,984.41,822.00
1986-11-10,35251.20,0.00,272.82,0.00,12.43,-1.61,545.93,561.00
1986-11-11,35207.35,6.08,159.05,0.00,4.65,-4.20,441.61,453.00
1986-11-12,34905.62,6.86,81.77,0.00,0.70,-3.31,479.57,396.00
1986-11-13,34905.62,0.00,212.13,0.00,3.76,-5.21,423.46,356.00
1986-11-14,34625.88,0.00,219.77,0.00,-2.15,-11.40,249.95,276.00
1986-11-15,34559.98,0.00,229.80,0.00,0.71,-9.52,281.04,242.00
1986-11-16,34559.98,0.00,133.69,0.00,1.02,-4.28,444.90,225.00
1986-11-17,34280.28,0.00,125.05,0.00,5.26,0.23,619.54,225.00
1986-11-18,34214.41,0.00,166.52,0.00,6.07,-0.83,573.34,251.00
1986-11-19,34214.41,20.76,135.94,0.00,2.05,-5.39,409.83,310.00
1986-11-20,34059.20,0.00,237.43,0.00,-1.47,-12.28,241.07,277.00
1986-11-21,33868.82,11.27,189.34,0.00,2.15,-8.01,332.24,723.00
1986-11-22,33868.82,0.00,192.25,0.00,1.20,-5.59,403.64,541.00
1986-11-23,33868.82,0.00,239.91,0.00,4.33,-5.06,433.08,476.00
1986-11-24,33530.62,1.26,196.82,0.00,6.33,-1.23,560.35,627.00
1986-11-25,33523.21,0.00,256.16,0.00,7.65,-3.22,480.00,600.00
1986-11-26,33523.21,10.70,187.66,0.00,9.28,-1.73,543.42,1780.00
1986-11-27,33523.14,24.83,146.54,0.00,7.85,0.12,612.66,2450.00
1986-11-28,33185.02,0.00,233.91,0.00,7.15,-3.02,480.00,1420.00
1986-11-29,33177.61,0.00,222.93,0.00,6.71,-2.98,481.33,990.00
1986-11-30,33177.61,0.00,186.50,0.00,4.24,-3.36,478.98,733.00
1986-12-01,33177.61,0.00,248.75,0.00,1.36,-10.99,266.16,563.00
1986-12-02,33022.39,0.00,239.40,0.00,1.09,-10.46,277.01,529.00
1986-12-03,32831.99,18.38,156.31,0.00,6.54,-2.88,495.66,1780.00
1986-12-04,32831.99,0.00,190.22,0.00,6.18,-2.07,526.59,1130.00
1986-12-05,32831.99,0.00,160.14,0.00,1.34,-5.04,425.35,830.00
1986-12-06,32831.99,0.00,186.17,0.00,0.47,-7.42,349.28,656.00
1986-12-07,32831.92,0.00,202.80,0.00,2.71,-6.43,378.16,551.00
1986-12-08,32676.78,0.00,148.50,0.00,4.87,-1.29,557.38,472.00
1986-12-09,32493.81,4.70,75.09,0.00,1.86,-2.08,525.49,526.00
1986-12-10,32486.40,4.74,114.87,0.00,6.33,-0.04,600.00,666.00
1986-12-11,32486.40,0.00,226.94,0.00,4.59,-7.70,341.94,511.00
1986-12-12,32486.40,0.00,124.27,0.00,-2.80,-7.74,340.49,455.00
1986-12-13,32486.40,0.00,184.95,0.00,-1.90,-10.10,280.00,385.00
1986-12-14,32486.40,0.00,213.69,0.00,-3.53,-13.96,200.00,299.00
1986-12-15,32486.40,0.00,219.13,0.00,0.07,-11.20,261.06,313.00
1986-12-16,32486.40,0.00,157.43,0.00,3.92,-2.85,497.67,291.00
1986-12-17,32486.40,0.00,122.30,0.00,2.98,-2.10,523.21,265.00
1986-12-18,32486.33,10.18,84.25,0.00,3.34,-1.23,559.00,425.00
1986-12-19,32486.33,9.09,70.95,0.00,2.23,-1.51,549.90,446.00
1986-12-20,32486.33,0.00,95.38,0.00,1.22,-2.45,511.85,348.00
1986-12-21,32486.33,0.00,114.01,0.00,-0.37,-4.77,439.94,300.00
1986-12-22,32486.33,0.00,210.54,0.00,1.04,-9.00,319.65,253.00
1986-12-23,32486.33,0.00,208.13,0.00,1.37,-8.56,320.00,232.00
1986-12-24,32486.40,0.00,208.89,0.00,3.49,-6.57,364.03,252.00
1986-12-25,32486.40,18.03,129.06,0.00,3.31,-3.96,456.57,1450.00
1986-12-26,32486.40,0.00,154.37,0.00,4.28,-1.94,532.50,965.00
1986-12-27,32486.40,0.00,54.83,0.00,-0.04,-1.90,535.55,733.00
1986-12-28,32486.40,0.00,80.47,0.00,-0.03,-2.86,491.57,601.00
1986-12-29,32486.40,0.00,138.65,0.00,0.14,-4.92,432.02,500.00
1986-12-30,32486.40,0.00,186.22,0.00,1.95,-5.45,412.32,430.00
1986-12-31,32486.40,0.00,118.69,0.00,-0.39,-4.52,440.00,368.00
1987-01-01,32486.40,0.00,204.17,0.00,-0.51,-8.66,314.38,320.00
1987-01-02,32552.27,9.57,112.41,0.00,-1.61,-7.06,357.97,310.00
1987-01-03,32788.14,15.85,83.07,0.00,-1.78,-5.70,397.60,285.00
1987-01-04,32831.99,0.00,268.81,0.00,1.18,-12.24,240.00,235.00
1987-01-05,32831.99,0.00,272.27,0.00,-1.44,-15.01,200.00,212.00
1987-01-06,32831.99,0.00,259.61,0.00,0.03,-11.76,240.00,210.00
1987-01-07,32831.99,0.00,257.86,0.00,0.67,-10.87,268.02,207.00
1987-01-08,32897.87,0.00,223.03,0.00,2.43,-6.39,379.78,193.00
1987-01-09,33177.54,0.00,120.73,0.00,-1.14,-5.24,417.22,179.00
1987-01-10,33177.61,2.72,73.99,0.00,-1.40,-4.39,443.46,175.00
1987-01-11,33177.61,1.42,102.17,0.00,-0.24,-3.64,468.10,173.00
1987-01-12,33177.61,0.00,102.63,0.00,-1.42,-4.79,430.56,164.00
1987-01-13,33367.98,0.00,113.66,0.00,-0.28,-4.09,450.39,157.00
1987-01-14,33523.21,0.00,244.98,0.00,2.97,-6.75,361.94,147.00
1987-01-15,33523.21,0.00,265.93,0.00,8.23,-3.37,480.44,175.00
1987-01-16,33523.21,0.00,240.97,0.00,6.51,-2.93,485.89,273.00
1987-01-17,33713.60,0.00,267.81,0.00,-1.84,-12.73,233.97,186.00
1987-01-18,33868.82,0.00,230.12,0.00,-4.31,-12.53,234.80,189.00
1987-01-19,33868.82,0.00,145.24,0.00,-1.35,-6.03,390.75,199.00
1987-01-20,33876.23,16.32,102.26,0.00,-2.62,-6.87,361.79,188.00
1987-01-21,34214.41,0.00,182.78,0.00,-3.17,-9.05,316.26,172.00
1987-01-22,34214.41,0.00,267.25,0.00,-2.57,-12.21,240.92,167.00
1987-01-23,34214.41,18.62,138.15,0.00,-5.19,-10.87,280.00,158.00
1987-01-24,34559.92,0.00,329.34,0.00,-5.14,-19.90,120.00,150.00
1987-01-25,34559.98,0.00,283.68,0.00,-12.71,-22.54,116.57,146.00
1987-01-26,34559.98,0.00,320.96,0.00,-8.45,-21.06,120.00,142.00
1987-01-27,34905.62,0.00,329.58,0.00,-8.47,-21.82,120.00,138.00
1987-01-28,34905.62,0.00,349.55,0.00,-5.32,-21.82,120.00,136.00
1987-01-29,34905.62,0.00,337.45,0.00,-4.49,-18.18,160.00,135.00
1987-01-30,35251.20,0.00,292.94,0.00,0.13,-9.65,292.87,130.00
1987-01-31,35251.20,1.00,210.95,0.00,-0.08,-6.12,388.16,124.00
1987-02-01,35317.09,0.00,200.97,0.00,-3.83,-9.41,298.84,110.00
1987-02-02,35596.80,0.00,303.46,0.00,1.36,-8.64,315.62,100.00
1987-02-03,35596.80,0.00,309.44,0.00,6.39,-3.98,441.83,110.00
1987-02-04,35942.39,0.00,218.22,0.00,3.44,-2.60,512.23,106.00
1987-02-05,35942.39,0.00,356.58,0.00,1.33,-11.88,247.12,90.00
1987-02-06,35949.80,0.00,345.73,0.00,0.58,-11.25,261.20,80.00
1987-02-07,36287.99,0.00,369.58,0.00,4.73,-9.77,283.05,88.00
1987-02-08,36287.99,0.00,316.61,0.00,2.55,-7.34,360.00,86.00
1987-02-09,36633.62,0.99,365.66,0.00,0.89,-12.56,233.56,79.00
1987-02-10,36633.62,0.00,282.91,0.00,-6.99,-15.16,190.89,67.00
1987-02-11,36823.99,0.00,321.64,0.00,-0.70,-10.85,271.15,65.00
1987-02-12,36979.21,0.00,338.77,0.00,2.49,-8.74,315.73,81.00
1987-02-13,36979.21,6.04,246.44,0.00,-2.17,-12.45,236.67,70.00
1987-02-14,37324.80,0.00,362.60,0.00,-3.24,-15.24,198.27,59.00
1987-02-15,37324.80,0.00,412.47,0.00,-4.96,-22.14,111.30,53.00
1987-02-16,37670.39,0.00,380.06,0.00,-10.45,-23.32,90.59,50.00
1987-02-17,37670.39,0.00,399.06,0.00,-5.71,-20.25,124.79,48.00
1987-02-18,38015.92,0.00,387.47,0.00,-1.84,-15.50,183.53,59.00
1987-02-19,38015.99,0.00,344.87,0.00,-1.34,-12.41,240.00,56.00
1987-02-20,38081.87,0.00,355.28,0.00,-0.87,-12.48,240.00,49.00
1987-02-21,38361.61,0.00,377.11,0.00,0.37,-12.48,240.00,45.00
1987-02-22,38361.61,0.00,406.62,0.00,3.30,-11.87,240.34,52.00
1987-02-23,38707.19,6.06,302.36,0.00,6.00,-8.74,311.57,60.00
1987-02-24,38707.19,2.01,285.81,0.00,1.31,-7.03,357.08,58.00
1987-02-25,39052.80,0.00,402.30,0.00,2.66,-11.04,271.64,49.00
1987-02-26,39052.80,0.00,398.66,0.00,0.52,-12.61,237.18,47.00
1987-02-27,39398.39,0.00,402.53,0.00,1.69,-11.35,254.46,50.00
1987-02-28,39398.39,0.00,376.69,0.00,2.58,-8.81,311.11,54.00
1987-03-01,39744.00,7.98,224.01,0.00,4.88,-3.37,478.58,200.00
1987-03-02,39744.00,7.68,186.62,0.00,6.87,0.18,618.62,727.00
1987-03-03,40089.59,0.89,151.38,0.00,0.75,-3.14,478.85,458.00
1987-03-04,40089.59,0.01,386.70,0.00,0.91,-10.31,278.92,344.00
1987-03-05,40435.20,0.00,366.82,0.00,-1.12,-11.28,260.77,289.00
1987-03-06,40435.20,0.00,421.83,0.00,2.92,-10.02,284.73,280.00
1987-03-07,40780.78,0.00,463.59,0.00,12.36,-4.23,439.89,533.00
1987-03-08,40780.78,0.00,457.45,0.00,17.46,0.84,628.20,1100.00
1987-03-09,41126.39,0.00,491.26,0.00,19.83,-1.00,528.48,1450.00
1987-03-10,41126.39,0.00,484.94,0.00,1.09,-16.29,170.68,916.00
1987-03-11,41472.02,0.00,427.95,0.00,-4.25,-17.06,163.37,657.00
1987-03-12,41472.02,0.00,477.18,0.00,1.99,-14.28,204.92,539.00
1987-03-13,41817.59,0.00,384.28,0.00,5.29,-5.82,394.94,446.00
1987-03-14,41817.59,0.00,427.46,0.00,2.62,-10.22,280.66,364.00
1987-03-15,42163.20,0.00,353.16,0.00,1.83,-7.86,330.38,311.00
1987-03-16,42163.20,0.00,463.78,0.00,4.72,-9.89,286.46,271.00
1987-03-17,42508.79,0.00,403.53,0.00,3.69,-7.61,345.83,240.00
1987-03-18,42508.79,0.00,471.30,0.00,7.46,-7.21,348.21,222.00
1987-03-19,42854.41,0.00,509.88,0.00,9.86,-7.64,319.54,215.00
1987-03-20,42854.41,0.00,480.97,0.00,9.34,-5.76,375.62,215.00
1987-03-21,43200.02,0.00,496.42,0.00,11.10,-5.10,376.31,211.00
1987-03-22,43200.02,0.00,291.68,0.00,6.57,-0.91,574.16,204.00
1987-03-23,43200.02,0.00,466.36,0.00,11.01,-3.00,447.52,215.00
1987-03-24,43545.59,0.00,508.69,0.00,14.75,-2.00,446.71,236.00
1987-03-25,43545.59,0.00,522.04,0.00,18.58,0.48,502.05,283.00
1987-03-26,43891.20,13.49,302.90,0.00,14.85,3.32,780.09,547.00
1987-03-27,43891.20,0.00,385.76,0.00,10.79,0.34,617.47,414.00
1987-03-28,44236.80,0.00,426.27,0.00,14.68,2.58,683.95,363.00
1987-03-29,44236.80,0.00,500.95,0.00,17.29,1.29,571.17,323.00
1987-03-30,44582.39,0.00,500.24,0.00,20.68,4.27,654.81,345.00
1987-03-31,44582.39,10.05,213.36,0.00,13.80,6.26,940.61,906.00
1987-04-01,44928.00,18.02,417.06,0.00,12.12,-8.12,325.33,922.00
1987-04-02,44928.00,4.21,264.72,0.00,3.66,-5.04,423.56,736.00
1987-04-03,45273.61,3.96,198.47,0.00,3.47,-2.87,496.73,642.00
1987-04-04,45273.61,22.64,207.19,0.00,4.63,-2.22,520.74,1970.00
1987-04-05,45619.20,25.28,269.47,0.00,9.40,0.14,617.58,1930.00
1987-04-06,45619.20,5.12,253.81,0.00,9.63,1.19,664.65,1560.00
1987-04-07,45964.79,16.65,96.17,0.00,7.22,4.47,839.08,1700.00
1987-04-08,45964.79,0.00,392.36,0.00,9.27,-0.24,600.90,1190.00
1987-04-09,46310.38,0.00,416.47,0.00,11.84,1.61,690.03,896.00
1987-04-10,46310.38,0.00,520.08,0.00,15.38,0.48,629.07,692.00
1987-04-11,46655.99,0.00,564.25,0.00,20.28,1.34,633.23,559.00
1987-04-12,46655.99,5.12,415.44,0.00,20.08,1.34,672.98,567.00
1987-04-13,47001.60,11.90,255.34,0.00,10.77,2.61,739.75,662.00
1987-04-14,47001.60,0.00,458.92,0.00,15.22,2.58,729.20,516.00
1987-04-15,47347.20,0.00,476.10,0.00,18.73,4.71,856.53,446.00
1987-04-16,47347.20,0.00,340.98,0.00,13.79,5.26,892.81,400.00
1987-04-17,47692.79,2.52,274.99,0.00,13.16,5.61,907.29,395.00
1987-04-18,47692.79,3.94,219.25,0.00,13.17,6.27,954.23,391.00
1987-04-19,48038.40,0.00,410.71,0.00,18.55,7.86,1068.19,329.00
1987-04-20,48038.40,0.00,484.57,0.00,22.08,7.63,1036.73,286.00
1987-04-21,48318.11,0.00,490.92,0.00,24.52,8.93,1090.03,257.00
1987-04-22,48383.99,0.00,543.88,0.00,26.29,4.88,792.74,233.00
1987-04-23,48384.06,0.00,445.19,0.00,17.88,5.47,901.48,211.00
1987-04-24,48729.59,6.27,122.40,0.00,11.28,7.65,1052.11,247.00
1987-04-25,48729.59,9.62,292.72,0.00,10.75,1.26,666.69,284.00
1987-04-26,49075.21,0.00,507.65,0.00,13.83,-1.14,556.76,223.00
1987-04-27,49075.21,0.00,518.81,0.00,15.92,-0.17,588.17,202.00
1987-04-28,49420.81,1.78,486.99,0.00,15.51,0.05,602.09,198.00
1987-04-29,49420.81,4.46,336.14,0.00,11.02,-0.56,588.47,199.00
1987-04-30,49576.01,0.00,525.50,0.00,17.83,1.07,636.13,181.00
1987-05-01,49766.39,0.00,499.22,0.00,10.99,-2.92,491.65,164.00
1987-05-02,49766.39,0.00,522.87,0.00,15.44,-0.62,572.10,151.00
1987-05-03,50112.00,0.00,480.58,0.00,15.77,2.04,706.20,175.00
1987-05-04,50112.00,19.94,209.78,0.00,7.97,1.46,677.27,367.00
1987-05-05,50450.20,0.00,466.51,0.00,13.01,0.22,621.34,237.00
1987-05-06,50457.60,0.00,475.23,0.00,16.07,2.50,730.26,213.00
1987-05-07,50457.60,0.00,526.77,0.00,21.55,3.53,761.47,201.00
1987-05-08,50803.21,0.00,530.79,0.00,18.34,0.29,608.73,187.00
1987-05-09,50803.21,0.00,524.50,0.00,18.71,0.91,634.70,171.00
1987-05-10,51082.91,0.00,511.12,0.00,24.11,6.38,916.21,157.00
1987-05-11,51148.79,0.00,476.16,0.00,26.22,10.50,1224.30,142.00
1987-05-12,51148.79,3.37,390.86,0.00,27.25,9.80,1209.86,132.00
1987-05-13,51494.41,1.69,496.41,0.00,17.58,0.18,609.72,121.00
1987-05-14,51494.41,0.00,504.53,0.00,19.26,2.71,732.47,107.00
1987-05-15,51494.41,6.47,344.68,0.00,21.76,7.30,1024.09,105.00
1987-05-16,51839.98,0.00,516.13,0.00,18.95,1.45,663.67,97.00
1987-05-17,51839.98,0.00,518.08,0.00,22.51,4.03,784.89,86.00
1987-05-18,51840.05,0.00,494.04,0.00,28.15,10.02,1170.53,78.00
1987-05-19,52185.59,10.18,334.13,0.00,23.77,8.91,1152.58,82.00
1987-05-20,52185.59,5.65,199.29,0.00,11.10,3.84,805.04,137.00
1987-05-21,52185.59,1.37,223.83,0.00,10.83,4.87,868.66,115.00
1987-05-22,52523.80,0.00,272.12,0.00,17.59,10.21,1256.88,96.00
1987-05-23,52531.21,3.63,292.95,0.00,23.44,11.81,1386.88,91.00
1987-05-24,52531.21,0.89,456.29,0.00,27.00,10.93,1293.81,78.00
1987-05-25,52686.43,0.00,391.99,0.00,18.91,7.40,1032.48,69.00
1987-05-26,52876.81,0.00,341.82,0.00,18.54,8.90,1151.95,65.00
1987-05-27,52876.81,0.17,180.36,0.00,15.99,11.31,1345.74,65.00
1987-05-28,52876.81,0.00,327.77,0.00,20.37,11.38,1352.40,65.00
1987-05-29,53032.03,0.00,447.82,0.00,29.02,14.42,1605.40,58.00
1987-05-30,53222.40,0.00,432.10,0.00,29.86,15.91,1767.16,62.00
1987-05-31,53222.40,2.12,416.33,0.00,31.01,15.93,1747.44,84.00
1987-06-01,53222.40,3.50,310.07,0.00,25.57,14.71,1670.82,75.00
1987-06-02,53222.47,26.29,327.12,0.00,27.88,14.17,1616.76,111.00
1987-06-03,53502.11,0.00,397.69,0.00,26.19,14.23,1622.91,103.00
1987-06-04,53567.98,12.86,135.96,0.00,19.83,15.09,1726.95,151.00
1987-06-05,53567.98,2.35,407.35,0.00,21.28,7.06,1003.78,139.00
1987-06-06,53567.98,0.00,482.96,0.00,22.69,7.80,1059.39,99.00
1987-06-07,53567.98,3.00,319.35,0.00,19.68,8.29,1103.19,88.00
1987-06-08,53611.84,3.49,354.68,0.00,23.75,9.46,1196.96,86.00
1987-06-09,53847.71,5.66,318.47,0.00,25.81,13.51,1560.65,84.00
1987-06-10,53913.61,0.00,488.63,0.00,20.44,6.10,939.00,74.00
1987-06-11,53913.61,0.00,527.40,0.00,19.62,3.18,765.91,62.00
1987-06-12,53913.61,6.28,372.63,0.00,21.93,6.98,1000.79,64.00
1987-06-13,53913.61,4.49,277.46,0.00,22.17,12.52,1449.96,80.00
1987-06-14,53913.61,8.21,344.52,0.00,26.25,12.72,1465.17,67.00
1987-06-15,53913.61,0.00,441.29,0.00,27.60,14.78,1682.76,57.00
1987-06-16,53913.61,0.00,526.01,0.00,28.69,10.91,1298.12,47.00
1987-06-17,53913.61,0.00,530.64,0.00,27.94,10.01,1226.53,40.00
1987-06-18,53913.61,0.00,514.21,0.00,23.51,7.75,1056.90,34.00
1987-06-19,53913.67,0.00,513.79,0.00,27.54,10.65,1283.96,30.00
1987-06-20,53913.67,0.00,467.85,0.00,29.71,14.77,1683.23,27.00
1987-06-21,53913.67,12.70,299.40,0.00,27.20,15.56,1765.93,26.00
1987-06-22,53913.67,22.59,225.36,0.00,24.15,16.12,1831.27,35.00
1987-06-23,53913.67,15.87,222.53,0.00,25.40,17.51,2002.01,50.00
1987-06-24,53913.67,7.36,305.81,0.00,23.13,12.14,1414.54,45.00
1987-06-25,53913.61,0.00,470.85,0.00,27.19,12.69,1462.60,36.00
1987-06-26,53913.61,0.00,468.47,0.00,29.01,13.93,1590.41,30.00
1987-06-27,53913.61,4.25,171.84,0.00,19.63,13.78,1579.05,30.00
1987-06-28,53913.61,1.00,508.82,0.00,23.84,7.56,1045.47,28.00
1987-06-29,53913.61,0.00,445.51,0.00,22.21,9.42,1193.95,25.00
1987-06-30,53913.61,4.22,303.90,0.00,26.33,14.64,1670.38,25.00
1987-07-01,53913.61,6.92,195.23,0.00,24.28,17.39,1984.02,27.00
1987-07-02,53913.61,17.68,205.90,0.00,21.64,14.68,1674.36,127.00
1987-07-03,53906.19,28.51,205.00,0.00,21.83,14.97,1704.91,393.00
1987-07-04,53723.20,0.00,321.44,0.00,25.31,16.71,1896.50,189.00
1987-07-05,53568.05,0.00,483.84,0.00,25.91,11.13,1330.60,126.00
1987-07-06,53567.98,0.00,432.10,0.00,25.50,13.25,1520.45,98.00
1987-07-07,53567.98,3.87,216.54,0.00,24.11,16.68,1890.09,111.00
1987-07-08,53567.98,15.78,265.69,0.00,26.55,17.05,1940.78,304.00
1987-07-09,53567.98,4.39,330.22,0.00,28.12,18.29,2099.06,213.00
1987-07-10,53377.61,0.55,398.50,0.00,28.37,17.20,1960.36,290.00
1987-07-11,53222.40,3.67,342.25,0.00,27.33,16.33,1856.35,205.00
1987-07-12,53222.40,8.28,341.13,0.00,30.26,16.57,1883.88,183.00
1987-07-13,53222.40,0.00,432.86,0.00,29.81,17.19,1959.67,147.00
1987-07-14,53214.98,1.17,385.31,0.00,30.00,17.95,2071.79,133.00
1987-07-15,52876.88,2.31,464.07,0.00,23.68,8.68,1134.69,122.00
1987-07-16,52876.81,0.00,459.60,0.00,19.88,7.74,1059.53,99.00
1987-07-17,52876.81,0.00,506.75,0.00,21.91,7.28,1022.02,81.00
1987-07-18,52869.40,0.00,516.25,0.00,25.48,9.49,1199.19,66.00
1987-07-19,52531.21,0.00,485.94,0.00,28.51,13.72,1569.10,54.00
1987-07-20,52531.21,0.00,451.51,0.00,29.78,16.50,1872.32,44.00
1987-07-21,52531.21,4.55,334.94,0.00,30.90,17.63,2019.76,38.00
1987-07-22,52340.82,0.00,475.69,0.00,31.84,16.46,1868.73,32.00
1987-07-23,52185.59,0.00,473.00,0.00,30.69,15.57,1765.80,36.00
1987-07-24,52185.59,0.00,452.87,0.00,31.35,17.02,1936.95,41.00
1987-07-25,52119.70,0.00,428.51,0.00,30.48,17.53,2004.94,33.00
1987-07-26,51839.98,0.71,357.36,0.00,28.36,18.33,2105.27,70.00
1987-07-27,51839.98,15.14,341.60,0.00,26.33,12.78,1468.96,102.00
1987-07-28,51774.12,0.00,488.97,0.00,25.52,10.40,1272.09,60.00
1987-07-29,51494.41,0.00,510.25,0.00,24.94,8.43,1114.10,38.00
1987-07-30,51494.41,0.00,482.00,0.00,25.14,10.22,1257.97,27.00
1987-07-31,51304.00,0.09,368.75,0.00,25.08,14.80,1688.79,22.00
1987-08-01,51148.79,0.00,436.05,0.00,25.20,12.21,1418.41,19.00
1987-08-02,51148.79,1.28,426.42,0.00,26.53,12.81,1476.29,16.00
1987-08-03,50803.21,1.82,222.50,0.00,23.83,17.57,2011.18,18.00
1987-08-04,50803.21,0.00,435.63,0.00,27.76,14.18,1618.59,16.00
1987-08-05,50795.79,0.00,461.62,0.00,30.95,15.11,1719.13,14.00
1987-08-06,50457.60,4.80,166.47,0.00,19.91,14.13,1613.05,14.00
1987-08-07,50457.60,0.00,373.94,0.00,24.97,14.15,1613.37,13.00
1987-08-08,50112.00,0.00,340.31,0.00,25.33,15.57,1763.43,12.00
1987-08-09,50112.00,0.00,414.36,0.00,27.41,14.53,1658.00,12.00
1987-08-10,50104.59,11.56,152.40,0.00,20.51,15.18,1732.17,19.00
1987-08-11,49766.39,0.00,359.23,0.00,21.33,11.41,1352.61,19.00
1987-08-12,49766.39,0.00,501.39,0.00,23.88,6.76,981.30,14.00
1987-08-13,49420.81,0.00,496.54,0.00,25.81,8.34,1107.25,11.00
1987-08-14,49420.81,0.00,429.49,0.00,25.73,12.21,1416.69,9.10
1987-08-15,49075.28,0.00,442.90,0.00,27.17,12.57,1445.33,7.90
1987-08-16,49075.21,0.00,426.53,0.00,28.96,14.81,1690.03,6.80
1987-08-17,49067.80,0.00,406.29,0.00,30.84,17.28,1964.69,6.00
1987-08-18,48729.59,0.00,433.04,0.00,32.32,16.98,1918.34,5.60
1987-08-19,48729.59,0.00,453.50,0.00,27.85,12.26,1422.09,5.40
1987-08-20,48383.99,0.00,483.32,0.00,29.71,11.28,1342.75,5.60
1987-08-21,48383.99,0.00,475.44,0.00,24.63,7.91,1072.50,5.30
1987-08-22,48038.40,6.99,342.54,0.00,26.61,10.52,1281.52,8.00
1987-08-23,48038.40,0.00,443.08,0.00,24.09,9.26,1181.11,11.00
1987-08-24,47692.79,0.00,440.61,0.00,19.96,5.72,917.70,12.00
1987-08-25,47692.79,0.00,461.27,0.00,19.41,3.80,800.71,12.00
1987-08-26,47347.27,0.00,464.44,0.00,21.09,4.84,863.22,12.00
1987-08-27,47347.20,30.48,293.14,0.00,20.48,8.14,1091.00,148.00
1987-08-28,47156.81,14.11,129.44,0.00,16.88,12.18,1417.16,158.00
1987-08-29,47001.60,9.68,88.38,0.00,15.96,12.98,1478.21,158.00
1987-08-30,46994.19,0.00,408.63,0.00,19.14,6.55,968.32,110.00
1987-08-31,46655.99,0.00,435.51,0.00,22.16,7.67,1053.92,82.00
1987-09-01,46655.99,0.00,428.43,0.00,23.27,8.88,1150.51,67.00
1987-09-02,46310.38,0.00,368.01,0.00,18.12,6.96,996.99,53.00
1987-09-03,46310.38,0.85,377.28,0.00,16.30,4.78,861.74,44.00
1987-09-04,45964.79,0.00,449.15,0.00,18.59,3.18,769.89,36.00
1987-09-05,45964.79,0.00,459.48,0.00,21.70,4.51,844.19,29.00
1987-09-06,45619.20,3.33,266.10,0.00,20.47,9.08,1166.70,29.00
1987-09-07,45619.20,4.29,144.30,0.00,17.20,11.62,1372.64,31.00
1987-09-08,45273.61,4.61,137.69,0.00,20.75,15.32,1740.58,35.00
1987-09-09,45273.61,6.64,111.91,0.00,20.68,16.26,1843.48,36.00
1987-09-10,44928.00,0.00,371.47,0.00,24.29,11.66,1373.54,34.00
1987-09-11,44928.00,0.00,405.13,0.00,22.53,8.33,1106.42,29.00
1987-09-12,44582.39,11.17,282.63,0.00,23.54,10.61,1289.77,113.00
1987-09-13,44582.39,15.16,95.61,0.00,19.64,16.00,1814.31,481.00
1987-09-14,44236.80,11.52,253.53,0.00,22.84,11.99,1399.41,418.00
1987-09-15,44236.80,0.00,435.61,0.00,21.55,5.23,890.37,243.00
1987-09-16,43891.20,1.26,405.13,0.00,20.47,6.18,950.93,194.00
1987-09-17,43891.20,8.65,280.80,0.00,22.67,9.82,1225.60,329.00
1987-09-18,43545.59,9.73,220.61,0.00,22.91,13.63,1561.85,660.00
1987-09-19,43545.59,8.15,211.29,0.00,18.64,10.30,1263.93,711.00
1987-09-20,43200.02,3.93,85.02,0.00,12.62,9.77,1221.53,661.00
1987-09-21,43200.02,1.61,165.43,0.00,14.63,10.11,1249.10,514.00
1987-09-22,42854.41,0.04,405.42,0.00,19.77,6.05,940.75,423.00
1987-09-23,42854.41,2.42,315.74,0.00,16.43,6.08,941.60,399.00
1987-09-24,42508.79,0.00,324.94,0.00,17.75,8.33,1106.29,322.00
1987-09-25,42508.79,2.17,375.64,0.00,16.98,2.12,711.77,281.00
1987-09-26,42163.20,0.00,413.17,0.00,15.49,1.30,670.21,242.00
1987-09-27,42163.20,0.00,415.34,0.00,19.10,3.47,785.62,212.00
1987-09-28,41817.59,0.00,409.34,0.00,23.24,6.52,961.74,190.00
1987-09-29,41817.59,0.00,406.75,0.00,25.46,7.89,1071.36,170.00
1987-09-30,41472.02,16.38,262.43,0.00,23.46,10.66,1292.66,267.00
1987-10-01,41472.02,2.84,295.28,0.00,18.42,5.76,921.52,237.00
1987-10-02,41126.39,3.56,249.76,0.00,14.05,3.58,796.08,190.00
1987-10-03,41126.39,8.22,263.65,0.00,17.57,5.01,880.47,206.00
1987-10-04,40780.78,0.00,287.19,0.00,7.97,-0.79,578.97,186.00
1987-10-05,40780.78,0.00,370.47,0.00,12.14,-1.13,566.41,164.00
1987-10-06,40435.20,0.00,397.70,0.00,18.42,1.22,660.90,150.00
1987-10-07,40435.20,16.56,251.64,0.00,17.35,5.00,880.05,375.00
1987-10-08,40089.59,5.95,189.40,0.00,10.13,2.10,716.21,340.00
1987-10-09,40089.59,0.00,312.98,0.00,8.85,-2.13,523.89,279.00
1987-10-10,39744.00,0.00,362.28,0.00,12.62,-2.06,527.44,249.00
1987-10-11,39744.00,9.54,237.50,0.00,14.33,2.45,721.18,273.00
1987-10-12,39405.81,3.01,195.37,0.00,4.79,-3.46,473.22,278.00
1987-10-13,39398.39,0.00,315.08,0.00,7.99,-3.75,459.08,239.00
1987-10-14,39243.18,0.00,347.48,0.00,10.62,-3.89,454.80,213.00
1987-10-15,39052.80,0.00,370.87,0.00,14.44,-3.50,470.37,196.00
1987-10-16,39052.80,0.00,375.85,0.00,18.46,-1.97,531.83,180.00
1987-10-17,38707.19,0.00,352.10,0.00,20.92,2.97,757.92,164.00
1987-10-18,38707.19,0.00,315.53,0.00,17.17,2.99,759.56,153.00
1987-10-19,38361.61,0.00,324.81,0.00,14.11,-0.95,572.48,143.00
1987-10-20,38361.61,0.00,340.64,0.00,17.73,-0.50,591.74,135.00
1987-10-21,38015.99,2.31,165.71,0.00,12.42,5.22,897.30,137.00
1987-10-22,38015.99,0.00,261.93,0.00,9.31,-2.01,528.57,128.00
1987-10-23,37670.39,0.00,273.11,0.00,10.68,-1.62,545.50,117.00
1987-10-24,37670.39,0.00,261.49,0.00,12.75,0.73,640.00,108.00
1987-10-25,37390.68,1.39,304.32,0.00,17.15,0.00,600.02,104.00
1987-10-26,37324.80,0.00,289.17,0.00,8.51,-5.59,406.98,97.00
1987-10-27,37324.73,0.00,310.03,0.00,12.62,-4.14,451.09,98.00
1987-10-28,36979.21,22.74,108.40,0.00,8.15,2.04,718.01,453.00
1987-10-29,36979.21,0.00,259.57,0.00,8.92,-3.16,484.49,292.00
1987-10-30,36633.62,0.00,230.82,0.00,5.83,-4.42,443.82,228.00
1987-10-31,36633.62,0.00,230.43,0.00,9.00,-1.52,558.62,202.00
1987-11-01,36295.40,0.00,267.88,0.00,12.43,-1.08,560.00,180.00
1987-11-02,36287.99,0.04,218.09,0.00,11.50,1.37,669.60,166.00
1987-11-03,36287.99,0.00,177.08,0.00,13.44,5.31,904.90,154.00
1987-11-04,35942.39,0.00,238.18,0.00,17.41,5.22,897.63,144.00
1987-11-05,35942.39,0.00,284.14,0.00,21.65,4.11,808.53,133.00
1987-11-06,35604.21,1.02,265.14,0.00,10.10,-4.15,450.65,125.00
1987-11-07,35596.80,0.00,197.04,0.00,4.82,-4.46,443.43,116.00
1987-11-08,35596.80,0.00,230.73,0.00,10.68,-1.21,563.73,110.00
1987-11-09,35251.20,2.24,216.46,0.00,15.82,3.47,797.32,105.00
1987-11-10,35251.20,2.62,209.88,0.00,9.80,-3.89,453.38,103.00
1987-11-11,35207.35,7.04,86.46,0.00,-2.87,-7.49,348.99,101.00
1987-11-12,34905.62,3.84,124.17,0.00,-1.48,-8.31,324.50,98.00
1987-11-13,34905.62,0.00,146.20,0.00,3.55,-2.51,519.57,96.00
1987-11-14,34625.88,0.00,255.07,0.00,10.65,-1.53,556.83,105.00
1987-11-15,34559.98,0.00,296.17,0.00,11.50,-4.86,438.19,113.00
1987-11-16,34559.98,0.00,280.42,0.00,11.85,-2.99,482.86,107.00
1987-11-17,34280.28,0.00,219.86,0.00,11.76,1.61,686.37,111.00
1987-11-18,34214.41,24.56,118.31,0.00,14.76,6.99,999.37,772.00
1987-11-19,34214.41,0.00,215.22,0.00,11.87,0.63,636.19,515.00
1987-11-20,34059.20,0.00,193.37,0.00,8.19,-1.43,559.56,421.00
1987-11-21,33868.82,0.11,262.46,0.00,3.26,-13.26,220.81,343.00
1987-11-22,33868.82,0.00,138.06,0.00,-7.86,-14.03,209.13,266.00
1987-11-23,33868.82,0.00,211.30,0.00,-0.31,-11.01,263.14,236.00
1987-11-24,33530.62,0.00,236.15,0.00,9.16,-4.45,440.00,214.00
1987-11-25,33523.21,0.45,209.52,0.00,12.08,0.62,638.53,196.00
1987-11-26,33523.21,1.01,191.48,0.00,11.98,2.00,718.68,178.00
1987-11-27,33523.14,0.40,222.51,0.00,7.51,-4.93,427.68,156.00
1987-11-28,33185.02,5.93,88.52,0.00,1.17,-4.11,453.02,136.00
1987-11-29,33177.61,12.57,80.71,0.00,4.71,-0.23,601.36,290.00
1987-11-30,33177.61,30.71,120.14,0.00,10.61,2.67,740.34,1250.00
1987-12-01,33177.61,0.00,153.34,0.00,6.23,-1.04,566.83,777.00
1987-12-02,33022.39,2.66,161.23,0.00,5.28,-3.60,466.62,611.00
1987-12-03,32831.99,1.92,116.01,0.00,0.06,-5.04,423.36,488.00
1987-12-04,32831.99,1.92,93.77,0.00,0.04,-3.90,459.10,430.00
1987-12-05,32831.99,1.00,181.15,0.00,0.83,-6.77,367.45,367.00
1987-12-06,32831.99,0.00,110.51,0.00,-1.23,-5.47,408.89,314.00
1987-12-07,32831.92,0.00,221.12,0.00,1.44,-8.61,318.40,271.00
1987-12-08,32676.78,0.00,234.31,0.00,3.41,-7.90,335.56,251.00
1987-12-09,32493.81,0.00,189.13,0.00,7.99,-1.02,560.00,239.00
1987-12-10,32486.40,2.13,163.43,0.00,7.82,-0.04,601.88,259.00
1987-12-11,32486.40,0.00,193.47,0.00,8.13,-1.66,545.76,238.00
1987-12-12,32486.40,1.00,188.20,0.00,7.20,-2.22,519.53,221.00
1987-12-13,32486.40,2.00,189.04,0.00,7.88,-1.79,539.62,214.00
1987-12-14,32486.40,0.00,77.10,0.00,1.21,-1.99,530.67,186.00
1987-12-15,32486.40,4.19,78.44,0.00,1.28,-3.04,487.26,201.00
1987-12-16,32486.40,6.90,96.86,0.00,1.98,-3.34,476.79,293.00
1987-12-17,32486.40,3.10,89.42,0.00,-0.80,-5.12,421.25,235.00
1987-12-18,32486.33,0.00,127.01,0.00,-2.52,-7.36,350.55,203.00
1987-12-19,32486.33,0.00,168.41,0.00,-1.33,-8.03,332.45,190.00
1987-12-20,32486.33,6.60,131.18,0.00,3.78,-3.39,476.51,220.00
1987-12-21,32486.33,0.00,192.99,0.00,5.88,-2.42,520.00,273.00
1987-12-22,32486.33,0.00,213.49,0.00,3.39,-6.48,361.86,236.00
1987-12-23,32486.33,0.00,186.77,0.00,1.62,-6.09,385.74,219.00
1987-12-24,32486.40,0.00,191.23,0.00,3.48,-4.54,440.00,204.00
1987-12-25,32486.40,3.90,165.82,0.00,6.74,-3.93,458.97,219.00
1987-12-26,32486.40,0.00,193.29,0.00,7.19,-1.19,560.00,230.00
1987-12-27,32486.40,0.00,204.35,0.00,0.75,-8.01,333.50,200.00
1987-12-28,32486.40,0.00,207.97,0.00,2.57,-6.66,368.39,189.00
1987-12-29,32486.40,9.26,149.94,0.00,-0.75,-7.90,327.97,188.00
1987-12-30,32486.40,0.92,257.20,0.00,-6.17,-17.41,160.77,150.00
1987-12-31,32486.40,0.00,266.94,0.00,-8.30,-20.92,120.91,190.00
1988-01-01,32486.40,0.00,246.13,0.00,1.90,-12.43,234.20,160.00
1988-01-02,32552.27,0.00,240.56,0.00,1.60,-11.90,239.98,120.00
1988-01-03,32788.14,0.00,208.20,0.00,-5.01,-15.32,200.00,110.00
1988-01-04,32831.99,0.00,210.60,0.00,-3.41,-13.88,200.00,110.00
1988-01-05,32831.99,0.00,263.51,0.00,-1.70,-17.84,155.67,78.00
1988-01-06,32831.99,0.00,184.04,0.00,-12.37,-20.77,122.00,58.00
1988-01-07,32831.99,0.00,216.98,0.00,-10.57,-21.06,120.32,66.00
1988-01-08,32897.87,1.20,196.06,0.00,-9.97,-18.87,136.85,80.00
1988-01-09,33177.54,2.19,188.53,0.00,-6.73,-15.72,178.73,76.00
1988-01-10,33177.61,0.00,236.33,0.00,-4.43,-16.03,160.00,72.00
1988-01-11,33177.61,0.00,268.69,0.00,-5.71,-20.46,120.00,68.00
1988-01-12,33177.61,0.00,279.48,0.00,-3.13,-19.39,120.00,76.00
1988-01-13,33367.98,0.00,251.96,0.00,1.19,-11.59,240.00,70.00
1988-01-14,33523.21,0.00,302.98,0.00,1.65,-21.07,120.13,52.00
1988-01-15,33523.21,0.00,239.93,0.00,-12.21,-23.23,92.02,50.00
1988-01-16,33523.21,0.00,244.49,0.00,-5.82,-17.22,160.00,50.00
1988-01-17,33713.60,0.00,282.08,0.00,3.01,-12.33,241.04,52.00
1988-01-18,33868.82,2.62,187.07,0.00,4.49,-4.91,426.38,58.00
1988-01-19,33868.82,3.63,129.62,0.00,4.80,-2.42,513.52,60.00
1988-01-20,33876.23,8.35,96.96,0.00,1.36,-3.78,464.63,63.00
1988-01-21,34214.41,1.13,118.64,0.00,2.61,-2.10,526.91,130.00
1988-01-22,34214.41,0.00,240.06,0.00,2.95,-7.72,340.00,98.00
1988-01-23,34214.41,0.00,210.48,0.00,-2.04,-10.69,273.65,75.00
1988-01-24,34559.92,0.00,239.17,0.00,-0.28,-10.48,274.72,68.00
1988-01-25,34559.98,0.00,211.81,0.00,4.34,-4.35,440.98,66.00
1988-01-26,34559.98,8.00,123.78,0.00,-0.90,-7.13,359.45,66.00
1988-01-27,34905.62,2.03,254.21,0.00,-4.48,-16.78,160.00,62.00
1988-01-28,34905.62,0.00,284.59,0.00,-6.58,-18.79,137.27,50.00
1988-01-29,34905.62,0.00,292.77,0.00,-6.82,-19.45,125.12,41.00
1988-01-30,35251.20,0.00,303.48,0.00,-2.30,-15.77,181.89,43.00
1988-01-31,35251.20,0.00,299.86,0.00,7.35,-5.97,392.52,45.00
1988-02-01,35317.09,0.00,271.08,0.00,12.96,1.61,689.04,80.00
1988-02-02,35596.80,15.83,170.50,0.00,10.27,1.56,684.59,1850.00
1988-02-03,35596.80,6.20,250.48,0.00,4.02,-12.05,243.53,1310.00
1988-02-04,35942.39,10.00,228.27,0.00,2.07,-10.22,282.44,914.00
1988-02-05,35942.39,2.20,318.47,0.00,-1.41,-15.90,174.95,613.00
1988-02-06,35949.80,0.00,323.50,0.00,-6.99,-20.10,123.24,400.00
1988-02-07,36287.99,0.00,297.55,0.00,-10.95,-22.04,109.97,350.00
1988-02-08,36287.99,0.00,306.77,0.00,-6.74,-18.34,145.80,320.00
1988-02-09,36633.62,0.00,278.97,0.00,-3.74,-13.71,206.42,280.00
1988-02-10,36633.62,0.00,273.58,0.00,-0.91,-10.40,279.74,250.00
1988-02-11,36823.99,0.00,309.59,0.00,-1.37,-12.38,237.83,230.00
1988-02-12,36979.21,11.69,227.01,0.00,-0.85,-11.19,258.71,220.00
1988-02-13,36979.21,2.30,319.98,0.00,-0.51,-12.92,229.23,200.00
1988-02-14,37324.80,0.00,276.18,0.00,-6.74,-15.12,191.06,180.00
1988-02-15,37324.80,0.00,366.64,0.00,-0.71,-13.90,210.90,160.00
1988-02-16,37670.39,2.68,235.58,0.00,3.41,-4.68,434.01,150.00
1988-02-17,37670.39,0.00,283.25,0.00,0.82,-7.51,347.87,140.00
1988-02-18,38015.92,0.00,359.17,0.00,6.38,-5.85,400.02,130.00
1988-02-19,38015.99,0.00,366.44,0.00,5.65,-6.96,360.00,140.00
1988-02-20,38081.87,15.40,194.30,0.00,2.46,-5.17,426.63,243.00
1988-02-21,38361.61,0.00,430.43,0.00,4.92,-14.15,205.88,264.00
1988-02-22,38361.61,0.00,332.69,0.00,-4.50,-14.79,197.54,198.00
1988-02-23,38707.19,0.00,410.91,0.00,5.55,-10.10,283.85,193.00
1988-02-24,38707.19,0.00,385.34,0.00,4.00,-9.40,297.90,170.00
1988-02-25,39052.80,0.00,306.76,0.00,-2.05,-11.22,257.96,152.00
1988-02-26,39052.80,0.00,310.45,0.00,-4.35,-13.44,216.34,135.00
1988-02-27,39398.39,1.34,293.47,0.00,-3.17,-11.49,255.42,139.00
1988-02-28,39398.39,0.92,371.59,0.00,0.36,-11.08,261.66,125.00
1988-02-29,39744.00,0.00,394.31,0.00,1.90,-10.53,275.19,122.00
1988-03-01,39744.00,0.00,416.55,0.00,4.76,-8.97,306.89,117.00
1988-03-02,40089.59,0.00,391.66,0.00,1.15,-10.80,270.75,110.00
1988-03-03,40089.59,0.00,420.77,0.00,9.01,-5.01,426.52,147.00
1988-03-04,40435.20,11.87,171.24,0.00,1.73,-4.12,440.61,168.00
1988-03-05,40435.20,0.00,395.20,0.00,-1.30,-12.67,234.03,138.00
1988-03-06,40780.78,0.00,452.16,0.00,3.23,-11.50,252.38,140.00
1988-03-07,40780.78,0.00,433.37,0.00,7.02,-6.44,364.90,168.00
1988-03-08,41126.39,0.00,438.04,0.00,7.27,-6.34,373.47,203.00
1988-03-09,41126.39,0.00,435.28,0.00,9.29,-4.11,451.89,324.00
1988-03-10,41472.02,6.16,232.80,0.00,6.39,-1.62,548.89,543.00
1988-03-11,41472.02,0.00,399.92,0.00,3.84,-7.19,356.02,430.00
1988-03-12,41817.59,0.00,464.20,0.00,8.54,-6.16,381.83,431.00
1988-03-13,41817.59,0.00,479.49,0.00,13.42,-2.91,481.49,608.00
1988-03-14,42163.20,0.00,406.42,0.00,7.41,-3.92,446.51,594.00
1988-03-15,42163.20,0.00,363.43,0.00,-0.58,-9.93,287.60,473.00
1988-03-16,42508.79,0.00,281.49,0.00,-2.47,-9.14,305.22,391.00
1988-03-17,42508.79,0.00,318.24,0.00,1.45,-6.24,384.95,338.00
1988-03-18,42854.41,0.00,418.63,0.00,3.58,-7.49,347.16,312.00
1988-03-19,42854.41,0.09,321.65,0.00,0.17,-7.42,349.16,286.00
1988-03-20,43200.02,0.43,348.15,0.00,2.10,-6.13,389.39,262.00
1988-03-21,43200.02,0.00,466.49,0.00,-2.10,-14.55,200.15,212.00
1988-03-22,43200.02,0.00,485.96,0.00,-2.28,-15.35,186.15,188.00
1988-03-23,43545.59,0.00,510.17,0.00,3.69,-11.10,262.38,196.00
1988-03-24,43545.59,0.00,507.95,0.00,13.63,-1.59,509.89,237.00
1988-03-25,43891.20,4.50,386.73,0.00,19.26,4.15,796.77,445.00
1988-03-26,43891.20,14.99,378.66,0.00,21.80,5.32,849.64,1620.00
1988-03-27,44236.80,4.49,365.33,0.00,15.15,0.71,641.15,1110.00
1988-03-28,44236.80,0.00,330.17,0.00,5.90,-1.90,534.13,793.00
1988-03-29,44582.39,0.00,510.70,0.00,14.50,-1.12,533.66,637.00
1988-03-30,44582.39,0.00,494.58,0.00,18.11,3.08,687.11,548.00
1988-03-31,44928.00,0.00,560.50,0.00,19.49,-2.32,441.22,474.00
1988-04-01,44928.00,3.83,370.70,0.00,15.17,0.41,628.54,432.00
1988-04-02,45273.61,1.68,221.99,0.00,9.98,4.46,842.59,407.00
1988-04-03,45273.61,2.30,234.81,0.00,13.01,6.73,984.02,379.00
1988-04-04,45619.20,2.62,243.22,0.00,15.36,7.97,1077.99,382.00
1988-04-05,45619.20,0.00,448.44,0.00,19.32,5.40,849.92,347.00
1988-04-06,45964.79,0.00,480.34,0.00,21.26,4.94,791.45,311.00
1988-04-07,45964.79,0.45,439.44,0.00,18.13,4.21,791.15,294.00
1988-04-08,46310.38,1.88,316.29,0.00,9.53,1.07,659.48,276.00
1988-04-09,46310.38,2.18,254.84,0.00,5.08,-1.44,552.69,257.00
1988-04-10,46655.99,0.00,337.36,0.00,6.70,-1.83,534.94,241.00
1988-04-11,46655.99,0.00,477.80,0.00,11.16,-3.28,470.15,219.00
1988-04-12,47001.60,0.00,497.98,0.00,13.80,-2.15,499.34,205.00
1988-04-13,47001.60,0.00,474.67,0.00,11.73,-2.46,497.84,192.00
1988-04-14,47347.20,0.00,483.01,0.00,14.72,-0.44,563.96,182.00
1988-04-15,47347.20,0.03,369.49,0.00,10.60,0.84,639.45,173.00
1988-04-16,47692.79,0.00,464.61,0.00,9.44,-4.40,441.49,163.00
1988-04-17,47692.79,0.00,407.34,0.00,6.89,-4.12,451.44,147.00
1988-04-18,48038.40,0.00,506.41,0.00,17.08,-0.21,542.35,141.00
1988-04-19,48038.40,3.60,421.63,0.00,10.59,-6.12,381.86,134.00
1988-04-20,48318.11,0.00,493.73,0.00,8.73,-4.85,410.46,122.00
1988-04-21,48383.99,0.00,496.84,0.00,11.44,-2.37,480.08,116.00
1988-04-22,48384.06,0.00,475.85,0.00,8.08,-4.58,421.85,109.00
1988-04-23,48729.59,0.00,542.62,0.00,12.74,-4.13,399.10,108.00
1988-04-24,48729.59,13.74,322.94,0.00,11.10,-0.64,584.51,180.00
1988-04-25,49075.21,0.00,364.68,0.00,8.01,-1.39,554.34,146.00
1988-04-26,49075.21,0.00,538.98,0.00,16.16,-3.02,424.90,121.00
1988-04-27,49420.81,0.00,531.98,0.00,19.20,0.07,514.46,121.00
1988-04-28,49420.81,8.07,391.75,0.00,16.08,-2.17,511.21,186.00
1988-04-29,49576.01,3.99,269.48,0.00,7.98,-1.48,551.77,188.00
1988-04-30,49766.39,8.12,154.80,0.00,5.77,0.90,651.25,271.00
1988-05-01,49766.39,0.00,353.29,0.00,10.42,1.57,683.14,235.00
1988-05-02,50112.00,0.00,513.12,0.00,16.21,-0.07,561.56,214.00
1988-05-03,50112.00,0.00,515.22,0.00,15.58,-1.00,502.67,205.00
1988-05-04,50450.20,0.00,464.12,0.00,13.25,-0.35,549.12,205.00
1988-05-05,50457.60,0.00,449.27,0.00,17.58,4.44,726.01,210.00
1988-05-06,50457.60,8.48,137.04,0.00,14.47,9.97,1237.23,318.00
1988-05-07,50803.21,0.00,423.36,0.00,18.16,6.43,860.51,307.00
1988-05-08,50803.21,0.00,534.43,0.00,21.26,3.01,595.19,265.00
1988-05-09,51082.91,0.00,468.79,0.00,21.61,7.28,848.49,251.00
1988-05-10,51148.79,2.39,373.39,0.00,19.48,8.01,986.65,252.00
1988-05-11,51148.79,4.25,299.86,0.00,19.00,7.65,1036.09,246.00
1988-05-12,51494.41,0.00,517.94,0.00,16.47,-0.08,518.08,220.00
1988-05-13,51494.41,0.00,530.33,0.00,22.27,4.16,620.09,203.00
1988-05-14,51494.41,10.14,424.34,0.00,25.44,2.02,586.98,224.00
1988-05-15,51839.98,0.00,520.39,0.00,19.01,1.55,555.96,195.00
1988-05-16,51839.98,0.76,420.78,0.00,22.12,9.52,1035.30,180.00
1988-05-17,51840.05,4.07,263.78,0.00,17.69,7.88,1068.84,177.00
1988-05-18,52185.59,6.81,261.64,0.00,18.44,8.77,1141.96,214.00
1988-05-19,52185.59,36.43,157.93,0.00,13.94,8.65,1132.27,2790.00
1988-05-20,52185.59,29.51,124.73,0.00,15.29,11.23,1338.31,2130.00
1988-05-21,52523.80,10.99,231.24,0.00,18.72,10.79,1303.32,1180.00
1988-05-22,52531.21,0.32,359.39,0.00,21.15,11.52,1360.92,829.00
1988-05-23,52531.21,0.00,426.20,0.00,23.61,11.62,1350.12,637.00
1988-05-24,52686.43,5.38,335.79,0.00,25.56,12.28,1422.61,511.00
1988-05-25,52876.81,2.91,408.88,0.00,18.64,5.31,893.52,431.00
1988-05-26,52876.81,1.16,402.78,0.00,11.54,0.90,652.15,362.00
1988-05-27,52876.81,0.00,536.29,0.00,20.59,3.54,754.43,307.00
1988-05-28,53032.03,0.00,534.60,0.00,25.66,7.79,982.39,265.00
1988-05-29,53222.40,0.00,536.96,0.00,27.10,8.45,1018.93,232.00
1988-05-30,53222.40,0.00,498.60,0.00,27.61,11.21,1252.14,206.00
1988-05-31,53222.40,0.00,503.96,0.00,29.41,12.07,1308.03,182.00
1988-06-01,53222.47,0.00,466.55,0.00,27.21,12.44,1381.06,164.00
1988-06-02,53502.11,12.73,426.83,0.00,26.48,2.97,754.52,179.00
1988-06-03,53567.98,9.52,313.65,0.00,16.62,5.04,876.93,171.00
1988-06-04,53567.98,8.50,299.07,0.00,14.08,3.41,781.95,163.00
1988-06-05,53567.98,0.00,473.99,0.00,18.85,4.56,847.25,140.00
1988-06-06,53567.98,0.00,430.91,0.00,23.62,10.65,1288.02,123.00
1988-06-07,53611.84,0.00,475.03,0.00,22.79,8.05,1069.46,111.00
1988-06-08,53847.71,2.00,408.54,0.00,19.50,4.91,869.92,103.00
1988-06-09,53913.61,6.30,356.64,0.00,17.72,3.42,782.62,108.00
1988-06-10,53913.61,0.00,506.96,0.00,15.39,-0.40,594.15,99.00
1988-06-11,53913.61,0.00,523.53,0.00,17.39,0.34,621.40,88.00
1988-06-12,53913.61,0.00,524.65,0.00,24.15,6.01,906.16,79.00
1988-06-13,53913.61,0.00,503.71,0.00,27.58,10.37,1213.40,70.00
1988-06-14,53913.61,0.00,495.61,0.00,29.58,12.44,1382.40,63.00
1988-06-15,53913.61,0.00,475.83,0.00,30.52,14.22,1563.24,56.00
1988-06-16,53913.61,0.00,438.25,0.00,29.87,15.46,1728.99,51.00
1988-06-17,53913.61,4.28,288.65,0.00,24.28,12.86,1474.71,49.00
1988-06-18,53913.67,0.06,474.76,0.00,23.83,8.28,1088.69,45.00
1988-06-19,53913.67,0.00,496.70,0.00,25.98,8.55,1093.08,42.00
1988-06-20,53913.67,0.00,466.26,0.00,28.23,11.90,1373.18,41.00
1988-06-21,53913.67,0.00,401.61,0.00,30.08,16.34,1847.27,39.00
1988-06-22,53913.67,0.00,453.73,0.00,31.42,14.88,1657.05,37.00
1988-06-23,53913.67,0.18,429.24,0.00,31.40,16.04,1798.58,36.00
1988-06-24,53913.61,0.00,492.79,0.00,22.52,5.21,877.69,36.00
1988-06-25,53913.61,0.00,472.29,0.00,25.19,8.54,1085.41,35.00
1988-06-26,53913.61,0.00,385.37,0.00,27.97,15.00,1706.96,35.00
1988-06-27,53913.61,0.00,438.93,0.00,20.88,6.60,964.00,35.00
1988-06-28,53913.61,0.00,503.07,0.00,23.24,5.29,855.57,32.00
1988-06-29,53913.61,0.00,478.49,0.00,24.71,7.99,1038.06,29.00
1988-06-30,53913.61,0.00,461.91,0.00,20.26,5.01,870.28,28.00
1988-07-01,53913.61,0.00,449.91,0.00,18.50,3.99,814.03,27.00
1988-07-02,53906.19,0.00,403.15,0.00,18.77,6.50,966.19,27.00
1988-07-03,53723.20,0.00,478.62,0.00,23.21,6.91,958.50,25.00
1988-07-04,53568.05,0.00,502.78,0.00,27.84,9.12,1067.18,25.00
1988-07-05,53567.98,0.00,487.22,0.00,30.39,12.05,1294.27,23.00
1988-07-06,53567.98,0.00,477.59,0.00,32.04,13.77,1449.32,22.00
1988-07-07,53567.98,0.00,473.34,0.00,33.53,15.06,1569.65,19.00
1988-07-08,53567.98,0.00,446.19,0.00,33.89,16.79,1782.67,18.00
1988-07-09,53377.61,0.00,447.40,0.00,34.71,17.28,1826.27,17.00
1988-07-10,53222.40,0.00,432.52,0.00,34.12,17.55,1883.60,16.00
1988-07-11,53222.40,0.00,420.10,0.00,34.09,18.16,1979.00,14.00
1988-07-12,53222.40,0.00,351.60,0.00,30.74,18.44,2106.34,21.00
1988-07-13,53214.98,0.00,477.64,0.00,30.47,12.35,1325.44,21.00
1988-07-14,52876.88,0.00,458.63,0.00,31.19,13.98,1490.55,16.00
1988-07-15,52876.81,0.00,489.19,0.00,32.98,13.38,1390.52,16.00
1988-07-16,52876.81,0.00,433.01,0.00,31.14,15.09,1633.14,14.00
1988-07-17,52869.40,17.89,332.72,0.00,35.77,17.61,2016.25,40.00
1988-07-18,52531.21,17.89,315.03,0.00,29.76,14.27,1629.32,86.00
1988-07-19,52531.21,5.26,302.67,0.00,31.26,16.28,1851.96,44.00
1988-07-20,52531.21,4.11,148.85,0.00,23.83,17.52,2002.52,42.00
1988-07-21,52340.82,10.23,182.97,0.00,25.50,17.64,2018.85,40.00
1988-07-22,52185.59,14.15,195.78,0.00,23.44,15.31,1740.49,125.00
1988-07-23,52185.59,0.00,386.79,0.00,25.63,12.88,1483.21,62.00
1988-07-24,52119.70,4.26,253.29,0.00,24.31,14.30,1632.51,55.00
1988-07-25,51839.98,0.00,382.66,0.00,25.73,13.33,1527.60,39.00
1988-07-26,51839.98,0.00,418.59,0.00,26.93,12.78,1475.64,41.00
1988-07-27,51774.12,0.20,341.48,0.00,25.61,14.74,1681.00,76.00
1988-07-28,51494.41,10.42,316.62,0.00,27.17,14.55,1658.00,40.00
1988-07-29,51494.41,0.00,407.05,0.00,29.20,15.39,1749.74,31.00
1988-07-30,51304.00,0.00,420.34,0.00,31.51,16.58,1881.17,28.00
1988-07-31,51148.79,8.76,291.79,0.00,30.88,17.49,1997.82,34.00
1988-08-01,51148.79,0.00,459.00,0.00,29.31,12.66,1463.77,29.00
1988-08-02,50803.21,0.00,430.80,0.00,29.50,14.33,1635.34,26.00
1988-08-03,50803.21,0.00,405.71,0.00,32.43,17.94,2058.76,23.00
1988-08-04,50795.79,0.00,379.80,0.00,30.45,17.60,2014.56,22.00
1988-08-05,50457.60,0.00,329.11,0.00,30.06,19.37,2250.62,20.00
1988-08-06,50457.60,0.00,322.54,0.00,30.93,20.48,2399.18,22.00
1988-08-07,50112.00,11.67,280.86,0.00,27.54,15.74,1785.14,23.00
1988-08-08,50112.00,0.00,416.52,0.00,25.65,12.48,1446.95,21.00
1988-08-09,50104.59,0.00,438.82,0.00,28.40,13.67,1565.72,20.00
1988-08-10,49766.39,0.00,453.67,0.00,30.76,14.63,1665.51,19.00
1988-08-11,49766.39,0.00,403.51,0.00,31.41,17.64,2018.46,18.00
1988-08-12,49420.81,19.50,297.73,0.00,32.39,18.74,2161.66,26.00
1988-08-13,49420.81,0.00,402.62,0.00,31.42,17.80,2039.72,24.00
1988-08-14,49075.28,0.00,388.58,0.00,32.76,19.59,2282.67,22.00
1988-08-15,49075.21,0.00,348.52,0.00,31.88,20.60,2415.30,20.00
1988-08-16,49067.80,0.00,467.44,0.00,31.30,14.18,1618.50,20.00
1988-08-17,48729.59,0.00,427.06,0.00,28.03,14.04,1603.40,19.00
1988-08-18,48729.59,14.20,323.64,0.00,30.24,15.44,1755.52,22.00
1988-08-19,48383.99,0.00,444.91,0.00,22.68,8.36,1099.32,22.00
1988-08-20,48383.99,0.00,463.05,0.00,23.62,7.81,1032.96,21.00
1988-08-21,48038.40,0.00,440.31,0.00,24.36,9.48,1166.33,19.00
1988-08-22,48038.40,0.00,505.89,0.00,23.02,3.38,743.80,17.00
1988-08-23,47692.79,0.00,462.54,0.00,21.43,5.10,861.46,17.00
1988-08-24,47692.79,17.28,230.21,0.00,20.26,10.92,1313.97,70.00
1988-08-25,47347.27,9.08,242.38,0.00,23.44,13.34,1536.64,65.00
1988-08-26,47347.20,4.26,287.61,0.00,24.01,13.16,1505.34,39.00
1988-08-27,47156.81,0.00,419.81,0.00,24.46,9.87,1225.70,25.00
1988-08-28,47001.60,0.00,419.78,0.00,26.67,11.61,1369.05,61.00
1988-08-29,46994.19,41.71,251.33,0.00,27.00,15.81,1788.00,2040.00
1988-08-30,46655.99,39.38,193.12,0.00,18.33,10.71,1296.94,1010.00
1988-08-31,46655.99,0.00,418.53,0.00,21.02,6.94,997.27,380.00
1988-09-01,46310.38,0.00,432.64,0.00,21.55,6.50,966.17,225.00
1988-09-02,46310.38,0.00,435.82,0.00,23.15,7.50,1040.17,154.00
1988-09-03,45964.79,0.00,436.88,0.00,24.02,7.91,1073.19,115.00
1988-09-04,45964.79,14.45,273.57,0.00,24.17,11.73,1379.05,457.00
1988-09-05,45619.20,12.60,152.00,0.00,17.60,11.54,1362.89,462.00
1988-09-06,45619.20,2.67,352.06,0.00,15.97,1.72,691.38,306.00
1988-09-07,45273.61,0.00,436.30,0.00,17.92,2.07,711.30,226.00
1988-09-08,45273.61,0.00,427.24,0.00,18.73,3.25,772.79,173.00
1988-09-09,44928.00,0.00,398.29,0.00,20.05,6.02,925.54,139.00
1988-09-10,44928.00,0.00,375.16,0.00,22.61,9.33,1186.08,113.00
1988-09-11,44582.39,0.00,450.12,0.00,24.73,5.70,920.55,91.00
1988-09-12,44582.39,0.00,371.47,0.00,17.37,4.57,846.26,78.00
1988-09-13,44236.80,7.35,311.11,0.00,22.78,6.49,965.82,96.00
1988-09-14,44236.80,0.00,431.06,0.00,23.79,5.74,919.81,82.00
1988-09-15,43891.20,0.00,407.03,0.00,21.59,5.62,918.47,64.00
1988-09-16,43891.20,0.00,436.31,0.00,18.58,0.39,627.05,53.00
1988-09-17,43545.59,0.00,400.34,0.00,18.01,2.42,728.35,57.00
1988-09-18,43545.59,8.42,157.52,0.00,17.22,10.24,1259.36,68.00
1988-09-19,43200.02,0.00,334.04,0.00,24.01,11.48,1361.16,58.00
1988-09-20,43200.02,0.00,228.53,0.00,23.39,15.39,1749.78,96.00
1988-09-21,42854.41,14.39,204.44,0.00,22.63,13.14,1507.42,200.00
1988-09-22,42854.41,0.00,214.33,0.00,16.97,10.12,1249.66,133.00
1988-09-23,42508.79,4.42,186.01,0.00,19.04,11.04,1323.48,115.00
1988-09-24,42508.79,0.00,391.23,0.00,22.42,6.51,963.72,105.00
1988-09-25,42163.20,0.00,312.11,0.00,16.45,5.62,914.30,91.00
1988-09-26,42163.20,0.00,339.82,0.00,17.53,5.19,886.84,81.00
1988-09-27,41817.59,0.00,365.82,0.00,18.46,4.39,837.24,73.00
1988-09-28,41817.59,0.00,376.83,0.00,21.60,6.01,921.20,66.00
1988-09-29,41472.02,0.00,396.94,0.00,15.62,-1.43,553.73,61.00
1988-09-30,41472.02,0.00,365.08,0.00,16.53,1.71,693.14,56.00
1988-10-01,41126.39,0.00,321.47,0.00,20.15,7.55,1044.39,54.00
1988-10-02,41126.39,0.00,289.16,0.00,23.91,12.51,1441.11,50.00
1988-10-03,40780.78,2.88,261.40,0.00,19.30,7.09,1007.73,48.00
1988-10-04,40780.78,0.00,291.98,0.00,15.92,5.05,878.39,45.00
1988-10-05,40435.20,0.00,334.31,0.00,15.53,2.02,707.71,43.00
1988-10-06,40435.20,0.00,246.16,0.00,9.04,0.32,624.17,41.00
1988-10-07,40089.59,0.00,259.22,0.00,7.85,-1.31,557.51,39.00
1988-10-08,40089.59,0.00,288.08,0.00,9.36,-1.16,562.78,38.00
1988-10-09,39744.00,1.41,294.87,0.00,8.67,-2.20,521.02,38.00
1988-10-10,39744.00,1.02,347.38,0.00,15.09,0.20,619.78,38.00
1988-10-11,39405.81,2.00,277.20,0.00,14.75,4.31,825.01,41.00
1988-10-12,39398.39,0.00,310.95,0.00,9.95,-2.11,525.35,42.00
1988-10-13,39243.18,0.00,247.57,0.00,6.69,-2.02,527.99,40.00
1988-10-14,39052.80,0.00,273.62,0.00,5.83,-3.97,452.00,39.00
1988-10-15,39052.80,0.00,359.08,0.00,13.58,-2.98,491.11,38.00
1988-10-16,38707.19,0.00,339.18,0.00,20.11,4.37,835.00,38.00
1988-10-17,38707.19,0.00,327.49,0.00,22.40,7.12,1009.79,37.00
1988-10-18,38361.61,1.41,310.65,0.00,20.63,6.63,970.02,37.00
1988-10-19,38361.61,1.15,337.99,0.00,15.97,-0.34,596.02,39.00
1988-10-20,38015.99,0.00,272.54,0.00,9.55,-1.46,552.23,38.00
1988-10-21,38015.99,0.00,271.08,0.00,10.42,-0.74,580.27,39.00
1988-10-22,37670.39,23.50,158.91,0.00,6.32,-1.84,536.31,206.00
1988-10-23,37670.39,7.68,118.89,0.00,5.05,-0.88,575.58,205.00
1988-10-24,37390.68,6.75,178.31,0.00,11.06,1.41,674.67,220.00
1988-10-25,37324.80,3.44,141.15,0.00,8.27,1.02,642.90,243.00
1988-10-26,37324.73,0.00,209.68,0.00,6.04,-2.08,520.00,195.00
1988-10-27,36979.21,0.00,244.04,0.00,4.83,-4.98,437.78,171.00
1988-10-28,36979.21,0.00,297.51,0.00,8.71,-5.03,423.63,159.00
1988-10-29,36633.62,0.00,269.85,0.00,11.66,-0.17,597.20,148.00
1988-10-30,36633.62,0.00,275.29,0.00,8.72,-3.41,479.48,135.00
1988-10-31,36295.40,0.00,297.90,0.00,5.40,-8.78,315.25,126.00
1988-11-01,36287.99,0.00,297.21,0.00,6.61,-8.05,331.81,120.00
1988-11-02,36287.99,0.90,161.69,0.00,4.92,-1.34,554.67,115.00
1988-11-03,35942.39,1.80,186.18,0.00,5.96,-2.84,496.50,111.00
1988-11-04,35942.39,5.97,224.30,0.00,15.18,-1.77,538.83,108.00
1988-11-05,35604.21,8.04,198.86,0.00,17.74,3.93,805.50,169.00
1988-11-06,35596.80,20.34,178.22,0.00,15.94,4.35,834.15,540.00
1988-11-07,35596.80,4.02,208.90,0.00,11.06,-1.36,555.50,386.00
1988-11-08,35251.20,0.00,107.41,0.00,3.02,-1.29,557.95,330.00
1988-11-09,35251.20,0.98,130.18,0.00,7.21,1.88,706.08,300.00
1988-11-10,35207.35,0.00,184.77,0.00,7.05,-0.84,576.30,275.00
1988-11-11,34905.62,1.85,188.81,0.00,9.43,0.48,631.26,253.00
1988-11-12,34905.62,0.00,234.75,0.00,5.94,-5.17,418.54,224.00
1988-11-13,34625.88,6.64,175.28,0.00,8.06,-3.37,477.32,448.00
1988-11-14,34559.98,10.90,162.20,0.00,9.28,-1.01,560.00,531.00
1988-11-15,34559.98,0.00,271.81,0.00,14.74,-2.20,522.49,419.00
1988-11-16,34280.28,0.00,236.78,0.00,11.70,-0.53,589.51,368.00
1988-11-17,34214.41,0.93,182.50,0.00,12.96,4.02,803.75,357.00
1988-11-18,34214.41,0.00,254.91,0.00,10.67,-3.78,458.77,310.00
1988-11-19,34059.20,0.00,238.15,0.00,8.09,-4.44,442.57,269.00
1988-11-20,33868.82,12.84,117.32,0.00,4.11,-2.72,501.28,446.00
1988-11-21,33868.82,8.16,139.33,0.00,10.29,1.47,679.78,717.00
1988-11-22,33868.82,0.00,154.53,0.00,4.19,-2.75,500.30,504.00
1988-11-23,33530.62,0.00,223.95,0.00,4.32,-7.29,352.88,438.00
1988-11-24,33523.21,0.00,228.87,0.00,5.61,-6.87,364.52,385.00
1988-11-25,33523.21,0.00,206.90,0.00,3.43,-7.23,357.97,336.00
1988-11-26,33523.14,0.00,249.58,0.00,10.38,-6.43,374.79,298.00
1988-11-27,33185.02,0.87,231.53,0.00,15.48,0.73,638.65,275.00
1988-11-28,33177.61,2.77,176.24,0.00,14.78,2.88,750.57,259.00
1988-11-29,33177.61,0.15,151.22,0.00,5.96,-1.51,552.17,232.00
1988-11-30,33177.61,0.00,166.37,0.00,4.26,-4.00,449.50,207.00
1988-12-01,33022.39,0.00,174.10,0.00,5.56,-3.15,479.75,190.00
1988-12-02,32831.99,0.00,141.67,0.00,1.56,-5.17,420.77,175.00
1988-12-03,32831.99,0.00,158.32,0.00,3.08,-4.67,435.12,162.00
1988-12-04,32831.99,0.00,245.12,0.00,11.27,-7.22,354.54,151.00
1988-12-05,32831.99,0.00,159.74,0.00,0.31,-7.43,350.70,140.00
1988-12-06,32831.92,0.00,172.41,0.00,3.47,-5.18,421.40,136.00
1988-12-07,32676.78,0.00,220.51,0.00,10.67,-2.97,482.70,129.00
1988-12-08,32493.81,0.00,199.01,0.00,7.52,-3.72,462.09,123.00
1988-12-09,32486.40,0.00,197.05,0.00,2.86,-8.19,324.02,115.00
1988-12-10,32486.40,0.00,178.86,0.00,-0.62,-10.15,280.44,106.00
1988-12-11,32486.40,0.07,201.09,0.00,-3.42,-14.73,200.00,90.00
1988-12-12,32486.40,0.00,227.36,0.00,-8.50,-23.00,93.37,66.00
1988-12-13,32486.40,0.00,210.64,0.00,-9.60,-21.96,109.93,70.00
1988-12-14,32486.40,0.00,151.66,0.00,-6.13,-13.85,207.65,85.00
1988-12-15,32486.40,0.00,200.01,0.00,2.02,-9.53,281.78,80.00
1988-12-16,32486.40,0.00,238.74,0.00,1.67,-16.26,171.90,72.00
1988-12-17,32486.33,0.00,180.94,0.00,-5.04,-14.84,194.20,66.00
1988-12-18,32486.33,0.00,167.68,0.00,-5.79,-14.48,201.71,74.00
1988-12-19,32486.33,0.00,163.24,0.00,-3.56,-11.90,246.56,70.00
1988-12-20,32486.33,0.00,204.91,0.00,4.97,-7.30,352.55,68.00
1988-12-21,32486.33,0.00,201.62,0.00,13.01,0.17,614.47,77.00
1988-12-22,32486.33,0.00,207.69,0.00,9.03,-4.36,441.67,76.00
1988-12-23,32486.40,0.12,160.75,0.00,0.99,-7.71,343.04,70.00
1988-12-24,32486.40,3.20,108.48,0.00,2.19,-3.98,454.22,99.00
1988-12-25,32486.40,11.93,91.01,0.00,4.27,-1.90,528.03,221.00
1988-12-26,32486.40,0.00,189.65,0.00,2.97,-7.42,350.27,153.00
1988-12-27,32486.40,0.00,149.47,0.00,-0.74,-8.00,332.50,132.00
1988-12-28,32486.40,0.00,133.27,0.00,1.46,-4.84,430.36,136.00
1988-12-29,32486.40,7.45,155.94,0.00,3.74,-6.22,381.15,167.00
1988-12-30,32486.40,0.00,163.85,0.00,-2.61,-9.68,280.00,120.00
1988-12-31,32486.40,3.72,159.89,0.00,0.57,-7.95,330.57,110.00
1989-01-01,32486.40,0.00,208.49,0.00,0.62,-8.43,322.46,100.00
1989-01-02,32552.27,0.00,152.03,0.00,-0.87,-6.88,362.67,100.00
1989-01-03,32788.14,0.00,178.30,0.00,1.04,-6.22,384.02,94.00
1989-01-04,32831.99,2.17,249.36,0.00,-2.30,-15.49,185.20,80.00
1989-01-05,32831.99,0.00,188.54,0.00,-11.55,-19.00,134.49,70.00
1989-01-06,32831.99,1.43,195.84,0.00,-7.15,-14.99,191.37,80.00
1989-01-07,32831.99,2.88,103.96,0.00,-4.30,-9.29,302.95,90.00
1989-01-08,32897.87,9.10,164.14,0.00,2.50,-6.73,368.99,150.00
1989-01-09,33177.54,0.00,211.77,0.00,4.97,-3.82,454.29,217.00
1989-01-10,33177.61,0.00,218.52,0.00,-2.48,-11.34,255.13,140.00
1989-01-11,33177.61,0.00,252.44,0.00,1.47,-9.75,284.29,125.00
1989-01-12,33177.61,0.00,183.88,0.00,-0.67,-7.65,344.85,130.00
1989-01-13,33367.98,4.97,144.19,0.00,2.99,-4.42,440.00,138.00
1989-01-14,33523.21,0.00,251.37,0.00,-2.19,-12.77,233.49,118.00
1989-01-15,33523.21,3.41,207.81,0.00,1.40,-9.33,301.43,123.00
1989-01-16,33523.21,0.00,191.91,0.00,3.29,-3.88,455.16,123.00
1989-01-17,33713.60,0.00,233.98,0.00,2.77,-6.53,365.83,115.00
1989-01-18,33868.82,0.00,268.24,0.00,5.91,-5.80,399.90,108.00
1989-01-19,33868.82,0.87,250.67,0.00,6.21,-3.98,441.27,111.00
1989-01-20,33876.23,0.00,218.71,0.00,4.82,-3.40,476.46,113.00
1989-01-21,34214.41,0.00,318.69,0.00,2.69,-15.26,188.89,90.00
1989-01-22,34214.41,0.00,256.57,0.00,-5.90,-15.64,182.03,84.00
1989-01-23,34214.41,0.00,299.18,0.00,3.85,-9.62,280.00,82.00
1989-01-24,34559.92,0.00,324.23,0.00,11.48,-6.97,360.00,80.00
1989-01-25,34559.98,0.00,309.08,0.00,8.25,-6.12,386.64,78.00
1989-01-26,34559.98,2.27,206.53,0.00,2.91,-4.74,432.60,76.00
1989-01-27,34905.62,3.34,144.66,0.00,4.51,-1.97,523.21,100.00
1989-01-28,34905.62,0.00,276.64,0.00,3.02,-7.33,353.27,95.00
1989-01-29,34905.62,0.00,290.02,0.00,7.38,-3.94,444.89,90.00
1989-01-30,35251.20,0.08,173.20,0.00,6.47,0.82,640.02,101.00
1989-01-31,35251.20,0.00,259.68,0.00,7.51,-1.71,539.56,127.00
1989-02-01,35317.09,0.00,295.22,0.00,10.94,-0.83,573.88,120.00
1989-02-02,35596.80,0.00,342.50,0.00,15.52,-2.88,494.48,133.00
1989-02-03,35596.80,4.43,163.72,0.00,2.88,-4.30,440.02,138.00
1989-02-04,35942.39,2.87,249.65,0.00,-2.22,-14.63,198.19,110.00
1989-02-05,35942.39,2.38,136.83,0.00,-9.32,-13.81,212.12,94.00
1989-02-06,35949.80,0.69,225.93,0.00,-4.32,-11.37,258.46,94.00
1989-02-07,36287.99,0.00,307.92,0.00,0.67,-10.35,279.01,90.00
1989-02-08,36287.99,0.00,284.66,0.00,-3.55,-12.96,231.81,83.00
1989-02-09,36633.62,0.00,334.78,0.00,-3.31,-15.66,181.08,72.00
1989-02-10,36633.62,0.00,243.71,0.00,-8.61,-15.96,176.84,64.00
1989-02-11,36823.99,0.00,273.37,0.00,-4.45,-12.96,225.72,76.00
1989-02-12,36979.21,0.00,274.11,0.00,-1.06,-9.61,287.79,84.00
1989-02-13,36979.21,0.00,341.61,0.00,-0.79,-12.70,234.71,76.00
1989-02-14,37324.80,0.54,345.19,0.00,1.39,-10.63,273.12,80.00
1989-02-15,37324.80,5.89,221.85,0.00,5.48,-4.03,454.68,120.00
1989-02-16,37670.39,8.62,117.56,0.00,1.84,-2.52,518.62,200.00
1989-02-17,37670.39,0.00,389.10,0.00,-0.25,-15.13,189.85,110.00
1989-02-18,38015.92,0.00,359.06,0.00,-3.32,-15.28,187.90,100.00
1989-02-19,38015.99,0.00,346.17,0.00,-2.17,-13.27,220.04,90.00
1989-02-20,38081.87,0.00,344.21,0.00,1.65,-9.08,306.70,83.00
1989-02-21,38361.61,10.59,256.01,0.00,6.45,-4.29,447.58,423.00
1989-02-22,38361.61,6.40,179.56,0.00,6.90,0.35,627.79,352.00
1989-02-23,38707.19,2.00,300.70,0.00,1.10,-6.96,360.00,210.00
1989-02-24,38707.19,0.00,387.03,0.00,-4.18,-15.75,178.59,160.00
1989-02-25,39052.80,0.00,385.21,0.00,-5.47,-16.80,165.19,150.00
1989-02-26,39052.80,2.81,341.77,0.00,-0.92,-13.36,218.71,140.00
1989-02-27,39398.39,4.45,225.49,0.00,0.87,-6.85,360.40,130.00
1989-02-28,39398.39,0.00,403.00,0.00,0.69,-11.22,262.33,110.00
1989-03-01,39744.00,0.00,411.33,0.00,1.98,-10.52,274.39,105.00
1989-03-02,39744.00,0.00,384.62,0.00,-1.39,-12.17,241.68,100.00
1989-03-03,40089.59,0.95,387.54,0.00,0.03,-10.69,271.63,98.00
1989-03-04,40089.59,0.42,344.45,0.00,2.15,-6.53,374.54,96.00
1989-03-05,40435.20,2.50,130.88,0.00,1.80,-1.38,559.97,120.00
1989-03-06,40435.20,4.78,311.61,0.00,2.47,-8.78,320.00,150.00
1989-03-07,40780.78,0.00,311.15,0.00,-7.90,-14.99,196.31,100.00
1989-03-08,40780.78,0.00,444.11,0.00,-6.44,-18.76,138.65,86.00
1989-03-09,41126.39,0.00,486.65,0.00,0.24,-15.81,179.32,84.00
1989-03-10,41126.39,0.00,481.23,0.00,4.04,-11.49,249.75,78.00
1989-03-11,41472.02,0.00,451.61,0.00,5.02,-8.01,324.36,76.00
1989-03-12,41472.02,0.00,437.37,0.00,8.39,-3.93,437.84,78.00
1989-03-13,41817.59,0.00,500.25,0.00,1.79,-15.01,190.32,70.00
1989-03-14,41817.59,0.00,472.56,0.00,3.37,-10.89,262.09,72.00
1989-03-15,42163.20,0.00,416.11,0.00,9.58,-1.73,515.62,87.00
1989-03-16,42163.20,0.00,517.91,0.00,15.77,-4.31,364.36,114.00
1989-03-17,42508.79,0.00,446.79,0.00,10.31,-2.66,452.70,97.00
1989-03-18,42508.79,3.48,363.09,0.00,17.49,0.79,593.83,258.00
1989-03-19,42854.41,5.70,387.87,0.00,11.61,-7.45,336.86,259.00
1989-03-20,42854.41,0.00,447.36,0.00,2.96,-9.69,288.57,169.00
1989-03-21,43200.02,2.92,195.18,0.00,0.18,-5.51,401.84,167.00
1989-03-22,43200.02,0.00,433.77,0.00,1.52,-10.05,282.95,151.00
1989-03-23,43200.02,0.00,448.09,0.00,2.08,-10.06,284.26,145.00
1989-03-24,43545.59,7.24,345.91,0.00,7.76,-5.37,415.18,518.00
1989-03-25,43545.59,33.43,170.61,0.00,3.07,-2.22,520.08,998.00
1989-03-26,43891.20,0.00,482.58,0.00,13.97,-0.51,577.21,882.00
1989-03-27,43891.20,0.00,473.88,0.00,15.42,1.15,641.09,700.00
1989-03-28,44236.80,17.44,354.55,0.00,21.83,6.43,954.64,700.00
1989-03-29,44236.80,5.22,319.66,0.00,23.63,10.38,1270.04,915.00
1989-03-30,44582.39,15.86,339.92,0.00,16.78,2.91,754.78,2090.00
1989-03-31,44582.39,7.53,120.16,0.00,6.97,3.15,770.03,2110.00
1989-04-01,44928.00,8.52,169.81,0.00,4.61,-0.86,571.41,1730.00
1989-04-02,44928.00,0.00,347.69,0.00,4.25,-4.52,441.29,1150.00
1989-04-03,45273.61,3.08,361.60,0.00,10.43,-2.99,491.43,943.00
1989-04-04,45273.61,4.35,287.20,0.00,12.33,1.68,690.51,845.00
1989-04-05,45619.20,7.50,334.92,0.00,19.28,5.00,880.20,858.00
1989-04-06,45619.20,1.98,358.39,0.00,13.04,3.12,769.58,800.00
1989-04-07,45964.79,0.20,313.89,0.00,5.62,-2.46,512.73,673.00
1989-04-08,45964.79,0.00,389.95,0.00,7.30,-3.11,486.17,564.00
1989-04-09,46310.38,2.27,360.88,0.00,8.33,-2.03,528.08,490.00
1989-04-10,46310.38,0.00,425.22,0.00,7.23,-4.25,440.00,418.00
1989-04-11,46655.99,0.00,408.82,0.00,1.94,-8.62,316.77,356.00
1989-04-12,46655.99,0.00,472.02,0.00,5.74,-7.53,346.51,319.00
1989-04-13,47001.60,0.00,498.42,0.00,10.31,-4.70,435.57,292.00
1989-04-14,47001.60,4.14,373.09,0.00,6.67,-6.23,379.03,271.00
1989-04-15,47347.20,0.00,560.38,0.00,12.79,-4.26,447.75,252.00
1989-04-16,47347.20,0.65,226.52,0.00,9.09,3.72,800.00,237.00
1989-04-17,47692.79,0.00,516.98,0.00,15.98,-0.35,599.08,216.00
1989-04-18,47692.79,2.30,477.78,0.00,19.86,3.27,765.60,211.00
1989-04-19,48038.40,1.88,495.50,0.00,14.78,-0.02,610.17,204.00
1989-04-20,48038.40,0.00,503.09,0.00,12.01,-3.08,484.82,185.00
1989-04-21,48318.11,0.00,523.65,0.00,16.32,-0.98,569.63,173.00
1989-04-22,48383.99,0.00,541.51,0.00,15.27,-3.89,456.20,162.00
1989-04-23,48384.06,0.00,491.14,0.00,8.09,-6.17,387.33,154.00
1989-04-24,48729.59,0.00,511.06,0.00,11.17,-4.91,429.25,147.00
1989-04-25,48729.59,3.87,384.04,0.00,14.17,-1.47,551.78,143.00
1989-04-26,49075.21,0.45,472.76,0.00,16.66,2.27,721.76,142.00
1989-04-27,49075.21,0.00,521.55,0.00,20.01,1.95,687.27,134.00
1989-04-28,49420.81,0.00,554.31,0.00,20.54,-1.56,522.15,127.00
1989-04-29,49420.81,0.00,466.49,0.00,16.46,2.28,719.25,122.00
1989-04-30,49576.01,0.15,285.41,0.00,14.43,6.92,997.86,119.00
1989-05-01,49766.39,0.01,483.82,0.00,23.52,7.12,980.15,121.00
1989-05-02,49766.39,25.98,138.16,0.00,11.69,6.97,997.92,306.00
1989-05-03,50112.00,3.26,248.31,0.00,8.09,0.69,638.97,254.00
1989-05-04,50112.00,0.00,429.54,0.00,11.59,-0.55,590.46,210.00
1989-05-05,50450.20,0.00,520.14,0.00,18.51,0.59,639.12,214.00
1989-05-06,50457.60,19.51,155.66,0.00,11.67,6.42,956.85,614.00
1989-05-07,50457.60,22.50,344.02,0.00,14.24,0.58,635.73,1310.00
1989-05-08,50803.21,4.92,181.76,0.00,5.58,-0.37,596.21,1030.00
1989-05-09,50803.21,3.30,230.29,0.00,7.32,-0.42,594.19,811.00
1989-05-10,51082.91,12.74,324.48,0.00,13.82,1.61,687.50,1170.00
1989-05-11,51148.79,22.26,92.22,0.00,7.27,4.57,845.64,2010.00
1989-05-12,51148.79,6.77,118.57,0.00,7.05,3.47,786.00,1540.00
1989-05-13,51494.41,0.00,379.59,0.00,10.28,0.83,646.38,1080.00
1989-05-14,51494.41,1.83,441.32,0.00,15.17,3.19,769.16,809.00
1989-05-15,51494.41,10.61,235.32,0.00,13.91,6.39,953.49,663.00
1989-05-16,51839.98,20.42,267.45,0.00,19.02,9.95,1235.62,1340.00
1989-05-17,51839.98,17.79,234.41,0.00,16.43,8.93,1154.41,1220.00
1989-05-18,51840.05,0.00,512.08,0.00,24.01,8.00,1079.98,913.00
1989-05-19,52185.59,0.00,513.25,0.00,26.82,10.08,1246.74,698.00
1989-05-20,52185.59,0.00,500.45,0.00,28.14,11.99,1399.08,552.00
1989-05-21,52185.59,3.82,376.80,0.00,25.97,13.40,1543.23,455.00
1989-05-22,52523.80,0.28,491.37,0.00,22.38,7.98,1078.72,367.00
1989-05-23,52531.21,0.00,526.53,0.00,24.66,7.80,1064.40,320.00
1989-05-24,52531.21,18.04,121.92,0.00,13.60,10.14,1251.26,590.00
1989-05-25,52686.43,0.00,454.58,0.00,17.57,6.21,948.57,396.00
1989-05-26,52876.81,1.54,466.48,0.00,24.62,10.81,1305.20,328.00
1989-05-27,52876.81,1.35,497.22,0.00,24.94,10.10,1248.23,286.00
1989-05-28,52876.81,1.11,554.12,0.00,18.81,1.86,699.21,241.00
1989-05-29,53032.03,0.00,556.56,0.00,19.89,2.61,736.78,205.00
1989-05-30,53222.40,0.00,523.32,0.00,24.25,8.43,1114.66,217.00
1989-05-31,53222.40,8.29,321.60,0.00,25.30,14.12,1607.27,231.00
1989-06-01,53222.40,8.79,250.83,0.00,24.63,16.43,1864.85,199.00
1989-06-02,53222.47,14.23,335.28,0.00,29.20,16.37,1859.21,188.00
1989-06-03,53502.11,8.05,364.14,0.00,24.90,11.01,1320.53,157.00
1989-06-04,53567.98,15.12,349.55,0.00,25.37,12.51,1441.11,281.00
1989-06-05,53567.98,7.01,373.05,0.00,21.70,7.65,1051.73,228.00
1989-06-06,53567.98,13.83,307.86,0.00,20.02,9.87,1229.35,331.00
1989-06-07,53567.98,4.51,322.78,0.00,18.53,9.17,1173.34,276.00
1989-06-08,53611.84,0.25,372.96,0.00,19.44,10.31,1265.32,243.00
1989-06-09,53847.71,2.37,372.58,0.00,23.48,11.94,1398.08,224.00
1989-06-10,53913.61,4.64,188.79,0.00,18.92,13.04,1494.72,249.00
1989-06-11,53913.61,0.00,410.48,0.00,20.67,10.12,1249.66,196.00
1989-06-12,53913.61,0.00,513.98,0.00,21.07,5.80,922.74,163.00
1989-06-13,53913.61,9.89,335.56,0.00,21.29,9.15,1172.37,187.00
1989-06-14,53913.61,2.70,326.78,0.00,21.13,11.54,1364.25,189.00
1989-06-15,53913.61,24.22,229.57,0.00,17.55,10.19,1256.00,554.00
1989-06-16,53913.61,14.45,171.51,0.00,16.69,11.37,1352.04,728.00
1989-06-17,53913.61,21.50,269.76,0.00,23.07,13.97,1597.56,2270.00
1989-06-18,53913.61,1.79,390.59,0.00,21.42,10.17,1253.28,1240.00
1989-06-19,53913.67,0.00,477.47,0.00,23.61,10.38,1270.78,818.00
1989-06-20,53913.67,0.48,474.93,0.00,26.21,12.38,1435.89,620.00
1989-06-21,53913.67,22.72,216.26,0.00,21.71,14.95,1701.24,1250.00
1989-06-22,53913.67,6.19,216.09,0.00,24.72,17.91,2058.25,924.00
1989-06-23,53913.67,0.00,289.21,0.00,24.42,17.54,2005.06,749.00
1989-06-24,53913.67,3.33,337.54,0.00,25.62,16.07,1822.15,607.00
1989-06-25,53913.61,6.49,329.04,0.00,26.98,15.31,1739.74,504.00
1989-06-26,53913.61,0.00,487.89,0.00,27.79,13.77,1573.70,415.00
1989-06-27,53913.61,1.39,443.91,0.00,27.87,15.43,1752.12,337.00
1989-06-28,53913.61,4.30,357.19,0.00,30.15,16.32,1846.99,314.00
1989-06-29,53913.61,5.90,380.62,0.00,24.74,10.49,1278.93,287.00
1989-06-30,53913.61,0.00,523.69,0.00,20.22,5.80,924.05,224.00
1989-07-01,53913.61,0.00,533.07,0.00,23.43,7.49,1039.55,188.00
1989-07-02,53913.61,0.00,523.15,0.00,26.16,10.16,1252.80,161.00
1989-07-03,53906.19,0.00,511.45,0.00,28.03,12.29,1425.71,154.00
1989-07-04,53723.20,0.11,436.67,0.00,27.93,16.02,1810.96,171.00
1989-07-05,53568.05,19.91,251.12,0.00,25.92,17.78,2042.02,428.00
1989-07-06,53567.98,10.14,195.72,0.00,22.95,17.00,1932.67,348.00
1989-07-07,53567.98,0.00,411.26,0.00,26.32,15.85,1798.96,255.00
1989-07-08,53567.98,0.00,502.92,0.00,28.97,13.56,1553.79,222.00
1989-07-09,53567.98,0.00,473.02,0.00,24.50,11.63,1370.25,183.00
1989-07-10,53377.61,0.00,422.63,0.00,28.21,16.61,1889.01,153.00
1989-07-11,53222.40,0.00,474.04,0.00,29.75,15.48,1758.28,136.00
1989-07-12,53222.40,0.00,496.74,0.00,27.35,12.30,1429.84,120.00
1989-07-13,53222.40,0.00,380.72,0.00,21.00,11.76,1383.36,113.00
1989-07-14,53214.98,0.00,413.77,0.00,23.69,13.05,1488.65,104.00
1989-07-15,52876.88,0.00,492.59,0.00,22.16,8.22,1097.81,103.00
1989-07-16,52876.81,0.00,472.82,0.00,24.16,10.56,1284.78,97.00
1989-07-17,52876.81,5.28,212.58,0.00,19.20,12.43,1436.71,102.00
1989-07-18,52869.40,0.00,450.20,0.00,24.17,11.66,1372.62,89.00
1989-07-19,52531.21,0.00,481.60,0.00,26.51,12.03,1404.97,79.00
1989-07-20,52531.21,16.85,280.19,0.00,25.39,15.56,1765.12,189.00
1989-07-21,52531.21,8.08,229.64,0.00,23.42,15.76,1789.55,257.00
1989-07-22,52340.82,0.00,249.32,0.00,22.64,16.55,1880.56,171.00
1989-07-23,52185.59,0.00,415.65,0.00,26.82,15.18,1728.15,137.00
1989-07-24,52185.59,0.00,416.68,0.00,28.18,16.19,1840.75,112.00
1989-07-25,52119.70,0.00,416.94,0.00,29.21,16.98,1931.94,95.00
1989-07-26,51839.98,0.00,425.01,0.00,30.01,17.30,1974.33,83.00
1989-07-27,51839.98,0.63,411.77,0.00,30.21,17.84,2045.97,78.00
1989-07-28,51774.12,0.00,336.50,0.00,26.18,17.24,1957.92,72.00
1989-07-29,51494.41,0.00,513.31,0.00,25.23,8.70,1135.98,63.00
1989-07-30,51494.41,0.00,472.20,0.00,23.26,9.53,1202.30,56.00
1989-07-31,51304.00,2.38,350.66,0.00,22.32,11.91,1395.33,56.00
1989-08-01,51148.79,5.88,147.29,0.00,17.29,12.87,1481.35,78.00
1989-08-02,51148.79,0.98,341.67,0.00,20.60,12.49,1445.83,73.00
1989-08-03,50803.21,0.21,443.96,0.00,25.40,13.24,1520.97,63.00
1989-08-04,50803.21,0.00,417.61,0.00,29.07,17.24,1966.28,54.00
1989-08-05,50795.79,5.06,277.01,0.00,29.15,18.95,2194.29,56.00
1989-08-06,50457.60,0.00,399.80,0.00,29.89,18.42,2115.81,50.00
1989-08-07,50457.60,0.00,466.89,0.00,28.68,14.34,1628.26,43.00
1989-08-08,50112.00,0.00,476.15,0.00,17.15,4.20,828.13,39.00
1989-08-09,50112.00,0.00,482.71,0.00,18.43,4.89,868.39,36.00
1989-08-10,50104.59,0.00,511.06,0.00,21.82,5.84,925.69,34.00
1989-08-11,49766.39,0.00,490.47,0.00,24.47,9.28,1182.44,32.00
1989-08-12,49766.39,2.40,347.07,0.00,21.84,11.53,1365.52,31.00
1989-08-13,49420.81,3.35,264.38,0.00,21.14,12.85,1483.57,31.00
1989-08-14,49420.81,0.00,436.70,0.00,26.18,13.49,1545.60,30.00
1989-08-15,49075.28,0.00,443.63,0.00,26.35,13.25,1523.88,29.00
1989-08-16,49075.21,0.00,404.16,0.00,26.92,15.30,1740.28,28.00
1989-08-17,49067.80,0.00,474.21,0.00,26.65,11.40,1352.68,26.00
1989-08-18,48729.59,0.00,488.43,0.00,24.61,8.71,1136.80,25.00
1989-08-19,48729.59,7.64,393.09,0.00,22.95,10.06,1244.73,50.00
1989-08-20,48383.99,12.88,161.12,0.00,18.61,13.30,1527.94,82.00
1989-08-21,48383.99,4.84,210.52,0.00,23.05,15.63,1772.96,49.00
1989-08-22,48038.40,2.61,417.22,0.00,28.43,12.02,1405.07,38.00
1989-08-23,48038.40,1.48,365.67,0.00,26.91,14.33,1630.81,33.00
1989-08-24,47692.79,2.16,388.88,0.00,25.73,12.01,1400.72,29.00
1989-08-25,47692.79,0.00,501.55,0.00,23.62,5.43,901.57,26.00
1989-08-26,47347.27,0.00,481.50,0.00,21.73,5.38,899.77,23.00
1989-08-27,47347.20,0.00,485.63,0.00,23.96,6.38,959.92,22.00
1989-08-28,47156.81,0.00,449.47,0.00,24.52,9.34,1187.44,21.00
1989-08-29,47001.60,0.72,399.10,0.00,28.58,15.31,1739.36,20.00
1989-08-30,46994.19,1.40,272.60,0.00,24.02,16.12,1820.23,21.00
1989-08-31,46655.99,0.00,455.15,0.00,26.42,9.82,1225.96,21.00
1989-09-01,46655.99,0.00,418.69,0.00,26.10,11.53,1363.17,21.00
1989-09-02,46310.38,4.57,171.29,0.00,21.34,14.68,1669.37,22.00
1989-09-03,46310.38,0.00,422.78,0.00,20.32,6.30,944.78,21.00
1989-09-04,45964.79,0.00,454.84,0.00,20.27,3.95,812.42,20.00
1989-09-05,45964.79,0.00,459.30,0.00,21.60,4.37,837.75,19.00
1989-09-06,45619.20,0.00,381.67,0.00,21.54,8.89,1150.99,18.00
1989-09-07,45619.20,0.00,334.35,0.00,22.60,11.81,1384.64,18.00
1989-09-08,45273.61,0.00,385.26,0.00,25.82,12.25,1424.95,17.00
1989-09-09,45273.61,0.00,316.59,0.00,25.45,15.05,1712.69,17.00
1989-09-10,44928.00,0.00,324.92,0.00,28.52,17.34,1978.06,18.00
1989-09-11,44928.00,7.38,285.04,0.00,29.41,15.24,1736.70,21.00
1989-09-12,44582.39,0.00,348.40,0.00,21.57,10.01,1240.80,22.00
1989-09-13,44582.39,0.00,352.45,0.00,22.71,10.76,1300.82,22.00
1989-09-14,44236.80,8.14,252.21,0.00,23.56,13.75,1573.75,24.00
1989-09-15,44236.80,18.03,176.10,0.00,19.68,12.45,1436.80,58.00
1989-09-16,43891.20,0.00,246.01,0.00,16.38,9.08,1166.40,62.00
1989-09-17,43891.20,17.04,101.96,0.00,15.30,11.52,1361.84,96.00
1989-09-18,43545.59,0.00,317.92,0.00,20.36,10.42,1273.97,57.00
1989-09-19,43545.59,0.00,250.70,0.00,17.95,10.47,1277.94,43.00
1989-09-20,43200.02,29.14,127.04,0.00,15.48,10.62,1289.99,239.00
1989-09-21,43200.02,0.00,221.82,0.00,19.08,12.55,1451.31,153.00
1989-09-22,42854.41,0.00,312.10,0.00,24.03,13.89,1587.68,97.00
1989-09-23,42854.41,14.09,248.07,0.00,24.09,13.05,1499.75,312.00
1989-09-24,42508.79,15.03,309.45,0.00,14.48,-0.16,602.83,353.00
1989-09-25,42508.79,0.00,417.83,0.00,14.92,-0.28,597.61,193.00
1989-09-26,42163.20,0.00,396.63,0.00,15.45,1.72,693.83,145.00
1989-09-27,42163.20,0.00,428.82,0.00,18.99,1.36,670.68,115.00
1989-09-28,41817.59,0.00,432.59,0.00,15.91,-2.22,520.55,96.00
1989-09-29,41817.59,0.00,421.14,0.00,18.37,0.46,627.52,85.00
1989-09-30,41472.02,0.00,425.43,0.00,23.02,2.69,743.49,74.00
1989-10-01,41472.02,0.00,382.12,0.00,17.89,3.11,766.11,66.00
1989-10-02,41126.39,3.39,246.73,0.00,18.31,6.44,963.37,72.00
1989-10-03,41126.39,0.00,255.45,0.00,19.67,11.04,1322.90,77.00
1989-10-04,40780.78,0.00,334.89,0.00,12.72,1.05,658.66,65.00
1989-10-05,40780.78,0.00,334.34,0.00,12.47,0.84,645.56,57.00
1989-10-06,40435.20,0.00,385.41,0.00,17.34,1.18,665.58,51.00
1989-10-07,40435.20,0.00,330.64,0.00,17.65,5.31,894.94,47.00
1989-10-08,40089.59,0.00,297.66,0.00,12.93,2.68,737.34,41.00
1989-10-09,40089.59,1.95,260.57,0.00,6.87,-1.91,534.40,39.00
1989-10-10,39744.00,0.00,309.05,0.00,7.84,-2.92,494.12,39.00
1989-10-11,39744.00,4.52,257.42,0.00,13.01,-0.34,594.00,51.00
1989-10-12,39405.81,0.00,300.02,0.00,12.88,1.99,719.52,52.00
1989-10-13,39398.39,0.00,355.35,0.00,20.61,4.57,845.42,46.00
1989-10-14,39243.18,0.00,353.60,0.00,22.46,5.69,920.00,40.00
1989-10-15,39052.80,0.00,323.06,0.00,20.79,6.55,963.81,38.00
1989-10-16,39052.80,0.00,338.79,0.00,26.33,8.97,1157.28,36.00
1989-10-17,38707.19,13.64,238.37,0.00,25.16,9.37,1189.76,51.00
1989-10-18,38707.19,6.07,192.26,0.00,13.87,3.39,781.40,97.00
1989-10-19,38361.61,22.73,89.64,0.00,4.63,0.33,625.14,490.00
1989-10-20,38361.61,24.74,140.65,0.00,8.82,1.60,687.58,1900.00
1989-10-21,38015.99,23.25,184.21,0.00,7.05,-2.96,491.15,1360.00
1989-10-22,38015.99,4.23,139.87,0.00,5.97,-0.26,598.72,793.00
1989-10-23,37670.39,0.00,321.69,0.00,13.87,-2.41,519.59,541.00
1989-10-24,37670.39,0.00,337.08,0.00,17.86,-1.59,550.96,423.00
1989-10-25,37390.68,0.00,325.50,0.00,20.70,1.82,705.21,351.00
1989-10-26,37324.80,0.00,308.26,0.00,20.55,3.38,790.04,301.00
1989-10-27,37324.73,0.00,306.29,0.00,20.86,3.52,789.73,265.00
1989-10-28,36979.21,0.00,286.77,0.00,20.52,5.05,883.65,237.00
1989-10-29,36979.21,0.00,303.03,0.00,21.81,4.02,801.73,213.00
1989-10-30,36633.62,0.00,294.82,0.00,21.49,4.51,840.81,195.00
1989-10-31,36633.62,0.00,226.40,0.00,18.86,7.78,1062.52,185.00
1989-11-01,36295.40,12.98,181.82,0.00,16.02,3.96,812.71,235.00
1989-11-02,36287.99,0.00,232.47,0.00,9.04,-2.05,526.91,201.00
1989-11-03,36287.99,5.19,121.55,0.00,6.53,-0.50,591.79,189.00
1989-11-04,35942.39,2.05,276.77,0.00,4.54,-7.96,334.84,184.00
1989-11-05,35942.39,0.00,259.93,0.00,4.88,-6.35,381.35,169.00
1989-11-06,35604.21,0.88,212.31,0.00,10.43,0.28,622.44,163.00
1989-11-07,35596.80,0.00,284.39,0.00,16.11,-1.57,548.36,159.00
1989-11-08,35596.80,1.39,237.72,0.00,12.06,-0.73,582.22,160.00
1989-11-09,35251.20,1.56,155.46,0.00,12.32,4.41,835.96,177.00
1989-11-10,35251.20,3.90,177.18,0.00,12.34,-0.60,591.22,205.00
1989-11-11,35207.35,0.99,158.02,0.00,5.83,-1.97,528.95,192.00
1989-11-12,34905.62,0.00,229.60,0.00,9.46,-2.85,497.02,177.00
1989-11-13,34905.62,0.00,243.23,0.00,8.85,-4.71,433.12,162.00
1989-11-14,34625.88,0.00,238.70,0.00,12.87,-0.82,578.69,157.00
1989-11-15,34559.98,0.00,240.49,0.00,19.06,4.33,834.91,157.00
1989-11-16,34559.98,28.43,128.52,0.00,17.77,8.64,1130.98,909.00
1989-11-17,34280.28,7.97,187.13,0.00,11.02,-4.26,447.31,831.00
1989-11-18,34214.41,0.00,149.57,0.00,2.12,-5.25,419.80,614.00
1989-11-19,34214.41,0.00,194.08,0.00,1.59,-8.65,315.12,489.00
1989-11-20,34059.20,0.00,210.15,0.00,4.37,-7.40,350.40,432.00
1989-11-21,33868.82,2.77,225.02,0.00,8.24,-7.92,336.02,404.00
1989-11-22,33868.82,0.00,176.91,0.00,-4.75,-13.04,224.26,321.00
1989-11-23,33868.82,1.48,176.31,0.00,-3.37,-12.08,244.38,287.00
1989-11-24,33530.62,0.00,188.08,0.00,-2.73,-11.35,258.73,254.00
1989-11-25,33523.21,0.00,191.52,0.00,-0.20,-8.98,309.08,233.00
1989-11-26,33523.21,0.35,186.39,0.00,6.72,-1.95,533.72,231.00
1989-11-27,33523.14,0.00,212.26,0.00,7.59,-3.18,480.00,214.00
1989-11-28,33185.02,3.00,157.20,0.00,8.04,-2.84,497.44,233.00
1989-11-29,33177.61,0.00,261.98,0.00,10.04,-7.67,343.39,224.00
1989-11-30,33177.61,0.00,161.85,0.00,-3.77,-11.25,261.50,191.00
1989-12-01,33177.61,0.00,147.10,0.00,-0.29,-7.01,360.92,178.00
1989-12-02,33022.39,0.00,207.05,0.00,-2.34,-12.73,230.96,154.00
1989-12-03,32831.99,1.00,193.22,0.00,-1.54,-11.21,260.72,157.00
1989-12-04,32831.99,0.00,167.47,0.00,-7.96,-15.62,183.47,140.00
1989-12-05,32831.99,0.04,193.27,0.00,-6.66,-15.92,177.01,130.00
1989-12-06,32831.99,0.00,194.06,0.00,-1.55,-11.01,267.51,138.00
1989-12-07,32831.92,0.00,223.59,0.00,4.29,-7.75,337.98,135.00
1989-12-08,32676.78,0.00,171.81,0.00,-5.83,-13.66,211.99,111.00
1989-12-09,32493.81,0.00,199.78,0.00,-6.58,-16.31,166.58,110.00
1989-12-10,32486.40,0.00,226.17,0.00,-3.81,-15.89,176.53,100.00
1989-12-11,32486.40,0.00,190.41,0.00,-1.18,-10.47,274.33,111.00
1989-12-12,32486.40,0.09,136.65,0.00,-1.25,-7.35,351.68,106.00
1989-12-13,32486.40,0.00,167.44,0.00,-1.18,-8.82,313.51,102.00
1989-12-14,32486.40,0.00,216.84,0.00,-5.16,-16.11,174.20,86.00
1989-12-15,32486.40,1.56,219.95,0.00,-5.23,-15.53,182.84,90.00
1989-12-16,32486.40,4.54,150.54,0.00,-6.92,-15.83,177.58,83.00
1989-12-17,32486.40,0.00,220.15,0.00,-7.48,-17.58,156.28,77.00
1989-12-18,32486.33,0.00,234.15,0.00,-8.95,-20.36,121.69,72.00
1989-12-19,32486.33,0.00,249.51,0.00,-7.40,-20.70,120.00,68.00
1989-12-20,32486.33,0.77,189.81,0.00,-9.68,-17.90,159.84,59.00
1989-12-21,32486.33,0.00,225.90,0.00,-8.71,-19.22,127.71,60.00
1989-12-22,32486.33,0.00,232.09,0.00,-11.46,-22.51,104.40,58.00
1989-12-23,32486.33,0.00,232.81,0.00,-11.79,-22.96,94.53,56.00
1989-12-24,32486.40,0.00,241.44,0.00,-11.70,-23.99,80.00,50.00
1989-12-25,32486.40,0.00,259.93,0.00,-7.96,-23.01,84.12,50.00
1989-12-26,32486.40,0.00,124.08,0.00,-7.64,-12.68,236.22,52.00
1989-12-27,32486.40,0.00,261.23,0.00,-4.87,-20.12,120.00,52.00
1989-12-28,32486.40,1.32,206.10,0.00,-8.01,-17.64,160.00,54.00
1989-12-29,32486.40,0.00,223.35,0.00,-2.80,-13.23,219.46,56.00
1989-12-30,32486.40,4.00,103.84,0.00,-3.02,-8.58,316.32,58.00
1989-12-31,32486.40,2.30,153.14,0.00,-0.11,-6.93,362.53,62.00
1990-01-01,32486.40,0.00,139.06,0.00,1.78,-3.32,477.37,70.00
1990-01-02,32552.27,0.00,158.30,0.00,-0.77,-6.59,372.36,62.00
1990-01-03,32788.14,0.00,218.10,0.00,2.49,-6.51,360.02,60.00
1990-01-04,32831.99,0.00,241.21,0.00,6.89,-4.00,440.00,56.00
1990-01-05,32831.99,0.00,216.52,0.00,7.22,-1.77,538.71,62.00
1990-01-06,32831.99,0.00,206.23,0.00,2.84,-5.32,414.33,71.00
1990-01-07,32831.99,0.00,252.22,0.00,3.39,-8.03,327.22,65.00
1990-01-08,32897.87,0.00,257.61,0.00,5.17,-6.77,360.00,61.00
1990-01-09,33177.54,0.00,233.22,0.00,3.59,-5.98,400.00,59.00
1990-01-10,33177.61,0.88,240.48,0.00,7.48,-2.77,503.04,61.00
1990-01-11,33177.61,0.85,151.02,0.00,2.19,-3.17,483.93,63.00
1990-01-12,33177.61,2.19,179.33,0.00,3.04,-4.31,445.39,64.00
1990-01-13,33367.98,0.00,232.88,0.00,-1.88,-11.08,263.50,59.00
1990-01-14,33523.21,0.00,212.75,0.00,-3.31,-11.20,261.14,56.00
1990-01-15,33523.21,1.03,165.62,0.00,-1.50,-7.21,354.57,55.00
1990-01-16,33523.21,0.00,219.70,0.00,5.67,-2.86,496.41,55.00
1990-01-17,33713.60,0.00,220.19,0.00,10.31,1.10,647.85,102.00
1990-01-18,33868.82,1.88,211.41,0.00,13.57,4.49,839.33,375.00
1990-01-19,33868.82,0.00,277.75,0.00,12.77,-4.42,442.51,302.00
1990-01-20,33876.23,0.00,209.88,0.00,1.44,-6.65,367.38,229.00
1990-01-21,34214.41,13.48,113.56,0.00,0.84,-4.48,440.77,327.00
1990-01-22,34214.41,0.00,126.73,0.00,2.63,-1.80,538.62,389.00
1990-01-23,34214.41,0.00,185.63,0.00,2.20,-4.52,441.48,308.00
1990-01-24,34559.92,4.79,182.71,0.00,4.32,-5.06,423.51,335.00
1990-01-25,34559.98,0.00,264.43,0.00,12.11,0.39,631.10,450.00
1990-01-26,34559.98,9.26,200.39,0.00,9.44,-2.10,526.22,824.00
1990-01-27,34905.62,0.89,222.23,0.00,-0.45,-8.96,308.28,617.00
1990-01-28,34905.62,0.00,294.53,0.00,6.35,-6.97,362.15,521.00
1990-01-29,34905.62,6.40,183.90,0.00,5.00,-3.96,456.24,486.00
1990-01-30,35251.20,21.70,113.81,0.00,1.24,-3.57,468.36,896.00
1990-01-31,35251.20,0.00,287.26,0.00,3.60,-8.17,324.51,666.00
1990-02-01,35317.09,0.00,302.63,0.00,6.24,-7.39,359.98,569.00
1990-02-02,35596.80,2.23,307.96,0.00,7.99,-6.65,371.49,832.00
1990-02-03,35596.80,6.87,204.05,0.00,3.34,-6.11,386.79,964.00
1990-02-04,35942.39,10.12,171.54,0.00,1.43,-5.72,401.61,1310.00
1990-02-05,35942.39,3.70,222.99,0.00,1.43,-8.60,316.75,1050.00
1990-02-06,35949.80,0.00,293.88,0.00,1.76,-7.86,336.29,815.00
1990-02-07,36287.99,0.00,322.53,0.00,8.16,-3.41,480.00,707.00
1990-02-08,36287.99,0.00,343.84,0.00,8.24,-4.89,428.38,630.00
1990-02-09,36633.62,0.00,330.94,0.00,8.59,-3.53,468.87,647.00
1990-02-10,36633.62,7.86,200.15,0.00,9.76,0.95,640.38,1270.00
1990-02-11,36823.99,0.99,308.32,0.00,3.93,-7.63,348.47,1040.00
1990-02-12,36979.21,0.00,302.42,0.00,2.52,-7.33,352.75,818.00
1990-02-13,36979.21,0.00,301.99,0.00,2.34,-7.37,351.28,649.00
1990-02-14,37324.80,0.00,345.77,0.00,11.82,-1.53,548.06,576.00
1990-02-15,37324.80,5.32,188.30,0.00,3.25,-4.38,444.24,535.00
1990-02-16,37670.39,6.10,251.54,0.00,9.00,-3.06,486.81,854.00
1990-02-17,37670.39,1.81,358.24,0.00,13.22,-3.25,480.82,881.00
1990-02-18,38015.92,0.00,366.68,0.00,-0.97,-14.37,201.83,663.00
1990-02-19,38015.99,0.00,377.85,0.00,2.55,-12.02,243.27,601.00
1990-02-20,38081.87,0.00,395.58,0.00,8.02,-9.33,299.93,494.00
1990-02-21,38361.61,0.00,292.82,0.00,-1.22,-10.59,279.70,407.00
1990-02-22,38361.61,0.00,389.49,0.00,9.22,-7.06,360.00,401.00
1990-02-23,38707.19,4.13,245.48,0.00,12.21,0.49,634.87,530.00
1990-02-24,38707.19,5.17,312.23,0.00,10.72,-7.14,356.53,446.00
1990-02-25,39052.80,3.37,277.63,0.00,0.00,-11.96,242.09,365.00
1990-02-26,39052.80,0.00,256.05,0.00,-10.55,-17.86,160.00,289.00
1990-02-27,39398.39,0.00,327.64,0.00,-6.35,-16.07,175.42,301.00
1990-02-28,39398.39,0.00,333.47,0.00,-0.69,-10.66,271.26,292.00
1990-03-01,39744.00,0.00,382.02,0.00,-1.95,-14.27,204.14,257.00
1990-03-02,39744.00,0.00,424.10,0.00,4.08,-11.29,259.15,256.00
1990-03-03,40089.59,0.00,421.24,0.00,10.84,-4.60,440.00,260.00
1990-03-04,40089.59,0.00,462.63,0.00,6.12,-13.31,219.61,229.00
1990-03-05,40435.20,0.00,366.26,0.00,-0.63,-11.90,247.01,208.00
1990-03-06,40435.20,4.19,276.67,0.00,0.49,-10.91,266.47,195.00
1990-03-07,40780.78,0.00,423.59,0.00,-4.04,-18.14,150.14,161.00
1990-03-08,40780.78,0.00,453.78,0.00,-0.14,-16.66,164.61,171.00
1990-03-09,41126.39,0.00,456.57,0.00,6.48,-10.55,276.96,171.00
1990-03-10,41126.39,2.19,237.38,0.00,5.81,-1.39,560.00,177.00
1990-03-11,41472.02,2.21,294.56,0.00,12.65,2.44,728.61,234.00
1990-03-12,41472.02,0.00,318.32,0.00,17.28,7.27,1021.74,251.00
1990-03-13,41817.59,0.00,410.65,0.00,23.11,7.13,1010.14,240.00
1990-03-14,41817.59,0.00,411.65,0.00,25.31,7.86,1068.42,226.00
1990-03-15,42163.20,0.00,421.34,0.00,25.48,6.33,947.10,219.00
1990-03-16,42163.20,0.00,378.33,0.00,25.46,10.00,1239.81,215.00
1990-03-17,42508.79,4.57,175.30,0.00,21.71,13.59,1566.83,268.00
1990-03-18,42508.79,6.47,268.83,0.00,16.02,3.07,764.91,312.00
1990-03-19,42854.41,0.00,317.61,0.00,7.12,-3.08,483.42,267.00
1990-03-20,42854.41,11.61,278.56,0.00,5.98,-5.60,404.26,322.00
1990-03-21,43200.02,5.27,161.34,0.00,-1.17,-6.76,367.45,314.00
1990-03-22,43200.02,0.00,450.87,0.00,8.27,-6.00,392.89,367.00
1990-03-23,43200.02,0.00,423.14,0.00,15.26,1.89,710.83,447.00
1990-03-24,43545.59,0.00,460.74,0.00,7.86,-6.75,367.82,382.00
1990-03-25,43545.59,0.00,337.62,0.00,1.09,-7.87,336.80,360.00
1990-03-26,43891.20,0.00,459.61,0.00,7.18,-6.77,364.40,335.00
1990-03-27,43891.20,0.00,496.43,0.00,4.64,-11.45,255.96,300.00
1990-03-28,44236.80,0.00,436.63,0.00,1.94,-10.67,273.96,271.00
1990-03-29,44236.80,0.00,492.60,0.00,7.95,-8.10,327.76,253.00
1990-03-30,44582.39,4.30,270.18,0.00,8.02,-2.13,520.00,252.00
1990-03-31,44582.39,0.00,116.85,0.00,1.94,-0.77,580.59,250.00
1990-04-01,44928.00,1.12,278.39,0.00,8.15,0.98,654.15,257.00
1990-04-02,44928.00,4.30,119.18,0.00,7.06,3.26,774.50,252.00
1990-04-03,45273.61,7.51,330.23,0.00,14.98,1.73,691.83,364.00
1990-04-04,45273.61,9.11,213.38,0.00,6.32,-0.78,578.92,407.00
1990-04-05,45619.20,10.16,152.21,0.00,2.48,-2.31,517.44,525.00
1990-04-06,45619.20,0.03,384.00,0.00,8.02,-2.06,527.21,544.00
1990-04-07,45964.79,0.30,339.34,0.00,4.22,-4.14,452.05,477.00
1990-04-08,45964.79,0.00,390.20,0.00,4.65,-4.98,426.39,428.00
1990-04-09,46310.38,0.00,463.59,0.00,7.50,-5.50,408.58,384.00
1990-04-10,46310.38,2.70,419.36,0.00,15.96,-0.13,600.00,386.00
1990-04-11,46655.99,10.38,278.74,0.00,11.70,2.24,721.73,875.00
1990-04-12,46655.99,0.00,407.01,0.00,5.20,-4.94,427.60,626.00
1990-04-13,47001.60,0.00,434.73,0.00,3.01,-7.86,337.70,532.00
1990-04-14,47001.60,0.00,498.53,0.00,7.27,-6.76,367.70,473.00
1990-04-15,47347.20,5.26,281.00,0.00,10.70,2.00,719.90,459.00
1990-04-16,47347.20,0.00,515.13,0.00,16.46,0.20,619.16,395.00
1990-04-17,47692.79,0.00,488.90,0.00,16.25,2.00,718.86,351.00
1990-04-18,47692.79,0.00,529.34,0.00,12.57,-4.73,433.95,309.00
1990-04-19,48038.40,0.00,531.03,0.00,12.15,-5.25,418.00,269.00
1990-04-20,48038.40,0.00,506.04,0.00,15.41,-0.44,592.21,245.00
1990-04-21,48318.11,7.19,300.06,0.00,16.02,5.58,910.41,262.00
1990-04-22,48383.99,0.00,521.13,0.00,17.14,-0.02,602.19,245.00
1990-04-23,48384.06,0.00,531.14,0.00,20.02,1.37,647.11,216.00
1990-04-24,48729.59,0.00,523.86,0.00,23.40,4.57,801.32,194.00
1990-04-25,48729.59,0.00,511.63,0.00,25.61,7.51,967.75,190.00
1990-04-26,49075.21,6.27,358.42,0.00,27.26,11.07,1325.57,194.00
1990-04-27,49075.21,0.00,471.73,0.00,28.61,12.82,1381.02,171.00
1990-04-28,49420.81,0.00,494.98,0.00,29.83,12.24,1299.96,157.00
1990-04-29,49420.81,0.00,476.10,0.00,29.84,13.50,1431.10,148.00
1990-04-30,49576.01,3.28,335.34,0.00,22.16,9.45,1189.29,147.00
1990-05-01,49766.39,0.00,341.47,0.00,15.90,6.76,979.80,141.00
1990-05-02,49766.39,0.00,508.31,0.00,19.43,2.31,656.20,132.00
1990-05-03,50112.00,0.00,478.00,0.00,13.74,-0.92,552.71,122.00
1990-05-04,50112.00,0.00,457.99,0.00,15.79,1.81,668.54,122.00
1990-05-05,50450.20,16.44,142.14,0.00,11.63,6.73,979.14,217.00
1990-05-06,50457.60,0.00,473.77,0.00,15.90,1.10,626.44,177.00
1990-05-07,50457.60,4.42,357.23,0.00,13.79,1.02,642.50,156.00
1990-05-08,50803.21,0.00,489.25,0.00,18.38,2.29,659.01,143.00
1990-05-09,50803.21,0.00,467.67,0.00,24.79,9.09,1025.47,133.00
1990-05-10,51082.91,8.56,311.16,0.00,24.26,11.06,1319.03,275.00
1990-05-11,51148.79,17.28,340.81,0.00,16.42,2.17,716.61,503.00
1990-05-12,51148.79,1.06,424.56,0.00,10.26,-2.64,504.82,361.00
1990-05-13,51494.41,5.13,290.76,0.00,12.42,1.21,665.02,375.00
1990-05-14,51494.41,8.75,306.94,0.00,16.27,4.05,818.75,661.00
1990-05-15,51494.41,0.00,471.84,0.00,20.39,4.87,837.37,490.00
1990-05-16,51839.98,9.10,280.14,0.00,21.60,10.30,1264.15,606.00
1990-05-17,51839.98,9.91,121.91,0.00,18.12,13.72,1575.55,690.00
1990-05-18,51840.05,4.00,389.70,0.00,21.86,5.66,905.84,571.00
1990-05-19,52185.59,0.81,279.53,0.00,13.31,5.67,917.04,471.00
1990-05-20,52185.59,0.00,488.58,0.00,21.13,5.48,873.53,393.00
1990-05-21,52185.59,5.11,312.86,0.00,20.17,7.84,1067.25,362.00
1990-05-22,52523.80,0.09,258.23,0.00,9.72,3.25,774.95,317.00
1990-05-23,52531.21,0.00,438.04,0.00,13.80,1.71,691.44,268.00
1990-05-24,52531.21,0.00,492.43,0.00,18.61,3.71,780.57,234.00
1990-05-25,52686.43,0.00,475.93,0.00,16.24,2.60,730.65,203.00
1990-05-26,52876.81,0.00,510.19,0.00,21.22,5.23,835.23,182.00
1990-05-27,52876.81,0.41,379.53,0.00,16.31,6.51,971.32,172.00
1990-05-28,52876.81,0.00,489.83,0.00,20.96,6.51,920.52,152.00
1990-05-29,53032.03,11.03,342.11,0.00,22.44,9.36,1188.98,244.00
1990-05-30,53222.40,24.76,298.02,0.00,14.49,4.41,837.60,556.00
1990-05-31,53222.40,0.00,504.50,0.00,15.92,1.24,666.22,302.00
1990-06-01,53222.40,0.00,545.25,0.00,21.20,3.05,736.89,243.00
1990-06-02,53222.47,0.00,523.22,0.00,23.82,6.82,952.43,213.00
1990-06-03,53502.11,0.00,447.44,0.00,26.04,12.75,1444.11,200.00
1990-06-04,53567.98,2.11,491.72,0.00,26.32,9.69,1165.36,193.00
1990-06-05,53567.98,0.00,501.49,0.00,16.63,1.62,684.76,171.00
1990-06-06,53567.98,0.00,518.49,0.00,19.09,2.73,734.83,150.00
1990-06-07,53567.98,5.29,305.89,0.00,22.03,10.54,1283.22,172.00
1990-06-08,53611.84,0.00,464.62,0.00,22.59,8.86,1136.86,146.00
1990-06-09,53847.71,3.87,179.60,0.00,18.26,12.57,1445.25,138.00
1990-06-10,53913.61,1.84,368.85,0.00,22.54,10.69,1295.64,134.00
1990-06-11,53913.61,0.02,275.26,0.00,19.34,12.51,1440.85,119.00
1990-06-12,53913.61,0.00,439.77,0.00,16.66,4.99,877.72,108.00
1990-06-13,53913.61,0.00,500.13,0.00,21.76,6.74,964.59,95.00
1990-06-14,53913.61,0.00,479.03,0.00,24.01,9.80,1195.84,86.00
1990-06-15,53913.61,17.26,313.16,0.00,27.45,15.32,1742.20,230.00
1990-06-16,53913.61,0.00,332.99,0.00,24.04,15.13,1720.17,157.00
1990-06-17,53913.61,0.00,368.98,0.00,25.75,15.66,1775.82,141.00
1990-06-18,53913.61,0.00,366.70,0.00,27.03,16.81,1906.40,240.00
1990-06-19,53913.67,14.51,264.86,0.00,23.52,14.23,1625.55,311.00
1990-06-20,53913.67,2.66,279.10,0.00,20.45,12.81,1474.35,241.00
1990-06-21,53913.67,1.66,299.03,0.00,21.15,12.97,1490.35,203.00
1990-06-22,53913.67,0.00,424.16,0.00,24.14,12.45,1435.00,176.00
1990-06-23,53913.67,6.25,273.26,0.00,24.69,15.08,1726.14,194.00
1990-06-24,53913.67,1.85,397.18,0.00,22.79,12.26,1426.83,197.00
1990-06-25,53913.61,1.03,372.87,0.00,19.29,10.20,1256.24,162.00
1990-06-26,53913.61,0.00,460.93,0.00,20.85,8.50,1120.07,133.00
1990-06-27,53913.61,0.00,501.40,0.00,25.17,10.17,1233.34,107.00
1990-06-28,53913.61,0.00,475.11,0.00,25.46,11.76,1374.34,90.00
1990-06-29,53913.61,3.84,334.23,0.00,25.70,13.16,1512.69,103.00
1990-06-30,53913.61,14.99,324.00,0.00,27.67,15.42,1754.70,186.00
1990-07-01,53913.61,6.32,303.65,0.00,26.76,15.87,1790.69,142.00
1990-07-02,53913.61,6.31,349.09,0.00,22.59,10.04,1242.99,139.00
1990-07-03,53906.19,0.00,501.86,0.00,24.24,9.62,1203.49,99.00
1990-07-04,53723.20,0.00,494.89,0.00,27.37,12.55,1430.28,86.00
1990-07-05,53568.05,0.00,472.81,0.00,32.82,17.88,1996.56,75.00
1990-07-06,53567.98,0.00,525.10,0.00,28.16,11.12,1283.90,60.00
1990-07-07,53567.98,0.00,513.59,0.00,20.67,5.89,926.45,52.00
1990-07-08,53567.98,0.00,494.70,0.00,21.89,7.95,1068.04,42.00
1990-07-09,53567.98,5.95,297.94,0.00,23.73,13.36,1530.13,84.00
1990-07-10,53377.61,5.59,260.28,0.00,24.64,15.81,1792.00,172.00
1990-07-11,53222.40,4.11,378.16,0.00,25.22,12.04,1405.27,131.00
1990-07-12,53222.40,41.41,169.84,0.00,17.75,12.58,1451.73,1210.00
1990-07-13,53222.40,30.70,201.85,0.00,17.66,11.58,1366.79,1390.00
1990-07-14,53214.98,4.74,249.00,0.00,19.10,11.78,1384.87,736.00
1990-07-15,52876.88,4.01,301.95,0.00,21.70,12.08,1414.21,701.00
1990-07-16,52876.81,8.21,320.76,0.00,25.32,14.09,1611.05,1230.00
1990-07-17,52876.81,0.00,418.02,0.00,24.76,13.92,1593.81,771.00
1990-07-18,52869.40,0.00,450.91,0.00,27.58,14.91,1703.62,575.00
1990-07-19,52531.21,0.00,449.48,0.00,28.24,15.39,1751.44,451.00
1990-07-20,52531.21,0.00,455.62,0.00,29.64,16.05,1815.68,373.00
1990-07-21,52531.21,13.76,302.27,0.00,28.80,17.48,1996.66,462.00
1990-07-22,52340.82,3.95,309.89,0.00,23.96,14.90,1698.92,369.00
1990-07-23,52185.59,5.30,274.03,0.00,25.83,16.29,1843.99,313.00
1990-07-24,52185.59,5.80,352.17,0.00,25.88,12.06,1408.74,282.00
1990-07-25,52119.70,0.00,479.82,0.00,25.40,11.07,1327.55,232.00
1990-07-26,51839.98,0.00,486.31,0.00,26.15,11.20,1336.64,197.00
1990-07-27,51839.98,0.00,481.94,0.00,26.62,11.79,1385.22,172.00
1990-07-28,51774.12,0.00,453.39,0.00,27.58,14.00,1601.45,151.00
1990-07-29,51494.41,0.00,454.85,0.00,27.82,14.08,1607.87,134.00
1990-07-30,51494.41,0.00,432.43,0.00,27.60,14.90,1697.59,122.00
1990-07-31,51304.00,0.00,410.20,0.00,28.53,16.54,1876.39,118.00
1990-08-01,51148.79,6.97,315.40,0.00,21.05,9.66,1212.71,115.00
1990-08-02,51148.79,0.00,471.04,0.00,22.70,8.90,1152.25,96.00
1990-08-03,50803.21,0.00,486.48,0.00,25.66,10.42,1273.95,83.00
1990-08-04,50803.21,0.00,478.60,0.00,27.63,12.40,1434.42,73.00
1990-08-05,50795.79,10.91,316.97,0.00,28.06,15.59,1768.67,106.00
1990-08-06,50457.60,23.78,180.56,0.00,21.14,15.31,1741.62,243.00
1990-08-07,50457.60,6.10,268.74,0.00,22.85,14.14,1614.29,187.00
1990-08-08,50112.00,0.00,354.19,0.00,23.06,13.99,1599.22,135.00
1990-08-09,50112.00,0.00,468.54,0.00,24.76,10.84,1307.52,104.00
1990-08-10,50104.59,4.46,270.05,0.00,20.51,12.01,1403.12,93.00
1990-08-11,49766.39,0.09,308.90,0.00,22.32,14.56,1658.38,88.00
1990-08-12,49766.39,0.00,427.22,0.00,25.46,13.16,1511.32,76.00
1990-08-13,49420.81,0.00,437.03,0.00,26.54,13.41,1537.77,77.00
1990-08-14,49420.81,13.93,340.62,0.00,26.21,12.02,1404.59,128.00
1990-08-15,49075.28,0.00,448.36,0.00,24.09,10.51,1280.95,93.00
1990-08-16,49075.21,0.00,469.93,0.00,24.85,9.76,1220.43,74.00
1990-08-17,49067.80,8.24,334.59,0.00,26.85,12.89,1481.21,84.00
1990-08-18,48729.59,0.00,457.57,0.00,29.36,13.71,1568.46,74.00
1990-08-19,48729.59,3.95,309.91,0.00,29.41,17.54,2006.32,110.00
1990-08-20,48383.99,3.10,266.71,0.00,21.58,12.96,1476.88,93.00
1990-08-21,48383.99,5.33,187.64,0.00,15.86,9.55,1203.72,108.00
1990-08-22,48038.40,9.16,90.54,0.00,14.96,12.17,1416.54,190.00
1990-08-23,48038.40,11.54,150.03,0.00,17.61,12.71,1467.90,593.00
1990-08-24,47692.79,21.35,147.80,0.00,18.08,13.33,1530.56,670.00
1990-08-25,47692.79,0.00,326.82,0.00,23.65,15.09,1714.94,462.00
1990-08-26,47347.27,0.00,406.83,0.00,26.27,14.50,1653.66,392.00
1990-08-27,47347.20,0.00,405.39,0.00,26.49,14.72,1677.57,311.00
1990-08-28,47156.81,7.58,312.08,0.00,27.45,14.91,1697.56,282.00
1990-08-29,47001.60,11.53,331.35,0.00,28.08,13.85,1585.46,384.00
1990-08-30,46994.19,0.00,456.41,0.00,23.97,9.63,1210.11,286.00
1990-08-31,46655.99,0.00,470.14,0.00,23.51,8.04,1083.32,229.00
1990-09-01,46655.99,0.00,466.95,0.00,25.26,9.40,1192.01,195.00
1990-09-02,46310.38,0.00,444.29,0.00,26.21,11.61,1369.01,175.00
1990-09-03,46310.38,0.00,465.45,0.00,27.79,10.96,1316.51,156.00
1990-09-04,45964.79,0.00,483.09,0.00,23.99,6.17,945.93,137.00
1990-09-05,45964.79,2.52,378.09,0.00,22.70,8.65,1132.17,140.00
1990-09-06,45619.20,10.49,203.08,0.00,21.84,14.31,1631.45,157.00
1990-09-07,45619.20,1.06,322.65,0.00,24.76,15.17,1725.52,136.00
1990-09-08,45273.61,1.73,431.54,0.00,21.93,5.71,919.85,134.00
1990-09-09,45273.61,0.00,420.96,0.00,19.41,5.80,925.21,122.00
1990-09-10,44928.00,9.88,155.12,0.00,15.12,9.60,1208.23,193.00
1990-09-11,44928.00,0.00,388.24,0.00,23.20,10.65,1293.04,146.00
1990-09-12,44582.39,0.00,374.79,0.00,25.61,13.28,1523.72,116.00
1990-09-13,44582.39,0.00,339.10,0.00,25.44,14.72,1674.10,104.00
1990-09-14,44236.80,0.00,397.25,0.00,26.28,12.45,1439.72,96.00
1990-09-15,44236.80,12.47,216.88,0.00,21.31,12.87,1479.09,242.00
1990-09-16,43891.20,0.01,387.46,0.00,19.12,6.90,994.14,184.00
1990-09-17,43891.20,8.46,303.31,0.00,16.03,3.11,766.72,192.00
1990-09-18,43545.59,0.00,414.94,0.00,11.67,-1.56,548.40,157.00
1990-09-19,43545.59,0.00,437.89,0.00,16.06,0.24,622.09,154.00
1990-09-20,43200.02,12.43,187.05,0.00,12.19,5.20,892.99,346.00
1990-09-21,43200.02,0.00,366.17,0.00,16.15,4.25,830.77,229.00
1990-09-22,42854.41,5.04,284.38,0.00,18.69,5.40,899.49,242.00
1990-09-23,42854.41,0.47,338.63,0.00,16.67,5.40,900.91,235.00
1990-09-24,42508.79,1.30,284.33,0.00,12.91,3.98,813.14,200.00
1990-09-25,42508.79,0.00,388.32,0.00,17.77,3.27,778.24,177.00
1990-09-26,42163.20,2.39,316.34,0.00,17.37,5.13,885.78,165.00
1990-09-27,42163.20,4.48,173.43,0.00,15.38,8.07,1085.79,157.00
1990-09-28,41817.59,0.00,350.73,0.00,19.64,6.84,994.33,144.00
1990-09-29,41817.59,0.00,371.70,0.00,21.73,7.19,1019.02,129.00
1990-09-30,41472.02,4.44,251.75,0.00,23.73,11.00,1320.36,132.00
1990-10-01,41472.02,1.35,392.46,0.00,21.00,3.70,797.54,138.00
1990-10-02,41126.39,0.00,369.73,0.00,19.11,4.53,844.76,120.00
1990-10-03,41126.39,0.00,408.03,0.00,19.12,0.47,631.22,109.00
1990-10-04,40780.78,0.00,379.24,0.00,18.29,2.57,735.47,151.00
1990-10-05,40780.78,14.60,253.95,0.00,19.16,6.03,928.29,300.00
1990-10-06,40435.20,0.00,360.68,0.00,22.46,6.84,987.00,188.00
1990-10-07,40435.20,0.00,346.06,0.00,25.45,9.99,1238.97,157.00
1990-10-08,40089.59,0.00,326.56,0.00,25.11,11.02,1321.50,144.00
1990-10-09,40089.59,0.62,325.88,0.00,24.36,10.20,1255.82,139.00
1990-10-10,39744.00,5.07,225.96,0.00,23.12,10.37,1269.60,204.00
1990-10-11,39744.00,16.84,218.00,0.00,23.27,10.96,1317.07,750.00
1990-10-12,39405.81,28.07,172.39,0.00,18.76,9.91,1232.86,1700.00
1990-10-13,39398.39,38.44,210.39,0.00,21.48,9.75,1220.22,4460.00
1990-10-14,39243.18,4.40,173.10,0.00,21.57,12.95,1475.79,2170.00
1990-10-15,39052.80,0.00,240.89,0.00,18.08,8.57,1125.91,1230.00
1990-10-16,39052.80,0.00,330.58,0.00,17.24,2.10,714.75,845.00
1990-10-17,38707.19,0.00,330.92,0.00,18.28,2.60,733.00,646.00
1990-10-18,38707.19,0.00,320.90,0.00,19.96,4.61,850.44,1200.00
1990-10-19,38361.61,33.48,249.65,0.00,19.31,2.38,727.08,1490.00
1990-10-20,38361.61,0.00,278.45,0.00,8.92,-2.93,492.10,961.00
1990-10-21,38015.99,0.00,331.38,0.00,14.48,-2.48,511.64,749.00
1990-10-22,38015.99,0.00,250.22,0.00,14.81,3.83,800.00,621.00
1990-10-23,37670.39,15.02,109.64,0.00,14.52,8.52,1121.42,3200.00
1990-10-24,37670.39,51.36,158.55,0.00,13.96,4.94,870.92,3500.00
1990-10-25,37390.68,0.00,266.70,0.00,14.17,1.97,705.72,1580.00
1990-10-26,37324.80,1.87,232.27,0.00,12.42,1.22,661.41,1040.00
1990-10-27,37324.73,0.00,222.07,0.00,3.46,-5.93,393.91,769.00
1990-10-28,36979.21,1.21,308.20,0.00,10.40,-5.04,423.40,614.00
1990-10-29,36979.21,1.00,233.53,0.00,8.92,-1.31,558.15,499.00
1990-10-30,36633.62,0.00,255.25,0.00,6.38,-5.18,422.55,419.00
1990-10-31,36633.62,0.00,312.79,0.00,15.13,-3.14,483.68,367.00
1990-11-01,36295.40,0.00,243.62,0.00,16.27,4.31,824.79,326.00
1990-11-02,36287.99,0.00,280.97,0.00,20.89,4.99,878.88,293.00
1990-11-03,36287.99,0.00,257.25,0.00,19.57,5.89,920.00,264.00
1990-11-04,35942.39,0.00,265.70,0.00,21.39,6.45,955.76,242.00
1990-11-05,35942.39,0.00,261.87,0.00,18.07,3.77,803.21,227.00
1990-11-06,35604.21,15.63,177.17,0.00,16.34,4.18,818.96,455.00
1990-11-07,35596.80,0.00,197.05,0.00,7.48,-1.59,546.71,317.00
1990-11-08,35596.80,6.17,110.65,0.00,4.81,-1.52,552.44,279.00
1990-11-09,35251.20,0.00,174.56,0.00,2.55,-5.13,429.97,256.00
1990-11-10,35251.20,23.22,127.59,0.00,3.04,-4.37,443.67,1570.00
1990-11-11,35207.35,14.27,129.08,0.00,6.92,-0.77,578.93,1300.00
1990-11-12,34905.62,3.87,130.74,0.00,2.83,-3.93,459.45,900.00
1990-11-13,34905.62,0.00,144.46,0.00,1.92,-4.29,446.91,689.00
1990-11-14,34625.88,0.00,145.24,0.00,1.94,-4.33,445.45,550.00
1990-11-15,34559.98,0.00,246.90,0.00,10.83,-2.35,520.00,469.00
1990-11-16,34559.98,0.00,267.82,0.00,17.78,0.47,635.22,415.00
1990-11-17,34280.28,3.56,196.45,0.00,18.38,1.73,698.33,444.00
1990-11-18,34214.41,0.00,191.25,0.00,4.30,-4.63,435.72,379.00
1990-11-19,34214.41,0.00,214.43,0.00,2.34,-8.16,328.16,328.00
1990-11-20,34059.20,0.00,236.72,0.00,5.03,-7.45,348.44,299.00
1990-11-21,33868.82,0.00,218.25,0.00,7.42,-3.80,455.72,275.00
1990-11-22,33868.82,0.00,226.35,0.00,10.43,-2.04,528.68,257.00
1990-11-23,33868.82,3.39,96.12,0.00,9.22,3.19,775.04,266.00
1990-11-24,33530.62,0.00,199.52,0.00,9.89,-0.42,593.65,251.00
1990-11-25,33523.21,0.00,159.35,0.00,6.24,-1.37,555.36,232.00
1990-11-26,33523.21,0.00,231.60,0.00,12.69,-1.21,560.00,212.00
1990-11-27,33523.14,0.00,197.76,0.00,9.29,-1.07,564.79,196.00
1990-11-28,33185.02,0.00,182.57,0.00,14.18,4.44,835.20,187.00
1990-11-29,33177.61,0.00,241.11,0.00,18.58,1.26,666.20,177.00
1990-11-30,33177.61,0.11,149.36,0.00,2.76,-4.38,444.16,164.00
1990-12-01,33177.61,0.00,189.67,0.00,4.39,-5.39,414.36,154.00
1990-12-02,33022.39,0.00,209.47,0.00,9.67,-2.05,521.18,147.00
1990-12-03,32831.99,0.00,184.53,0.00,6.68,-2.78,499.22,213.00
1990-12-04,32831.99,40.27,165.79,0.00,10.64,-2.66,503.86,3690.00
1990-12-05,32831.99,4.88,196.14,0.00,5.08,-7.20,354.70,1500.00
1990-12-06,32831.99,0.00,138.71,0.00,-1.62,-7.30,351.47,933.00
1990-12-07,32831.92,0.00,186.67,0.00,2.80,-5.40,412.87,697.00
1990-12-08,32676.78,0.00,182.06,0.00,2.38,-5.67,402.58,554.00
1990-12-09,32493.81,0.00,224.84,0.00,6.28,-5.08,430.12,462.00
1990-12-10,32486.40,0.00,211.03,0.00,7.86,-2.91,493.24,402.00
1990-12-11,32486.40,0.00,218.18,0.00,6.71,-4.96,438.53,346.00
1990-12-12,32486.40,0.00,150.15,0.00,-0.61,-7.40,348.86,308.00
1990-12-13,32486.40,0.00,221.78,0.00,8.84,-4.22,440.22,289.00
1990-12-14,32486.40,0.00,249.25,0.00,9.53,-9.36,299.29,258.00
1990-12-15,32486.40,0.00,184.19,0.00,-0.59,-10.10,283.09,233.00
1990-12-16,32486.40,4.39,98.45,0.00,2.47,-3.78,465.69,233.00
1990-12-17,32486.40,0.00,104.19,0.00,3.11,-1.66,544.62,225.00
1990-12-18,32486.33,9.24,90.10,0.00,3.34,-2.23,520.31,460.00
1990-12-19,32486.33,13.60,63.98,0.00,4.23,0.35,623.27,722.00
1990-12-20,32486.33,0.00,218.57,0.00,4.69,-8.05,332.43,495.00
1990-12-21,32486.33,1.27,194.33,0.00,3.10,-7.09,358.71,566.00
1990-12-22,32486.33,3.47,103.51,0.00,8.21,1.67,690.85,638.00
1990-12-23,32486.33,5.53,106.87,0.00,13.88,6.68,974.08,1010.00
1990-12-24,32486.40,14.65,173.17,0.00,13.60,-3.54,472.87,1260.00
1990-12-25,32486.40,0.00,210.26,0.00,-1.96,-13.83,209.25,914.00
1990-12-26,32486.40,0.00,168.59,0.00,-4.90,-13.05,224.71,707.00
1990-12-27,32486.40,0.00,213.95,0.00,-2.88,-14.95,192.19,539.00
1990-12-28,32486.40,12.13,110.43,0.00,-6.34,-12.30,238.90,491.00
1990-12-29,32486.40,1.38,194.52,0.00,0.75,-8.27,326.27,445.00
1990-12-30,32486.40,4.18,156.63,0.00,8.44,-1.23,560.50,921.00
1990-12-31,32486.40,18.30,190.35,0.00,9.84,-4.63,438.66,2150.00
1991-01-01,32486.40,0.00,176.20,0.00,-3.03,-10.61,273.85,1180.00
1991-01-02,32552.27,0.00,210.85,0.00,0.10,-9.59,288.06,869.00
1991-01-03,32788.14,0.00,224.20,0.00,1.50,-9.11,305.07,682.00
1991-01-04,32831.99,0.00,210.43,0.00,-1.20,-10.66,271.39,536.00
1991-01-05,32831.99,0.00,208.54,0.00,-1.49,-10.77,274.76,430.00
1991-01-06,32831.99,1.00,205.68,0.00,0.70,-8.38,320.76,405.00
1991-01-07,32831.99,0.10,176.51,0.00,1.01,-6.41,377.06,351.00
1991-01-08,32897.87,0.00,252.69,0.00,-4.10,-16.42,170.26,272.00
1991-01-09,33177.54,1.00,250.11,0.00,-2.69,-14.65,198.21,280.00
1991-01-10,33177.61,0.00,154.71,0.00,0.75,-5.46,409.21,259.00
1991-01-11,33177.61,2.66,197.74,0.00,-1.41,-11.75,250.63,225.00
1991-01-12,33177.61,13.38,169.13,0.00,-0.68,-10.36,277.92,237.00
1991-01-13,33367.98,0.00,228.79,0.00,1.34,-8.41,323.17,222.00
1991-01-14,33523.21,0.00,251.04,0.00,-0.69,-11.80,240.00,182.00
1991-01-15,33523.21,0.00,253.65,0.00,2.19,-9.09,303.57,192.00
1991-01-16,33523.21,9.18,187.38,0.00,8.31,-2.96,487.76,620.00
1991-01-17,33713.60,16.48,108.47,0.00,4.89,-0.60,585.88,946.00
1991-01-18,33868.82,0.00,185.85,0.00,1.93,-5.20,418.09,627.00
1991-01-19,33868.82,0.00,201.55,0.00,1.01,-6.75,367.08,504.00
1991-01-20,33876.23,0.00,229.10,0.00,4.61,-4.60,437.16,462.00
1991-01-21,34214.41,7.82,232.59,0.00,4.79,-11.64,250.40,429.00
1991-01-22,34214.41,0.00,281.21,0.00,-9.69,-21.51,115.43,300.00
1991-01-23,34214.41,0.00,284.25,0.00,-9.14,-21.00,121.01,310.00
1991-01-24,34559.92,0.00,262.47,0.00,-3.02,-13.31,220.95,290.00
1991-01-25,34559.98,0.00,323.67,0.00,-3.24,-19.17,132.23,240.00
1991-01-26,34559.98,0.00,284.01,0.00,-7.61,-18.91,134.68,220.00
1991-01-27,34905.62,0.00,303.94,0.00,-2.95,-15.73,180.57,220.00
1991-01-28,34905.62,1.37,266.81,0.00,0.58,-9.52,288.73,227.00
1991-01-29,34905.62,0.00,312.99,0.00,5.03,-8.49,320.00,204.00
1991-01-30,35251.20,3.21,242.38,0.00,5.22,-8.13,329.80,205.00
1991-01-31,35251.20,5.08,189.70,0.00,2.35,-6.64,371.02,202.00
1991-02-01,35317.09,0.00,291.99,0.00,-1.80,-12.64,231.35,160.00
1991-02-02,35596.80,0.00,247.58,0.00,-2.67,-10.99,267.00,157.00
1991-02-03,35596.80,0.00,330.46,0.00,8.97,-5.16,427.46,154.00
1991-02-04,35942.39,0.00,342.04,0.00,13.40,-2.36,520.00,192.00
1991-02-05,35942.39,0.00,347.93,0.00,15.12,-1.52,558.21,204.00
1991-02-06,35949.80,0.00,298.26,0.00,12.55,0.84,640.00,292.00
1991-02-07,36287.99,9.52,92.16,0.00,5.31,1.46,679.46,879.00
1991-02-08,36287.99,4.40,138.24,0.00,5.04,-0.78,578.53,841.00
1991-02-09,36633.62,0.00,307.18,0.00,7.77,-3.40,472.31,689.00
1991-02-10,36633.62,0.00,297.59,0.00,7.25,-3.21,480.89,579.00
1991-02-11,36823.99,0.00,356.62,0.00,4.24,-10.08,283.83,481.00
1991-02-12,36979.21,0.00,299.56,0.00,-3.22,-13.23,221.88,379.00
1991-02-13,36979.21,0.00,285.87,0.00,-3.29,-12.49,235.13,364.00
1991-02-14,37324.80,12.84,172.63,0.00,1.42,-5.52,409.35,379.00
1991-02-15,37324.80,4.65,217.12,0.00,1.93,-6.88,364.71,364.00
1991-02-16,37670.39,0.00,366.82,0.00,-3.81,-16.79,166.62,267.00
1991-02-17,37670.39,0.00,297.06,0.00,-6.23,-15.32,186.89,260.00
1991-02-18,38015.92,0.00,279.02,0.00,-0.75,-9.14,306.48,251.00
1991-02-19,38015.99,3.43,191.74,0.00,2.22,-5.29,414.76,251.00
1991-02-20,38081.87,2.14,247.22,0.00,7.90,0.49,639.53,578.00
1991-02-21,38361.61,0.00,395.39,0.00,9.34,-5.02,431.97,501.00
1991-02-22,38361.61,0.00,370.90,0.00,9.96,-2.56,514.98,472.00
1991-02-23,38707.19,0.00,443.61,0.00,7.67,-12.52,234.95,418.00
1991-02-24,38707.19,0.00,332.34,0.00,-3.04,-12.72,230.58,363.00
1991-02-25,39052.80,0.00,349.45,0.00,2.94,-7.51,348.66,350.00
1991-02-26,39052.80,1.16,305.86,0.00,1.83,-6.60,372.88,325.00
1991-02-27,39398.39,0.00,370.72,0.00,-1.16,-12.04,244.52,288.00
1991-02-28,39398.39,0.00,303.44,0.00,-1.75,-9.74,290.02,265.00
1991-03-01,39744.00,0.00,397.29,0.00,5.90,-6.09,389.49,254.00
1991-03-02,39744.00,6.84,331.70,0.00,16.23,-0.71,583.54,480.00
1991-03-03,40089.59,16.74,314.34,0.00,18.06,3.18,771.22,1160.00
1991-03-04,40089.59,22.55,316.38,0.00,14.84,0.20,618.16,2930.00
1991-03-05,40435.20,3.32,208.92,0.00,3.96,-3.18,482.86,1650.00
1991-03-06,40435.20,0.00,411.25,0.00,9.07,-3.52,472.36,1080.00
1991-03-07,40780.78,1.40,424.57,0.00,12.21,-1.86,532.23,921.00
1991-03-08,40780.78,0.00,393.86,0.00,2.12,-8.77,313.75,674.00
1991-03-09,41126.39,0.00,374.22,0.00,-0.04,-10.11,284.27,549.00
1991-03-10,41126.39,0.00,434.90,0.00,4.38,-8.81,312.12,476.00
1991-03-11,41472.02,0.00,420.48,0.00,2.52,-9.62,293.72,404.00
1991-03-12,41472.02,0.00,409.48,0.00,-0.15,-11.55,253.57,351.00
1991-03-13,41817.59,0.00,468.24,0.00,3.47,-11.30,259.67,323.00
1991-03-14,41817.59,5.63,284.30,0.00,2.93,-6.97,362.58,312.00
1991-03-15,42163.20,11.65,143.89,0.00,0.83,-3.55,470.75,290.00
1991-03-16,42163.20,0.00,410.11,0.00,3.23,-7.62,344.13,270.00
1991-03-17,42508.79,0.00,487.60,0.00,8.45,-7.06,360.08,289.00
1991-03-18,42508.79,4.14,342.54,0.00,12.13,-1.50,559.75,369.00
1991-03-19,42854.41,3.70,190.91,0.00,5.38,-0.65,585.81,436.00
1991-03-20,42854.41,0.00,357.79,0.00,8.26,-0.79,579.29,393.00
1991-03-21,43200.02,0.00,431.88,0.00,8.98,-2.95,491.09,358.00
1991-03-22,43200.02,0.00,402.40,0.00,10.81,-0.04,600.82,375.00
1991-03-23,43200.02,8.03,194.28,0.00,7.83,1.72,697.74,495.00
1991-03-24,43545.59,3.22,116.96,0.00,4.06,0.68,637.18,585.00
1991-03-25,43545.59,1.86,311.93,0.00,8.20,1.18,661.99,560.00
1991-03-26,43891.20,1.87,425.12,0.00,5.44,-5.09,421.59,505.00
1991-03-27,43891.20,1.93,418.73,0.00,8.76,-2.03,528.77,518.00
1991-03-28,44236.80,3.72,343.78,0.00,16.50,4.28,831.81,498.00
1991-03-29,44236.80,0.00,490.22,0.00,17.23,1.96,717.05,431.00
1991-03-30,44582.39,1.22,526.09,0.00,9.92,-6.50,375.93,395.00
1991-03-31,44582.39,0.00,480.54,0.00,2.64,-10.07,284.42,354.00
1991-04-01,44928.00,0.00,500.47,0.00,6.74,-7.00,360.09,336.00
1991-04-02,44928.00,0.00,410.91,0.00,5.96,-3.89,460.89,315.00
1991-04-03,45273.61,0.00,483.61,0.00,4.53,-8.13,330.69,278.00
1991-04-04,45273.61,0.00,540.92,0.00,12.53,-5.36,414.48,255.00
1991-04-05,45619.20,0.00,505.07,0.00,17.21,1.51,680.66,242.00
1991-04-06,45619.20,0.00,457.90,0.00,17.38,4.47,837.94,236.00
1991-04-07,45964.79,0.11,478.88,0.00,22.58,7.29,1014.57,227.00
1991-04-08,45964.79,0.00,495.20,0.00,27.44,9.74,1158.87,213.00
1991-04-09,46310.38,8.99,337.78,0.00,26.25,11.71,1376.78,310.00
1991-04-10,46310.38,6.00,351.48,0.00,25.01,9.34,1187.41,369.00
1991-04-11,46655.99,0.00,506.83,0.00,13.14,-3.37,478.26,301.00
1991-04-12,46655.99,0.00,453.32,0.00,8.71,-3.96,456.56,270.00
1991-04-13,47001.60,0.00,465.90,0.00,10.07,-3.33,478.92,261.00
1991-04-14,47001.60,1.57,262.77,0.00,6.58,0.25,622.84,267.00
1991-04-15,47347.20,4.12,240.26,0.00,8.58,0.66,640.39,297.00
1991-04-16,47347.20,2.39,264.38,0.00,10.44,3.28,779.56,295.00
1991-04-17,47692.79,1.84,438.47,0.00,17.71,5.22,897.86,262.00
1991-04-18,47692.79,0.00,480.39,0.00,14.90,0.31,621.24,245.00
1991-04-19,48038.40,0.00,405.40,0.00,11.49,0.66,638.17,230.00
1991-04-20,48038.40,2.46,311.61,0.00,10.94,2.18,714.11,228.00
1991-04-21,48318.11,7.33,86.68,0.00,4.71,2.33,724.30,285.00
1991-04-22,48383.99,23.80,183.02,0.00,4.87,-0.72,582.22,602.00
1991-04-23,48384.06,0.58,350.44,0.00,7.95,-0.89,570.47,556.00
1991-04-24,48729.59,0.00,481.03,0.00,15.83,1.42,673.71,556.00
1991-04-25,48729.59,10.22,278.63,0.00,11.23,1.76,695.18,605.00
1991-04-26,49075.21,0.00,490.76,0.00,17.99,2.74,738.74,497.00
1991-04-27,49075.21,0.00,496.99,0.00,21.12,4.97,864.83,452.00
1991-04-28,49420.81,0.00,502.52,0.00,25.27,7.99,1046.15,402.00
1991-04-29,49420.81,0.11,471.35,0.00,22.08,7.55,1036.76,353.00
1991-04-30,49576.01,1.34,210.24,0.00,13.49,8.47,1117.51,329.00
1991-05-01,49766.39,0.00,503.83,0.00,23.64,7.09,978.43,296.00
1991-05-02,49766.39,4.73,403.24,0.00,23.67,3.54,789.01,287.00
1991-05-03,50112.00,1.05,349.40,0.00,11.81,2.83,751.92,251.00
1991-05-04,50112.00,0.00,469.23,0.00,12.13,-0.86,575.32,224.00
1991-05-05,50450.20,0.00,530.56,0.00,17.55,0.26,615.18,203.00
1991-05-06,50457.60,6.29,376.77,0.00,21.52,5.51,912.81,255.00
1991-05-07,50457.60,17.96,351.92,0.00,18.49,4.90,868.66,420.00
1991-05-08,50803.21,0.00,462.72,0.00,13.90,1.30,669.64,289.00
1991-05-09,50803.21,0.00,528.08,0.00,19.95,2.75,739.86,262.00
1991-05-10,51082.91,1.33,433.62,0.00,18.91,7.19,1015.20,252.00
1991-05-11,51148.79,0.00,515.07,0.00,20.48,4.48,826.59,231.00
1991-05-12,51148.79,0.00,520.52,0.00,25.04,7.67,1010.84,213.00
1991-05-13,51494.41,0.00,484.51,0.00,27.50,12.02,1359.57,198.00
1991-05-14,51494.41,0.00,447.63,0.00,28.02,14.16,1588.59,200.00
1991-05-15,51494.41,0.00,479.53,0.00,27.10,11.63,1332.37,170.00
1991-05-16,51839.98,0.00,510.97,0.00,26.91,9.28,1095.45,144.00
1991-05-17,51839.98,0.00,456.99,0.00,27.58,12.96,1431.52,130.00
1991-05-18,51840.05,4.06,421.15,0.00,26.54,4.58,845.05,127.00
1991-05-19,52185.59,0.00,418.60,0.00,16.32,4.51,844.44,108.00
1991-05-20,52185.59,0.00,489.15,0.00,18.04,2.73,739.84,95.00
1991-05-21,52185.59,0.00,488.10,0.00,21.25,5.23,860.07,87.00
1991-05-22,52523.80,0.00,499.84,0.00,25.61,7.93,999.76,79.00
1991-05-23,52531.21,0.00,478.37,0.00,28.07,11.06,1236.08,70.00
1991-05-24,52531.21,0.00,445.22,0.00,29.15,13.69,1497.44,63.00
1991-05-25,52686.43,1.02,337.93,0.00,27.77,16.88,1912.46,52.00
1991-05-26,52876.81,0.00,406.36,0.00,30.43,16.54,1838.33,33.00
1991-05-27,52876.81,0.00,342.07,0.00,27.81,16.93,1924.54,35.00
1991-05-28,52876.81,3.64,274.02,0.00,27.96,16.30,1847.41,77.00
1991-05-29,53032.03,0.00,499.55,0.00,29.12,10.91,1203.25,40.00
1991-05-30,53222.40,0.00,435.23,0.00,29.45,14.44,1584.91,29.00
1991-05-31,53222.40,0.00,367.05,0.00,28.16,16.28,1848.93,31.00
1991-06-01,53222.40,0.00,385.66,0.00,27.47,15.16,1702.21,26.00
1991-06-02,53222.47,0.00,511.23,0.00,26.30,7.86,936.06,18.00
1991-06-03,53502.11,0.00,475.56,0.00,24.44,8.47,957.08,17.00
1991-06-04,53567.98,1.19,448.57,0.00,25.82,10.24,1088.41,16.00
1991-06-05,53567.98,0.00,457.52,0.00,20.32,5.80,830.31,16.00
1991-06-06,53567.98,0.00,450.84,0.00,19.26,5.14,800.77,14.00
1991-06-07,53567.98,0.00,476.58,0.00,20.27,4.75,754.79,14.00
1991-06-08,53611.84,0.00,485.22,0.00,23.82,7.49,878.05,13.00
1991-06-09,53847.71,0.00,467.77,0.00,26.40,10.53,1076.30,12.00
1991-06-10,53913.61,0.00,484.06,0.00,28.90,11.77,1130.95,11.00
1991-06-11,53913.61,0.00,433.61,0.00,28.30,13.85,1369.40,12.00
1991-06-12,53913.61,5.43,295.92,0.00,26.22,13.50,1538.68,14.00
1991-06-13,53913.61,8.89,376.85,0.00,23.02,5.40,854.55,17.00
1991-06-14,53913.61,0.00,503.90,0.00,21.95,4.67,712.06,13.00
1991-06-15,53913.61,0.00,531.76,0.00,27.31,7.27,796.00,11.00
1991-06-16,53913.61,0.78,457.90,0.00,30.60,13.25,1256.34,14.00
1991-06-17,53913.61,0.00,398.46,0.00,29.03,16.04,1595.61,34.00
1991-06-18,53913.61,0.00,344.36,0.00,26.77,16.01,1693.98,32.00
1991-06-19,53913.67,0.00,262.49,0.00,23.16,15.43,1750.37,32.00
1991-06-20,53913.67,0.00,412.20,0.00,26.73,13.77,1357.92,30.00
1991-06-21,53913.67,0.00,498.06,0.00,31.03,13.30,1166.85,24.00
1991-06-22,53913.67,0.00,516.44,0.00,30.41,11.63,994.12,20.00
1991-06-23,53913.67,6.77,268.65,0.00,22.42,11.77,1378.94,20.00
1991-06-24,53913.67,0.00,503.44,0.00,23.83,6.83,776.00,19.00
1991-06-25,53913.61,0.00,482.06,0.00,25.75,9.68,938.74,17.00
1991-06-26,53913.61,0.00,476.97,0.00,26.68,10.61,990.35,16.00
1991-06-27,53913.61,0.00,460.21,0.00,28.20,12.69,1129.18,15.00
1991-06-28,53913.61,0.00,479.78,0.00,30.14,13.39,1137.36,14.00
1991-06-29,53913.61,0.00,447.25,0.00,32.07,16.64,1436.69,14.00
1991-06-30,53913.61,0.00,401.36,0.00,31.66,18.22,1690.11,14.00
1991-07-01,53913.61,0.00,509.21,0.00,27.26,8.95,833.80,15.00
1991-07-02,53913.61,0.00,465.34,0.00,27.43,11.63,1051.22,14.00
1991-07-03,53906.19,8.20,150.06,0.00,19.71,13.96,1595.22,17.00
1991-07-04,53723.20,0.00,329.35,0.00,26.36,16.30,1728.37,17.00
1991-07-05,53568.05,11.36,153.52,0.00,22.49,16.60,1883.92,26.00
1991-07-06,53567.98,9.16,189.92,0.00,23.45,16.14,1826.24,31.00
1991-07-07,53567.98,4.30,278.23,0.00,28.99,17.51,1984.30,34.00
1991-07-08,53567.98,7.78,269.63,0.00,27.85,16.87,1913.62,58.00
1991-07-09,53567.98,0.00,476.16,0.00,27.26,11.79,1176.34,55.00
1991-07-10,53377.61,0.00,502.23,0.00,24.79,8.28,907.73,37.00
1991-07-11,53222.40,0.00,483.60,0.00,25.53,9.90,1024.51,23.00
1991-07-12,53222.40,0.00,505.61,0.00,26.34,9.17,949.69,15.00
1991-07-13,53222.40,0.00,441.28,0.00,27.35,13.45,1335.67,20.00
1991-07-14,53214.98,5.60,263.36,0.00,23.97,13.83,1581.94,29.00
1991-07-15,52876.88,0.00,492.44,0.00,25.50,9.63,999.82,17.00
1991-07-16,52876.81,0.00,516.20,0.00,27.74,10.02,980.29,15.00
1991-07-17,52876.81,0.00,526.29,0.00,30.32,11.10,1018.85,13.00
1991-07-18,52869.40,0.00,479.66,0.00,30.59,14.19,1308.04,11.00
1991-07-19,52531.21,0.00,494.85,0.00,32.36,14.37,1292.31,9.80
1991-07-20,52531.21,19.05,339.34,0.00,32.65,16.41,1736.77,9.40
1991-07-21,52531.21,0.00,425.49,0.00,33.36,18.67,1873.92,7.90
1991-07-22,52340.82,6.46,332.46,0.00,32.45,16.94,1759.22,7.50
1991-07-23,52185.59,12.43,276.59,0.00,31.12,18.95,2149.46,10.00
1991-07-24,52185.59,20.58,371.17,0.00,30.45,12.08,1310.64,17.00
1991-07-25,52119.70,0.44,423.09,0.00,26.87,13.32,1402.90,14.00
1991-07-26,51839.98,8.71,278.67,0.00,27.68,15.98,1803.97,23.00
1991-07-27,51839.98,9.88,311.54,0.00,22.49,9.76,1220.53,25.00
1991-07-28,51774.12,0.00,493.72,0.00,25.74,8.76,1031.10,18.00
1991-07-29,51494.41,0.00,465.21,0.00,25.77,10.36,1174.27,16.00
1991-07-30,51494.41,0.00,393.08,0.00,24.08,12.10,1387.76,14.00
1991-07-31,51304.00,2.15,314.67,0.00,22.77,12.99,1495.35,13.00
1991-08-01,51148.79,0.00,444.75,0.00,26.72,12.40,1345.56,11.00
1991-08-02,51148.79,0.11,497.06,0.00,30.66,12.19,1247.83,10.00
1991-08-03,50803.21,0.00,460.00,0.00,30.45,14.10,1462.67,9.30
1991-08-04,50803.21,3.57,316.45,0.00,29.07,16.23,1835.01,9.10
1991-08-05,50795.79,0.00,449.84,0.00,26.90,11.23,1241.65,9.30
1991-08-06,50457.60,0.00,485.37,0.00,24.15,6.74,867.14,8.40
1991-08-07,50457.60,0.00,474.98,0.00,25.23,8.06,950.19,7.40
1991-08-08,50112.00,0.00,485.48,0.00,27.42,9.07,996.13,6.70
1991-08-09,50112.00,19.67,251.20,0.00,25.61,14.60,1661.01,37.00
1991-08-10,50104.59,5.49,226.01,0.00,21.63,12.31,1433.22,52.00
1991-08-11,49766.39,0.00,390.50,0.00,25.21,12.27,1410.87,46.00
1991-08-12,49766.39,0.00,377.59,0.00,23.93,11.66,1362.09,48.00
1991-08-13,49420.81,0.00,391.52,0.00,25.67,12.50,1423.57,39.00
1991-08-14,49420.81,0.00,418.56,0.00,27.58,12.89,1437.22,28.00
1991-08-15,49075.28,0.00,377.67,0.00,27.55,14.77,1660.30,20.00
1991-08-16,49075.21,4.36,285.88,0.00,25.06,12.51,1446.71,20.00
1991-08-17,49067.80,0.00,444.13,0.00,28.67,12.57,1382.45,15.00
1991-08-18,48729.59,3.25,310.83,0.00,29.01,14.26,1627.14,14.00
1991-08-19,48729.59,6.91,250.13,0.00,26.10,15.39,1748.87,43.00
1991-08-20,48383.99,9.92,262.50,0.00,24.74,13.61,1558.69,101.00
1991-08-21,48383.99,28.69,114.14,0.00,18.31,14.10,1611.90,148.00
1991-08-22,48038.40,0.00,409.61,0.00,22.41,9.25,1180.14,90.00
1991-08-23,48038.40,0.00,428.82,0.00,24.84,10.41,1273.51,72.00
1991-08-24,47692.79,0.00,374.99,0.00,26.35,14.19,1618.19,59.00
1991-08-25,47692.79,0.00,353.56,0.00,23.81,12.81,1478.00,47.00
1991-08-26,47347.27,0.00,340.38,0.00,23.86,13.34,1534.46,38.00
1991-08-27,47347.20,0.00,437.62,0.00,25.94,10.65,1292.92,30.00
1991-08-28,47156.81,0.00,439.37,0.00,28.66,12.56,1452.25,22.00
1991-08-29,47001.60,0.00,418.86,0.00,30.58,15.08,1712.92,18.00
1991-08-30,46994.19,0.00,418.06,0.00,31.22,15.33,1742.50,15.00
1991-08-31,46655.99,0.94,387.51,0.00,31.59,17.16,1948.97,13.00
1991-09-01,46655.99,0.00,494.24,0.00,26.71,5.29,886.32,12.00
1991-09-02,46310.38,0.00,447.23,0.00,20.02,4.03,814.35,10.00
1991-09-03,46310.38,0.00,439.78,0.00,22.03,5.98,928.37,9.60
1991-09-04,45964.79,0.00,393.48,0.00,24.11,10.33,1266.72,10.00
1991-09-05,45964.79,16.45,221.26,0.00,20.14,10.97,1317.92,13.00
1991-09-06,45619.20,0.00,439.91,0.00,23.77,7.32,1025.45,11.00
1991-09-07,45619.20,0.00,437.94,0.00,24.47,7.93,1074.01,10.00
1991-09-08,45273.61,0.00,438.00,0.00,25.84,8.64,1131.54,9.40
1991-09-09,45273.61,0.00,414.38,0.00,27.33,11.13,1330.63,8.70
1991-09-10,44928.00,5.95,295.10,0.00,28.22,12.87,1476.55,9.80
1991-09-11,44928.00,3.10,199.19,0.00,22.43,14.89,1699.68,11.00
1991-09-12,44582.39,0.00,411.09,0.00,21.29,5.91,931.04,9.20
1991-09-13,44582.39,0.00,429.03,0.00,22.18,5.17,885.54,8.40
1991-09-14,44236.80,0.00,414.93,0.00,24.14,7.54,1043.12,7.80
1991-09-15,44236.80,0.00,371.24,0.00,26.83,12.29,1430.63,7.20
1991-09-16,43891.20,0.00,242.40,0.00,24.57,16.12,1830.59,7.50
1991-09-17,43891.20,13.71,231.26,0.00,30.22,18.30,2103.91,9.70
1991-09-18,43545.59,0.00,400.41,0.00,27.91,10.91,1312.92,16.00
1991-09-19,43545.59,18.35,274.85,0.00,24.70,10.25,1259.85,63.00
1991-09-20,43200.02,15.04,224.96,0.00,13.21,2.86,753.31,57.00
1991-09-21,43200.02,0.00,354.87,0.00,13.16,0.22,621.35,23.00
1991-09-22,42854.41,0.00,355.93,0.00,12.75,-0.32,596.40,13.00
1991-09-23,42854.41,4.80,304.23,0.00,17.90,3.76,796.70,12.00
1991-09-24,42508.79,7.98,241.13,0.00,14.51,3.38,781.13,11.00
1991-09-25,42508.79,20.30,254.44,0.00,17.49,4.34,835.26,17.00
1991-09-26,42163.20,4.65,149.86,0.00,12.38,5.87,926.48,32.00
1991-09-27,42163.20,0.00,358.92,0.00,15.09,1.10,655.79,17.00
1991-09-28,41817.59,0.00,365.15,0.00,11.80,-2.43,512.34,12.00
1991-09-29,41817.59,0.00,391.14,0.00,14.52,-2.07,526.31,11.00
1991-09-30,41472.02,0.00,420.81,0.00,17.38,-3.31,478.05,10.00
1991-10-01,41472.02,0.00,390.78,0.00,16.49,-0.94,574.11,10.00
1991-10-02,41126.39,0.00,290.67,0.00,22.10,10.48,1278.47,10.00
1991-10-03,41126.39,0.00,296.81,0.00,23.99,11.81,1385.10,9.90
1991-10-04,40780.78,5.25,221.96,0.00,22.68,10.58,1286.58,9.80
1991-10-05,40780.78,0.00,268.05,0.00,21.52,10.84,1307.47,9.40
1991-10-06,40435.20,13.24,264.12,0.00,23.12,6.89,991.60,17.00
1991-10-07,40435.20,0.00,300.92,0.00,12.41,0.70,641.03,36.00
1991-10-08,40089.59,1.68,256.19,0.00,10.30,0.16,615.83,26.00
1991-10-09,40089.59,0.00,302.15,0.00,14.47,2.50,720.06,21.00
1991-10-10,39744.00,0.00,311.75,0.00,18.72,5.74,915.99,17.00
1991-10-11,39744.00,3.82,245.31,0.00,17.73,3.41,781.85,20.00
1991-10-12,39405.81,3.70,176.14,0.00,8.14,-0.53,590.35,22.00
1991-10-13,39398.39,0.00,240.82,0.00,9.42,0.53,633.17,21.00
1991-10-14,39243.18,0.00,360.36,0.00,10.98,-5.78,398.25,22.00
1991-10-15,39052.80,9.79,260.73,0.00,11.74,-4.05,455.12,31.00
1991-10-16,39052.80,23.01,186.40,0.00,12.47,2.74,743.73,119.00
1991-10-17,38707.19,0.00,310.38,0.00,10.90,-2.36,516.40,124.00
1991-10-18,38707.19,1.86,289.65,0.00,12.06,-1.17,564.86,88.00
1991-10-19,38361.61,0.00,336.82,0.00,19.85,2.72,737.22,70.00
1991-10-20,38361.61,0.00,316.03,0.00,11.31,-3.29,478.57,62.00
1991-10-21,38015.99,0.00,274.89,0.00,8.63,-3.12,484.73,54.00
1991-10-22,38015.99,0.00,316.14,0.00,13.77,-1.71,541.91,48.00
1991-10-23,37670.39,0.00,322.41,0.00,19.06,1.75,700.10,42.00
1991-10-24,37670.39,0.00,299.24,0.00,21.09,5.41,898.31,38.00
1991-10-25,37390.68,0.00,134.31,0.00,17.24,11.45,1355.94,36.00
1991-10-26,37324.80,0.00,199.42,0.00,21.25,11.99,1399.31,33.00
1991-10-27,37324.73,0.00,192.98,0.00,22.50,13.46,1552.92,31.00
1991-10-28,36979.21,0.07,302.15,0.00,22.30,4.82,863.55,30.00
1991-10-29,36979.21,0.00,300.33,0.00,11.22,-4.59,437.90,29.00
1991-10-30,36633.62,0.00,306.73,0.00,12.81,-4.18,440.00,27.00
1991-10-31,36633.62,0.00,312.28,0.00,16.08,-2.62,506.45,25.00
1991-11-01,36295.40,0.00,242.42,0.00,14.90,2.95,756.04,24.00
1991-11-02,36287.99,0.00,234.48,0.00,16.18,4.52,841.26,23.00
1991-11-03,36287.99,0.00,281.84,0.00,10.69,-4.70,436.76,22.00
1991-11-04,35942.39,0.00,267.89,0.00,5.54,-8.50,322.28,21.00
1991-11-05,35942.39,0.00,240.00,0.00,1.18,-10.54,276.95,20.00
1991-11-06,35604.21,0.00,239.93,0.00,2.13,-9.81,286.21,20.00
1991-11-07,35596.80,0.00,195.22,0.00,4.30,-5.00,428.90,19.00
1991-11-08,35596.80,0.00,167.32,0.00,2.80,-4.93,427.54,19.00
1991-11-09,35251.20,0.00,237.91,0.00,1.11,-11.00,264.01,18.00
1991-11-10,35251.20,0.00,241.82,0.00,3.08,-9.56,293.15,17.00
1991-11-11,35207.35,16.38,100.75,0.00,2.54,-3.69,463.95,31.00
1991-11-12,34905.62,3.59,37.96,0.00,0.16,-1.69,543.07,39.00
1991-11-13,34905.62,1.29,73.49,0.00,1.86,-1.28,558.16,45.00
1991-11-14,34625.88,0.00,120.70,0.00,4.82,-0.51,590.88,42.00
1991-11-15,34559.98,0.01,191.84,0.00,9.45,0.17,617.78,40.00
1991-11-16,34559.98,0.00,198.66,0.00,15.24,5.10,888.30,38.00
1991-11-17,34280.28,0.00,260.74,0.00,9.01,-6.71,368.42,36.00
1991-11-18,34214.41,0.00,222.73,0.00,4.13,-7.27,355.94,35.00
1991-11-19,34214.41,0.00,246.64,0.00,10.48,-3.90,451.86,34.00
1991-11-20,34059.20,0.00,203.48,0.00,15.37,4.43,834.63,32.00
1991-11-21,33868.82,6.58,149.08,0.00,19.54,8.49,1119.59,32.00
1991-11-22,33868.82,24.98,43.49,0.00,10.12,7.67,1053.53,250.00
1991-11-23,33868.82,41.20,61.74,0.00,9.97,6.41,962.27,930.00
1991-11-24,33530.62,6.56,120.07,0.00,10.20,2.75,743.83,406.00
1991-11-25,33523.21,0.06,202.53,0.00,5.05,-4.97,426.44,282.00
1991-11-26,33523.21,0.00,119.91,0.00,-0.38,-5.57,404.00,209.00
1991-11-27,33523.14,0.00,187.32,0.00,-1.34,-9.96,286.18,164.00
1991-11-28,33185.02,0.00,205.94,0.00,3.57,-6.44,378.09,136.00
1991-11-29,33177.61,0.74,161.09,0.00,8.36,1.15,660.50,121.00
1991-11-30,33177.61,0.00,201.88,0.00,13.71,3.62,798.48,110.00
1991-12-01,33177.61,0.00,228.56,0.00,15.28,2.02,708.48,100.00
1991-12-02,33022.39,0.00,141.27,0.00,7.27,1.20,665.02,91.00
1991-12-03,32831.99,26.50,100.37,0.00,3.78,-1.72,542.34,759.00
1991-12-04,32831.99,0.13,190.51,0.00,3.78,-4.82,430.69,637.00
1991-12-05,32831.99,3.24,180.77,0.00,-3.47,-12.26,238.95,418.00
1991-12-06,32831.99,2.06,199.53,0.00,-1.87,-10.29,278.72,331.00
1991-12-07,32831.92,0.00,249.88,0.00,3.43,-8.18,328.51,273.00
1991-12-08,32676.78,0.00,213.80,0.00,8.37,-0.64,586.09,250.00
1991-12-09,32493.81,1.00,230.64,0.00,11.80,0.11,616.49,263.00
1991-12-10,32486.40,0.00,209.73,0.00,9.68,-0.52,589.90,230.00
1991-12-11,32486.40,0.00,220.91,0.00,7.09,-4.41,440.00,200.00
1991-12-12,32486.40,0.00,221.61,0.00,7.21,-4.87,428.99,184.00
1991-12-13,32486.40,0.00,204.63,0.00,10.04,-1.00,560.00,182.00
1991-12-14,32486.40,14.47,131.47,0.00,10.59,1.74,692.25,272.00
1991-12-15,32486.40,5.16,191.82,0.00,8.77,-7.15,357.53,287.00
1991-12-16,32486.40,1.61,237.06,0.00,0.20,-11.77,250.45,236.00
1991-12-17,32486.40,0.91,242.49,0.00,-2.05,-14.35,203.44,205.00
1991-12-18,32486.33,0.95,184.41,0.00,-3.78,-11.47,254.56,202.00
1991-12-19,32486.33,0.00,251.95,0.00,-3.73,-16.90,165.70,170.00
1991-12-20,32486.33,0.00,256.72,0.00,-1.94,-16.08,171.36,150.00
1991-12-21,32486.33,6.69,169.55,0.00,1.38,-9.25,307.16,162.00
1991-12-22,32486.33,0.00,242.83,0.00,4.29,-8.48,321.29,149.00
1991-12-23,32486.33,0.00,179.62,0.00,4.49,-3.51,478.90,142.00
1991-12-24,32486.40,0.00,172.46,0.00,1.51,-5.96,391.35,144.00
1991-12-25,32486.40,0.00,176.55,0.00,-0.98,-8.55,319.27,127.00
1991-12-26,32486.40,0.00,254.40,0.00,2.43,-12.09,243.34,111.00
1991-12-27,32486.40,0.00,220.31,0.00,2.07,-8.74,315.50,105.00
1991-12-28,32486.40,0.00,261.00,0.00,4.84,-11.25,259.43,94.00
1991-12-29,32486.40,6.77,168.52,0.00,3.85,-7.58,348.66,148.00
1991-12-30,32486.40,8.21,153.34,0.00,4.50,-5.30,414.91,320.00
1991-12-31,32486.40,0.00,246.67,0.00,-1.42,-14.46,201.05,212.00
1992-01-01,32486.40,0.00,247.66,0.00,-0.06,-12.10,240.00,184.00
1992-01-02,32552.27,0.00,252.65,0.00,0.67,-11.90,244.91,183.00
1992-01-03,32788.14,0.16,194.87,0.00,3.72,-4.27,440.45,198.00
1992-01-04,32831.99,0.00,178.26,0.00,7.92,0.82,640.02,286.00
1992-01-05,32831.99,12.19,105.61,0.00,6.57,1.28,663.25,455.00
1992-01-06,32831.99,0.00,102.37,0.00,2.26,-1.42,554.29,348.00
1992-01-07,32831.99,0.00,60.93,0.00,0.64,-1.42,553.06,311.00
1992-01-08,32897.87,0.00,197.74,0.00,0.78,-7.14,357.11,279.00
1992-01-09,33177.54,0.00,219.64,0.00,2.47,-6.80,365.91,266.00
1992-01-10,33177.61,3.04,80.94,0.00,2.84,-0.96,572.26,260.00
1992-01-11,33177.61,1.89,161.34,0.00,1.26,-5.11,421.35,238.00
1992-01-12,33177.61,0.00,140.39,0.00,-0.49,-5.67,404.01,214.00
1992-01-13,33367.98,0.00,238.93,0.00,6.45,-4.53,439.87,202.00
1992-01-14,33523.21,6.71,137.73,0.00,9.68,2.14,717.34,765.00
1992-01-15,33523.21,10.70,228.34,0.00,9.91,-12.09,244.17,718.00
1992-01-16,33523.21,2.92,208.85,0.00,-6.46,-16.20,171.45,507.00
1992-01-17,33713.60,1.45,241.40,0.00,-8.04,-17.82,153.84,430.00
1992-01-18,33868.82,0.00,272.19,0.00,-3.53,-14.26,203.31,369.00
1992-01-19,33868.82,0.00,292.82,0.00,-7.64,-20.04,124.91,330.00
1992-01-20,33876.23,1.53,248.46,0.00,-10.40,-19.05,133.77,280.00
1992-01-21,34214.41,0.00,255.04,0.00,-5.28,-14.28,203.55,247.00
1992-01-22,34214.41,0.00,250.37,0.00,-1.55,-10.29,280.45,224.00
1992-01-23,34214.41,0.00,278.94,0.00,1.27,-9.21,301.22,274.00
1992-01-24,34559.92,16.74,193.70,0.00,5.99,-3.25,478.29,486.00
1992-01-25,34559.98,0.00,262.76,0.00,-2.82,-11.81,249.49,295.00
1992-01-26,34559.98,4.67,146.76,0.00,-6.87,-12.53,238.11,245.00
1992-01-27,34905.62,0.00,244.98,0.00,-4.46,-12.26,240.54,208.00
1992-01-28,34905.62,0.00,212.81,0.00,-1.24,-7.73,341.76,203.00
1992-01-29,34905.62,0.00,212.78,0.00,1.98,-4.48,440.00,191.00
1992-01-30,35251.20,0.00,306.33,0.00,4.68,-6.56,365.37,184.00
1992-01-31,35251.20,0.00,261.97,0.00,2.35,-5.84,395.74,176.00
1992-02-01,35317.09,0.00,292.95,0.00,2.20,-7.37,351.76,162.00
1992-02-02,35596.80,0.00,253.69,0.00,-5.04,-12.39,237.60,133.00
1992-02-03,35596.80,0.00,289.07,0.00,-2.41,-11.32,259.70,129.00
1992-02-04,35942.39,0.00,302.99,0.00,1.85,-7.94,331.77,118.00
1992-02-05,35942.39,0.00,313.72,0.00,2.10,-8.35,325.08,110.00
1992-02-06,35949.80,0.00,300.30,0.00,-2.19,-11.85,240.06,90.00
1992-02-07,36287.99,0.00,351.84,0.00,1.56,-11.95,247.25,94.00
1992-02-08,36287.99,0.00,240.32,0.00,-0.25,-7.14,359.48,90.00
1992-02-09,36633.62,0.00,360.52,0.00,-0.36,-14.28,205.15,72.00
1992-02-10,36633.62,0.00,351.16,0.00,-7.33,-19.88,126.68,60.00
1992-02-11,36823.99,0.00,374.01,0.00,-2.76,-17.92,152.27,68.00
1992-02-12,36979.21,1.53,395.34,0.00,-0.07,-19.09,133.25,56.00
1992-02-13,36979.21,0.00,325.55,0.00,-7.70,-18.47,142.65,54.00
1992-02-14,37324.80,5.35,163.18,0.00,-3.15,-9.18,302.50,64.00
1992-02-15,37324.80,0.00,225.39,0.00,1.72,-4.46,442.56,65.00
1992-02-16,37670.39,6.37,155.58,0.00,5.06,-0.53,588.75,142.00
1992-02-17,37670.39,0.00,303.71,0.00,3.82,-4.90,432.83,135.00
1992-02-18,38015.92,0.00,351.58,0.00,6.50,-4.49,440.19,109.00
1992-02-19,38015.99,1.97,191.99,0.00,5.03,0.14,614.43,171.00
1992-02-20,38081.87,0.00,250.54,0.00,7.14,0.58,635.40,222.00
1992-02-21,38361.61,0.00,170.15,0.00,2.34,-1.79,537.50,165.00
1992-02-22,38361.61,0.00,354.22,0.00,5.84,-4.29,441.21,149.00
1992-02-23,38707.19,0.00,306.39,0.00,6.48,-1.59,552.82,144.00
1992-02-24,38707.19,1.09,308.95,0.00,8.03,-0.56,588.21,172.00
1992-02-25,39052.80,8.37,110.06,0.00,1.53,-1.79,537.88,209.00
1992-02-26,39052.80,0.44,114.57,0.00,0.58,-1.93,532.27,198.00
1992-02-27,39398.39,0.00,166.38,0.00,-0.07,-3.76,464.18,187.00
1992-02-28,39398.39,0.14,298.37,0.00,3.10,-4.27,446.48,188.00
1992-02-29,39744.00,2.91,359.34,0.00,6.62,-12.77,228.89,310.00
1992-03-01,39744.00,0.00,341.62,0.00,-4.82,-12.99,226.20,231.00
1992-03-02,40089.59,0.00,457.18,0.00,10.24,-6.32,381.01,238.00
1992-03-03,40089.59,0.00,405.85,0.00,9.62,-2.08,528.01,229.00
1992-03-04,40435.20,0.00,368.89,0.00,6.32,-3.58,467.14,219.00
1992-03-05,40435.20,0.00,331.03,0.00,7.65,-0.90,567.69,212.00
1992-03-06,40780.78,0.00,432.55,0.00,16.79,1.02,653.27,229.00
1992-03-07,40780.78,5.99,220.21,0.00,8.45,0.99,652.20,396.00
1992-03-08,41126.39,5.44,137.61,0.00,8.21,3.90,805.96,510.00
1992-03-09,41126.39,2.00,173.68,0.00,8.94,4.88,867.70,470.00
1992-03-10,41472.02,0.00,317.03,0.00,13.29,5.18,889.29,495.00
1992-03-11,41472.02,25.62,372.81,0.00,12.33,-6.26,381.80,1090.00
1992-03-12,41817.59,11.56,285.18,0.00,-5.13,-13.18,220.91,847.00
1992-03-13,41817.59,0.00,440.69,0.00,-3.69,-13.47,217.51,661.00
1992-03-14,42163.20,0.00,436.53,0.00,-3.83,-13.27,220.33,532.00
1992-03-15,42163.20,0.00,481.42,0.00,-1.73,-13.36,215.81,447.00
1992-03-16,42508.79,0.00,515.65,0.00,-2.44,-16.66,167.89,362.00
1992-03-17,42508.79,0.00,504.71,0.00,-1.69,-14.93,193.62,333.00
1992-03-18,42854.41,0.00,471.51,0.00,2.14,-9.16,302.45,293.00
1992-03-19,42854.41,8.11,337.44,0.00,2.17,-7.99,333.16,282.00
1992-03-20,43200.02,3.10,342.51,0.00,-0.34,-10.70,276.39,248.00
1992-03-21,43200.02,0.00,468.64,0.00,1.63,-9.18,299.50,225.00
1992-03-22,43200.02,0.00,386.90,0.00,-1.73,-9.72,291.81,200.00
1992-03-23,43545.59,6.63,257.02,0.00,-3.44,-10.13,283.40,195.00
1992-03-24,43545.59,0.00,478.55,0.00,-1.48,-12.24,242.11,169.00
1992-03-25,43891.20,0.00,535.80,0.00,3.49,-10.55,274.88,171.00
1992-03-26,43891.20,8.55,403.66,0.00,9.77,-1.55,554.85,383.00
1992-03-27,44236.80,31.64,216.14,0.00,5.50,-0.30,599.60,2880.00
1992-03-28,44236.80,4.43,277.42,0.00,3.26,-4.47,441.15,1660.00
1992-03-29,44582.39,0.00,403.77,0.00,3.25,-5.34,412.92,1070.00
1992-03-30,44582.39,0.00,477.83,0.00,8.03,-2.89,494.21,864.00
1992-03-31,44928.00,3.82,182.97,0.00,4.13,-0.52,591.06,769.00
1992-04-01,44928.00,0.00,427.40,0.00,8.38,-0.50,600.00,735.00
1992-04-02,45273.61,3.13,394.67,0.00,5.47,-5.36,413.95,630.00
1992-04-03,45273.61,4.23,252.58,0.00,-0.60,-6.65,371.11,545.00
1992-04-04,45619.20,0.00,408.47,0.00,1.31,-6.47,375.43,478.00
1992-04-05,45619.20,0.00,477.14,0.00,5.14,-4.52,441.95,426.00
1992-04-06,45964.79,0.00,530.71,0.00,7.53,-4.35,446.26,377.00
1992-04-07,45964.79,0.82,562.93,0.00,11.60,-2.72,500.21,367.00
1992-04-08,46310.38,1.44,554.96,0.00,16.88,2.11,704.40,388.00
1992-04-09,46310.38,0.00,492.69,0.00,11.33,0.22,617.30,367.00
1992-04-10,46655.99,2.66,396.05,0.00,11.81,1.68,694.72,350.00
1992-04-11,46655.99,4.38,410.12,0.00,16.85,2.58,736.38,388.00
1992-04-12,47001.60,12.63,343.21,0.00,16.79,6.50,960.00,757.00
1992-04-13,47001.60,0.00,585.09,0.00,9.32,-6.92,363.63,575.00
1992-04-14,47347.20,0.00,541.06,0.00,6.41,-6.49,375.59,507.00
1992-04-15,47347.20,0.00,587.50,0.00,12.42,-4.15,446.47,445.00
1992-04-16,47692.79,0.00,554.90,0.00,11.62,-2.41,512.23,400.00
1992-04-17,47692.79,7.06,217.78,0.00,8.96,3.38,782.31,501.00
1992-04-18,48038.40,6.97,369.23,0.00,13.65,2.37,726.98,744.00
1992-04-19,48038.40,7.65,172.56,0.00,6.85,2.56,736.70,844.00
1992-04-20,48318.11,0.00,433.13,0.00,13.72,4.51,845.19,694.00
1992-04-21,48383.99,0.00,351.28,0.00,14.58,7.35,1028.44,661.00
1992-04-22,48384.06,8.40,189.31,0.00,17.89,12.53,1444.15,930.00
1992-04-23,48729.59,0.00,496.47,0.00,19.61,6.36,952.45,750.00
1992-04-24,48729.59,0.56,439.81,0.00,19.37,8.10,1086.30,738.00
1992-04-25,49075.21,15.62,380.52,0.00,19.30,4.85,864.46,823.00
1992-04-26,49075.21,1.25,275.26,0.00,9.13,3.01,760.66,646.00
1992-04-27,49420.81,1.37,328.13,0.00,8.76,1.29,667.39,551.00
1992-04-28,49420.81,0.00,439.37,0.00,12.11,1.82,705.67,472.00
1992-04-29,49576.01,0.00,511.37,0.00,12.95,-0.72,582.48,414.00
1992-04-30,49766.39,0.00,528.06,0.00,16.08,0.61,636.79,372.00
1992-05-01,49766.39,1.33,257.58,0.00,10.79,5.36,899.51,342.00
1992-05-02,50112.00,0.74,431.08,0.00,17.18,6.02,935.27,313.00
1992-05-03,50112.00,8.16,404.27,0.00,26.70,7.15,1012.26,312.00
1992-05-04,50450.20,0.00,504.42,0.00,17.39,3.01,759.99,272.00
1992-05-05,50457.60,0.00,443.53,0.00,12.26,1.23,664.77,247.00
1992-05-06,50457.60,0.20,425.05,0.00,11.95,1.66,687.66,236.00
1992-05-07,50803.21,0.00,469.81,0.00,11.46,-0.44,596.27,219.00
1992-05-08,50803.21,0.00,506.82,0.00,16.14,2.13,715.83,203.00
1992-05-09,51082.91,10.75,215.97,0.00,14.13,7.78,1062.01,255.00
1992-05-10,51148.79,5.64,346.36,0.00,16.74,4.93,869.38,236.00
1992-05-11,51148.79,0.00,511.56,0.00,20.31,5.63,912.36,206.00
1992-05-12,51494.41,0.00,529.89,0.00,24.90,7.77,1043.22,189.00
1992-05-13,51494.41,0.00,507.23,0.00,24.83,9.46,1177.69,184.00
1992-05-14,51494.41,0.00,538.75,0.00,24.93,6.98,981.83,188.00
1992-05-15,51839.98,0.00,443.48,0.00,18.46,7.23,1018.31,170.00
1992-05-16,51839.98,0.00,400.88,0.00,19.08,9.40,1191.68,161.00
1992-05-17,51840.05,0.00,325.85,0.00,18.34,10.83,1306.19,152.00
1992-05-18,52185.59,2.05,327.81,0.00,19.72,12.00,1400.27,165.00
1992-05-19,52185.59,2.51,464.87,0.00,19.31,3.37,779.86,155.00
1992-05-20,52185.59,0.00,550.86,0.00,22.13,3.79,783.92,135.00
1992-05-21,52523.80,0.00,556.21,0.00,24.67,4.69,821.59,123.00
1992-05-22,52531.21,0.00,557.73,0.00,27.46,5.96,882.43,113.00
1992-05-23,52531.21,0.00,543.09,0.00,29.62,8.93,1076.65,102.00
1992-05-24,52686.43,0.45,528.99,0.00,28.46,7.37,981.84,104.00
1992-05-25,52876.81,5.39,271.34,0.00,9.64,0.44,627.73,108.00
1992-05-26,52876.81,0.00,473.71,0.00,14.98,1.16,663.51,98.00
1992-05-27,52876.81,3.36,267.80,0.00,12.68,3.34,779.57,110.00
1992-05-28,53032.03,0.00,400.71,0.00,12.53,1.73,698.56,98.00
1992-05-29,53222.40,0.00,470.76,0.00,16.51,2.63,730.54,86.00
1992-05-30,53222.40,0.68,494.77,0.00,21.01,5.17,882.93,85.00
1992-05-31,53222.40,32.91,151.97,0.00,13.18,8.11,1088.78,761.00
1992-06-01,53222.47,8.78,216.28,0.00,17.87,10.34,1267.33,666.00
1992-06-02,53502.11,4.74,169.37,0.00,15.50,9.94,1235.27,509.00
1992-06-03,53567.98,0.00,468.95,0.00,22.27,8.43,1114.80,390.00
1992-06-04,53567.98,0.00,465.91,0.00,24.44,10.36,1269.19,316.00
1992-06-05,53567.98,9.00,296.50,0.00,23.89,12.76,1461.02,408.00
1992-06-06,53567.98,14.53,227.68,0.00,21.51,13.58,1555.49,1530.00
1992-06-07,53611.84,0.23,337.01,0.00,23.10,14.05,1606.62,951.00
1992-06-08,53847.71,6.35,295.41,0.00,24.79,15.19,1730.38,694.00
1992-06-09,53913.61,0.00,497.43,0.00,25.72,9.81,1224.89,523.00
1992-06-10,53913.61,0.00,500.52,0.00,21.72,6.32,950.10,400.00
1992-06-11,53913.61,0.00,495.92,0.00,22.84,7.58,1044.28,319.00
1992-06-12,53913.61,0.00,490.33,0.00,23.78,8.67,1127.09,262.00
1992-06-13,53913.61,0.00,484.39,0.00,25.59,10.57,1275.23,220.00
1992-06-14,53913.61,0.00,467.71,0.00,26.66,12.23,1414.83,170.00
1992-06-15,53913.61,2.52,414.57,0.00,27.08,11.61,1366.50,150.00
1992-06-16,53913.61,0.00,492.02,0.00,21.47,6.26,944.08,130.00
1992-06-17,53913.61,0.00,487.44,0.00,23.85,8.30,1102.15,110.00
1992-06-18,53913.67,0.00,379.16,0.00,24.57,13.68,1573.51,100.00
1992-06-19,53913.67,0.61,280.46,0.00,21.91,14.43,1646.38,150.00
1992-06-20,53913.67,15.04,283.87,0.00,21.91,11.76,1381.17,170.00
1992-06-21,53913.67,3.59,247.76,0.00,14.21,6.88,991.70,130.00
1992-06-22,53913.67,1.99,307.21,0.00,12.63,5.03,876.27,110.00
1992-06-23,53913.67,0.00,464.27,0.00,15.92,4.17,814.41,92.00
1992-06-24,53913.61,3.28,359.80,0.00,19.76,6.84,987.09,80.00
1992-06-25,53913.61,0.42,438.42,0.00,19.95,8.81,1144.58,74.00
1992-06-26,53913.61,0.00,438.61,0.00,21.20,9.84,1221.79,66.00
1992-06-27,53913.61,9.18,342.64,0.00,23.22,10.81,1304.83,86.00
1992-06-28,53913.61,0.00,500.91,0.00,23.21,8.77,1111.56,66.00
1992-06-29,53913.61,0.00,488.16,0.00,24.29,10.37,1236.40,56.00
1992-06-30,53913.61,0.00,466.69,0.00,26.63,13.09,1470.60,49.00
1992-07-01,53913.61,0.00,479.56,0.00,27.87,13.30,1478.50,47.00
1992-07-02,53906.19,0.00,510.99,0.00,27.14,10.58,1215.37,43.00
1992-07-03,53723.20,0.00,432.52,0.00,25.37,13.05,1488.73,42.00
1992-07-04,53568.05,7.32,173.82,0.00,18.28,12.73,1465.80,80.00
1992-07-05,53567.98,0.00,424.23,0.00,24.18,12.52,1439.95,60.00
1992-07-06,53567.98,11.48,323.62,0.00,22.95,11.05,1323.65,70.00
1992-07-07,53567.98,0.00,470.71,0.00,22.40,8.80,1139.87,60.00
1992-07-08,53567.98,0.00,480.07,0.00,23.47,9.10,1155.74,54.00
1992-07-09,53377.61,11.03,292.93,0.00,23.94,13.26,1518.98,110.00
1992-07-10,53222.40,0.00,447.29,0.00,28.51,15.00,1709.67,92.00
1992-07-11,53222.40,0.00,379.26,0.00,26.27,15.89,1798.18,70.00
1992-07-12,53222.40,0.00,391.82,0.00,26.17,15.47,1757.79,54.00
1992-07-13,53214.98,6.37,211.86,0.00,23.62,16.55,1878.79,50.00
1992-07-14,52876.88,18.70,266.50,0.00,26.16,16.88,1918.26,80.00
1992-07-15,52876.81,9.49,360.95,0.00,29.38,17.71,2030.25,350.00
1992-07-16,52876.81,43.55,245.40,0.00,23.87,15.89,1801.92,600.00
1992-07-17,52869.40,0.00,334.89,0.00,23.99,15.94,1809.84,400.00
1992-07-18,52531.21,20.00,252.44,0.00,24.52,16.38,1854.92,1000.00
1992-07-19,52531.21,4.79,377.34,0.00,25.84,14.15,1616.93,522.00
1992-07-20,52531.21,0.00,425.07,0.00,25.22,14.07,1607.75,374.00
1992-07-21,52340.82,11.25,328.60,0.00,26.71,14.63,1664.33,428.00
1992-07-22,52185.59,1.41,376.20,0.00,19.44,10.36,1268.86,330.00
1992-07-23,52185.59,0.00,421.74,0.00,22.70,11.77,1384.28,256.00
1992-07-24,52119.70,8.29,194.84,0.00,19.95,14.03,1603.69,240.00
1992-07-25,51839.98,3.17,236.49,0.00,19.58,13.16,1511.48,233.00
1992-07-26,51839.98,0.00,291.01,0.00,20.36,13.80,1578.05,239.00
1992-07-27,51774.12,7.20,156.14,0.00,19.89,15.36,1748.21,344.00
1992-07-28,51494.41,0.00,516.17,0.00,25.35,9.86,1228.52,233.00
1992-07-29,51494.41,0.00,406.53,0.00,20.76,11.14,1331.30,190.00
1992-07-30,51304.00,0.00,448.11,0.00,25.23,13.59,1563.98,160.00
1992-07-31,51148.79,33.38,255.75,0.00,22.30,14.62,1665.07,263.00
1992-08-01,51148.79,7.23,372.85,0.00,24.45,10.64,1290.91,264.00
1992-08-02,50803.21,0.00,473.39,0.00,22.80,10.60,1287.95,176.00
1992-08-03,50803.21,0.00,435.28,0.00,23.48,12.56,1444.49,137.00
1992-08-04,50795.79,0.00,419.69,0.00,23.97,13.59,1567.53,120.00
1992-08-05,50457.60,2.72,367.34,0.00,21.18,10.12,1249.96,117.00
1992-08-06,50457.60,0.00,486.26,0.00,21.51,8.60,1128.05,95.00
1992-08-07,50112.00,0.00,494.92,0.00,23.67,9.82,1225.83,78.00
1992-08-08,50112.00,0.00,492.87,0.00,24.68,10.61,1288.90,79.00
1992-08-09,50104.59,23.71,198.60,0.00,19.97,14.26,1625.25,160.00
1992-08-10,49766.39,8.02,294.46,0.00,23.38,14.47,1650.71,114.00
1992-08-11,49766.39,0.00,391.50,0.00,25.76,16.15,1825.89,83.00
1992-08-12,49420.81,0.00,498.78,0.00,25.60,10.66,1292.98,64.00
1992-08-13,49420.81,0.00,440.00,0.00,21.54,10.39,1270.84,65.00
1992-08-14,49075.28,8.87,252.28,0.00,18.68,11.18,1334.95,87.00
1992-08-15,49075.21,1.00,237.34,0.00,16.98,11.97,1400.84,83.00
1992-08-16,49067.80,0.57,316.49,0.00,19.10,12.14,1413.55,69.00
1992-08-17,48729.59,0.62,250.69,0.00,18.03,12.72,1469.00,62.00
1992-08-18,48729.59,0.16,279.22,0.00,20.62,14.55,1654.90,56.00
1992-08-19,48383.99,0.00,421.98,0.00,22.90,12.43,1434.79,48.00
1992-08-20,48383.99,0.00,483.11,0.00,21.59,8.30,1103.81,42.00
1992-08-21,48038.40,0.00,493.71,0.00,20.38,6.35,952.97,38.00
1992-08-22,48038.40,0.00,506.32,0.00,22.95,7.01,1000.65,35.00
1992-08-23,47692.79,0.00,510.54,0.00,25.29,7.58,1046.82,31.00
1992-08-24,47692.79,0.00,475.81,0.00,26.29,11.02,1321.69,28.00
1992-08-25,47347.27,0.00,416.53,0.00,26.40,14.23,1621.14,25.00
1992-08-26,47347.20,7.05,285.58,0.00,27.78,16.66,1890.95,35.00
1992-08-27,47156.81,0.00,389.80,0.00,28.48,16.94,1925.34,45.00
1992-08-28,47001.60,11.82,259.68,0.00,27.00,17.30,1970.03,37.00
1992-08-29,46994.19,36.90,332.36,0.00,25.03,11.16,1333.03,320.00
1992-08-30,46655.99,0.00,366.27,0.00,18.07,8.39,1111.59,130.00
1992-08-31,46655.99,0.00,426.80,0.00,22.09,9.47,1197.87,80.00
1992-09-01,46310.38,0.00,448.56,0.00,21.45,7.58,1046.72,57.00
1992-09-02,46310.38,0.00,447.04,0.00,20.94,7.03,1002.13,44.00
1992-09-03,45964.79,2.40,375.75,0.00,21.14,8.65,1131.96,41.00
1992-09-04,45964.79,9.38,155.48,0.00,21.27,15.86,1795.10,46.00
1992-09-05,45619.20,0.00,397.14,0.00,23.79,11.89,1393.36,35.00
1992-09-06,45619.20,1.34,370.86,0.00,23.60,12.39,1437.71,30.00
1992-09-07,45273.61,4.26,94.85,0.00,17.06,14.38,1640.91,30.00
1992-09-08,45273.61,0.00,192.11,0.00,20.26,15.44,1755.56,70.00
1992-09-09,44928.00,4.87,214.59,0.00,23.50,15.82,1793.41,138.00
1992-09-10,44928.00,0.00,306.97,0.00,24.24,15.79,1785.66,137.00
1992-09-11,44582.39,21.29,328.06,0.00,24.52,9.76,1220.45,326.00
1992-09-12,44582.39,0.00,429.71,0.00,17.70,4.55,844.75,205.00
1992-09-13,44236.80,0.00,428.64,0.00,16.92,3.59,792.39,154.00
1992-09-14,44236.80,0.00,428.87,0.00,19.13,5.00,875.31,123.00
1992-09-15,43891.20,0.00,428.42,0.00,21.42,6.50,968.72,102.00
1992-09-16,43891.20,0.00,382.16,0.00,23.25,10.53,1282.58,87.00
1992-09-17,43545.59,0.00,352.80,0.00,25.38,13.55,1552.18,73.00
1992-09-18,43545.59,0.00,354.27,0.00,24.81,12.85,1480.06,63.00
1992-09-19,43200.02,2.94,262.92,0.00,23.25,11.88,1390.18,60.00
1992-09-20,43200.02,0.00,408.57,0.00,18.54,4.10,821.74,48.00
1992-09-21,42854.41,0.00,383.45,0.00,18.44,5.53,907.50,41.00
1992-09-22,42854.41,9.24,152.09,0.00,19.40,13.53,1554.28,136.00
1992-09-23,42508.79,21.20,310.34,0.00,20.68,5.17,891.17,373.00
1992-09-24,42508.79,0.00,378.29,0.00,11.81,-0.32,598.19,196.00
1992-09-25,42163.20,0.00,409.40,0.00,14.95,0.21,615.57,151.00
1992-09-26,42163.20,26.18,307.93,0.00,16.99,1.29,668.90,536.00
1992-09-27,41817.59,2.32,139.97,0.00,15.26,10.91,1312.86,573.00
1992-09-28,41817.59,3.25,260.94,0.00,19.06,7.20,1016.15,540.00
1992-09-29,41472.02,0.00,380.57,0.00,18.78,4.75,859.23,421.00
1992-09-30,41472.02,0.00,312.78,0.00,10.63,0.90,648.04,343.00
1992-10-01,41126.39,0.00,300.45,0.00,8.77,-0.39,594.61,289.00
1992-10-02,41126.39,0.00,365.67,0.00,13.63,0.85,645.43,250.00
1992-10-03,40780.78,0.00,377.80,0.00,19.43,4.69,854.87,214.00
1992-10-04,40780.78,0.00,380.73,0.00,21.56,5.59,911.83,179.00
1992-10-05,40435.20,0.00,377.35,0.00,13.73,-1.11,567.24,150.00
1992-10-06,40435.20,0.00,370.74,0.00,11.94,-2.53,508.29,130.00
1992-10-07,40089.59,0.00,387.65,0.00,15.04,-2.31,517.12,118.00
1992-10-08,40089.59,0.00,367.60,0.00,17.31,1.00,640.16,106.00
1992-10-09,39744.00,3.33,294.23,0.00,17.84,4.43,834.84,195.00
1992-10-10,39744.00,24.11,206.63,0.00,16.27,5.54,909.36,430.00
1992-10-11,39405.81,2.80,220.02,0.00,16.80,6.81,984.52,281.00
1992-10-12,39398.39,5.32,172.55,0.00,13.59,5.12,882.08,265.00
1992-10-13,39243.18,0.00,297.93,0.00,14.30,2.42,728.49,231.00
1992-10-14,39052.80,0.00,268.39,0.00,10.84,0.65,640.00,232.00
1992-10-15,39052.80,8.80,152.25,0.00,10.43,3.16,772.57,269.00
1992-10-16,38707.19,9.84,225.04,0.00,20.74,7.74,1059.12,243.00
1992-10-17,38707.19,2.53,301.57,0.00,19.42,2.55,733.95,240.00
1992-10-18,38361.61,0.00,255.83,0.00,7.87,-1.91,528.45,216.00
1992-10-19,38361.61,1.13,178.54,0.00,5.84,-1.07,560.24,213.00
1992-10-20,38015.99,0.00,256.25,0.00,2.93,-6.68,370.21,196.00
1992-10-21,38015.99,0.00,250.49,0.00,4.34,-5.08,424.38,180.00
1992-10-22,37670.39,0.00,179.46,0.00,7.42,0.84,640.95,164.00
1992-10-23,37670.39,0.00,277.33,0.00,10.38,-1.04,560.00,151.00
1992-10-24,37390.68,2.85,248.06,0.00,14.67,-0.40,594.79,152.00
1992-10-25,37324.80,4.33,196.12,0.00,11.70,0.84,647.24,199.00
1992-10-26,37324.73,0.00,242.65,0.00,6.02,-3.46,472.02,175.00
1992-10-27,36979.21,0.00,299.02,0.00,11.52,-2.50,510.19,155.00
1992-10-28,36979.21,0.00,289.25,0.00,11.14,-2.35,520.00,140.00
1992-10-29,36633.62,0.00,289.08,0.00,12.46,-1.35,559.69,132.00
1992-10-30,36633.62,2.85,191.70,0.00,10.83,0.12,616.12,134.00
1992-10-31,36295.40,0.00,102.72,0.00,4.37,0.50,631.62,129.00
1992-11-01,36287.99,0.00,143.38,0.00,3.96,-1.52,550.22,118.00
1992-11-02,36287.99,7.66,106.17,0.00,3.85,-1.50,550.73,122.00
1992-11-03,35942.39,17.45,158.28,0.00,9.00,0.47,631.63,595.00
1992-11-04,35942.39,0.00,253.63,0.00,16.03,4.37,829.71,485.00
1992-11-05,35604.21,0.00,253.38,0.00,14.08,2.55,728.83,432.00
1992-11-06,35596.80,8.84,97.59,0.00,4.11,-0.64,584.71,577.00
1992-11-07,35596.80,0.00,195.82,0.00,3.92,-3.46,472.99,488.00
1992-11-08,35251.20,0.00,227.49,0.00,0.12,-8.74,313.51,419.00
1992-11-09,35251.20,0.00,236.61,0.00,0.70,-8.83,314.22,376.00
1992-11-10,35207.35,0.00,227.93,0.00,2.14,-7.02,359.76,344.00
1992-11-11,34905.62,3.58,166.48,0.00,7.92,-0.51,591.00,324.00
1992-11-12,34905.62,12.39,106.06,0.00,9.82,4.45,841.09,411.00
1992-11-13,34625.88,22.18,196.03,0.00,14.97,1.53,679.85,2220.00
1992-11-14,34559.98,0.00,232.19,0.00,6.02,-4.15,451.23,1200.00
1992-11-15,34559.98,0.00,201.94,0.00,1.19,-6.92,362.48,838.00
1992-11-16,34280.28,0.00,195.19,0.00,-0.44,-8.07,327.83,638.00
1992-11-17,34214.41,0.00,209.99,0.00,0.40,-8.08,330.76,527.00
1992-11-18,34214.41,1.06,117.80,0.00,3.33,-1.03,567.93,453.00
1992-11-19,34059.20,0.00,155.54,0.00,0.92,-4.93,427.72,384.00
1992-11-20,33868.82,0.00,200.76,0.00,2.69,-5.48,409.61,325.00
1992-11-21,33868.82,0.00,207.42,0.00,4.41,-4.42,440.60,373.00
1992-11-22,33868.82,12.92,122.34,0.00,10.54,3.93,809.81,667.00
1992-11-23,33530.62,19.44,111.08,0.00,14.63,8.62,1129.30,1730.00
1992-11-24,33523.21,0.00,211.72,0.00,12.77,3.25,777.01,1260.00
1992-11-25,33523.21,4.77,82.16,0.00,7.78,3.69,798.08,1230.00
1992-11-26,33523.14,0.36,107.59,0.00,9.85,5.88,926.11,993.00
1992-11-27,33185.02,0.00,210.29,0.00,10.87,1.79,694.73,839.00
1992-11-28,33177.61,0.00,79.85,0.00,3.64,0.96,648.06,687.00
1992-11-29,33177.61,0.00,150.07,0.00,3.90,-1.39,554.64,579.00
1992-11-30,33177.61,0.00,107.52,0.00,1.60,-2.05,527.55,492.00
1992-12-01,33022.39,0.00,143.65,0.00,2.07,-3.02,488.46,426.00
1992-12-02,32831.99,0.00,198.28,0.00,3.24,-4.70,437.76,370.00
1992-12-03,32831.99,0.00,133.75,0.00,1.47,-3.28,479.67,327.00
1992-12-04,32831.99,0.00,204.85,0.00,1.04,-7.18,355.73,282.00
1992-12-05,32831.99,2.21,216.33,0.00,1.90,-6.66,370.55,260.00
1992-12-06,32831.92,2.61,197.30,0.00,-3.23,-11.42,255.54,221.00
1992-12-07,32676.78,0.00,201.62,0.00,-2.79,-9.61,294.00,205.00
1992-12-08,32493.81,0.00,166.85,0.00,-1.43,-6.76,368.12,184.00
1992-12-09,32486.40,0.00,228.08,0.00,-1.16,-9.49,293.56,159.00
1992-12-10,32486.40,0.00,236.28,0.00,-2.63,-11.54,253.95,145.00
1992-12-11,32486.40,13.10,159.50,0.00,1.19,-6.32,382.00,184.00
1992-12-12,32486.40,14.27,104.12,0.00,0.72,-3.66,468.63,180.00
1992-12-13,32486.40,2.72,131.98,0.00,-0.04,-4.78,433.04,154.00
1992-12-14,32486.40,0.00,266.00,0.00,3.24,-10.36,278.24,134.00
1992-12-15,32486.40,0.00,267.08,0.00,3.94,-10.58,274.90,124.00
1992-12-16,32486.40,0.00,257.68,0.00,4.50,-8.03,333.00,132.00
1992-12-17,32486.33,8.40,100.51,0.00,2.45,-1.92,533.71,318.00
1992-12-18,32486.33,14.15,109.44,0.00,3.65,-1.25,560.75,500.00
1992-12-19,32486.33,0.00,199.98,0.00,1.83,-5.52,408.50,383.00
1992-12-20,32486.33,6.28,132.68,0.00,3.60,-2.64,505.63,473.00
1992-12-21,32486.33,0.00,262.67,0.00,4.79,-10.49,274.99,467.00
1992-12-22,32486.33,0.00,219.56,0.00,-0.38,-9.01,307.97,396.00
1992-12-23,32486.40,0.00,210.73,0.00,3.12,-5.17,422.55,362.00
1992-12-24,32486.40,0.31,247.26,0.00,4.00,-7.82,335.67,321.00
1992-12-25,32486.40,0.00,234.77,0.00,-6.34,-16.22,172.47,220.00
1992-12-26,32486.40,0.00,243.84,0.00,-2.24,-13.39,218.79,210.00
1992-12-27,32486.40,0.00,250.45,0.00,-5.96,-17.80,153.65,170.00
1992-12-28,32486.40,0.00,252.03,0.00,-4.13,-16.55,169.03,190.00
1992-12-29,32486.40,2.00,223.99,0.00,2.22,-7.35,351.76,210.00
1992-12-30,32486.40,4.79,95.94,0.00,4.86,0.07,606.83,470.00
1992-12-31,32486.40,3.40,159.97,0.00,3.54,-3.64,479.30,1930.00
1993-01-01,32486.40,0.00,275.22,0.00,12.73,-4.76,431.80,1540.00
1993-01-02,32552.27,0.00,172.69,0.00,-2.69,-9.07,307.57,963.00
1993-01-03,32788.14,0.00,187.00,0.00,-2.32,-9.32,301.49,702.00
1993-01-04,32831.99,7.47,163.09,0.00,4.32,-4.60,437.44,625.00
1993-01-05,32831.99,16.57,183.91,0.00,11.32,-0.44,592.84,1430.00
1993-01-06,32831.99,0.00,244.35,0.00,9.55,-1.79,537.15,1040.00
1993-01-07,32831.99,0.00,207.22,0.00,0.64,-7.44,350.22,802.00
1993-01-08,32897.87,0.00,188.12,0.00,1.54,-5.53,406.78,655.00
1993-01-09,33177.54,0.00,240.02,0.00,-0.14,-10.17,283.27,516.00
1993-01-10,33177.61,0.00,134.38,0.00,-5.63,-10.24,281.26,405.00
1993-01-11,33177.61,3.69,121.29,0.00,-3.83,-9.37,299.34,360.00
1993-01-12,33177.61,3.84,138.04,0.00,0.00,-6.49,376.97,349.00
1993-01-13,33367.98,10.41,103.36,0.00,2.42,-2.26,519.39,608.00
1993-01-14,33523.21,7.27,81.33,0.00,1.16,-2.48,510.75,604.00
1993-01-15,33523.21,2.81,129.57,0.00,-0.85,-6.09,389.61,454.00
1993-01-16,33523.21,0.00,177.48,0.00,-1.58,-7.62,344.13,399.00
1993-01-17,33713.60,0.00,130.89,0.00,-2.37,-6.65,371.24,359.00
1993-01-18,33868.82,0.00,246.37,0.00,-1.99,-11.22,260.59,306.00
1993-01-19,33868.82,0.00,279.53,0.00,-4.01,-15.54,181.63,227.00
1993-01-20,33876.23,0.00,292.23,0.00,0.01,-12.83,231.85,211.00
1993-01-21,34214.41,0.00,311.72,0.00,3.86,-12.33,240.79,204.00
1993-01-22,34214.41,10.45,223.85,0.00,2.51,-9.88,289.36,302.00
1993-01-23,34214.41,1.22,100.31,0.00,3.26,-0.03,600.49,302.00
1993-01-24,34559.92,0.00,225.25,0.00,3.79,-3.65,467.72,277.00
1993-01-25,34559.98,7.31,231.30,0.00,5.55,-7.18,356.33,337.00
1993-01-26,34559.98,0.00,321.25,0.00,-1.11,-14.32,204.63,200.00
1993-01-27,34905.62,0.00,314.26,0.00,-0.54,-12.67,231.00,190.00
1993-01-28,34905.62,0.00,290.07,0.00,0.84,-9.25,302.69,170.00
1993-01-29,34905.62,0.00,269.88,0.00,0.54,-8.30,322.68,150.00
1993-01-30,35251.20,0.00,246.29,0.00,-3.93,-11.43,257.68,130.00
1993-01-31,35251.20,1.07,226.17,0.00,-0.54,-7.06,357.12,140.00
1993-02-01,35317.09,0.99,361.75,0.00,3.58,-14.18,206.84,100.00
1993-02-02,35596.80,0.00,294.00,0.00,-10.09,-19.35,131.07,74.00
1993-02-03,35596.80,0.00,341.61,0.00,-3.16,-15.86,179.38,80.00
1993-02-04,35942.39,0.00,344.10,0.00,6.79,-6.56,361.85,80.00
1993-02-05,35942.39,0.00,272.02,0.00,1.80,-6.48,361.37,70.00
1993-02-06,35949.80,0.00,385.81,0.00,8.31,-14.28,203.07,55.00
1993-02-07,36287.99,0.00,342.09,0.00,-8.88,-20.89,121.10,40.00
1993-02-08,36287.99,0.00,358.58,0.00,-4.10,-17.47,160.16,50.00
1993-02-09,36633.62,0.00,388.13,0.00,2.01,-16.32,171.13,52.00
1993-02-10,36633.62,0.00,382.02,0.00,3.15,-13.75,213.04,53.00
1993-02-11,36823.99,0.00,359.12,0.00,10.03,-4.59,436.22,51.00
1993-02-12,36979.21,4.70,138.82,0.00,-0.73,-6.24,383.76,50.00
1993-02-13,36979.21,11.86,110.96,0.00,-2.48,-6.70,368.94,49.00
1993-02-14,37324.80,4.49,189.82,0.00,-2.21,-9.69,292.82,41.00
1993-02-15,37324.80,0.00,360.56,0.00,-0.44,-13.21,222.59,35.00
1993-02-16,37670.39,6.00,187.88,0.00,1.55,-6.04,390.26,38.00
1993-02-17,37670.39,10.62,219.52,0.00,0.64,-8.33,324.76,32.00
1993-02-18,38015.92,0.00,400.49,0.00,-3.16,-17.97,150.82,27.00
1993-02-19,38015.99,0.00,414.39,0.00,-8.28,-23.96,86.12,26.00
1993-02-20,38081.87,0.00,430.51,0.00,-7.54,-24.74,82.77,25.00
1993-02-21,38361.61,0.00,420.10,0.00,-3.76,-19.56,126.22,24.00
1993-02-22,38361.61,8.90,285.18,0.00,0.38,-12.57,238.33,35.00
1993-02-23,38707.19,0.10,383.97,0.00,3.85,-9.34,298.97,28.00
1993-02-24,38707.19,0.00,355.06,0.00,-5.53,-16.58,168.89,25.00
1993-02-25,39052.80,0.00,410.53,0.00,-7.55,-21.44,117.15,24.00
1993-02-26,39052.80,0.00,404.53,0.00,-4.52,-17.93,152.71,23.00
1993-02-27,39398.39,0.00,461.11,0.00,-2.47,-20.77,121.75,23.00
1993-02-28,39398.39,0.00,466.75,0.00,-2.08,-21.01,121.02,22.00
1993-03-01,39744.00,0.00,457.81,0.00,-1.00,-18.87,136.62,35.00
1993-03-02,39744.00,0.00,404.85,0.00,4.75,-9.32,294.14,49.00
1993-03-03,40089.59,0.00,410.23,0.00,10.03,-4.28,443.82,54.00
1993-03-04,40089.59,0.00,277.69,0.00,6.12,-2.12,521.02,66.00
1993-03-05,40435.20,29.32,91.75,0.00,0.32,-2.84,497.02,82.00
1993-03-06,40435.20,7.52,97.48,0.00,-0.10,-3.38,474.20,80.00
1993-03-07,40780.78,0.00,408.75,0.00,2.21,-10.42,279.28,73.00
1993-03-08,40780.78,0.00,388.93,0.00,6.40,-5.02,426.88,83.00
1993-03-09,41126.39,7.05,228.02,0.00,6.38,-1.79,538.62,117.00
1993-03-10,41126.39,0.00,423.76,0.00,2.08,-10.32,279.21,117.00
1993-03-11,41472.02,6.12,238.61,0.00,0.62,-7.41,349.29,104.00
1993-03-12,41472.02,0.00,444.53,0.00,-0.59,-13.02,224.26,90.00
1993-03-13,41817.59,10.06,250.11,0.00,-1.92,-9.91,284.29,102.00
1993-03-14,41817.59,39.91,269.04,0.00,-7.34,-15.66,180.59,111.00
1993-03-15,42163.20,0.00,539.77,0.00,-6.09,-23.05,93.96,128.00
1993-03-16,42163.20,0.00,493.07,0.00,-0.84,-14.75,200.00,108.00
1993-03-17,42508.79,3.45,361.47,0.00,5.30,-7.78,340.80,112.00
1993-03-18,42508.79,5.44,433.70,0.00,2.95,-18.67,139.43,152.00
1993-03-19,42854.41,0.00,574.66,0.00,-5.06,-25.09,82.09,129.00
1993-03-20,42854.41,0.00,564.99,0.00,1.01,-17.95,160.00,113.00
1993-03-21,43200.02,3.51,230.33,0.00,1.19,-6.04,391.60,109.00
1993-03-22,43200.02,0.00,385.27,0.00,6.41,-2.99,489.74,122.00
1993-03-23,43200.02,0.00,533.97,0.00,5.54,-9.78,291.50,163.00
1993-03-24,43545.59,11.97,233.04,0.00,3.19,-3.89,459.00,281.00
1993-03-25,43545.59,2.44,243.03,0.00,4.98,-0.85,575.07,435.00
1993-03-26,43891.20,0.00,551.06,0.00,10.23,-5.58,404.00,759.00
1993-03-27,43891.20,0.00,577.71,0.00,12.83,-5.17,419.01,1220.00
1993-03-28,44236.80,3.47,337.39,0.00,11.84,0.63,638.06,2510.00
1993-03-29,44236.80,3.76,279.08,0.00,9.29,0.92,652.52,3790.00
1993-03-30,44582.39,9.53,357.82,0.00,11.81,0.28,624.43,4750.00
1993-03-31,44582.39,0.00,602.22,0.00,14.97,-4.12,453.63,3600.00
1993-04-01,44928.00,12.55,387.41,0.00,16.00,2.67,733.85,5290.00
1993-04-02,44928.00,15.54,267.69,0.00,8.81,1.26,668.57,4000.00
1993-04-03,45273.61,3.32,333.95,0.00,7.19,-2.66,503.91,2550.00
1993-04-04,45273.61,0.00,350.12,0.00,3.72,-3.53,473.43,1580.00
1993-04-05,45619.20,0.00,415.61,0.00,4.50,-4.50,440.77,1150.00
1993-04-06,45619.20,0.00,570.17,0.00,11.16,-3.99,458.72,989.00
1993-04-07,45964.79,0.00,610.34,0.00,12.91,-5.42,410.38,909.00
1993-04-08,45964.79,0.00,602.96,0.00,16.14,-2.27,519.31,860.00
1993-04-09,46310.38,0.00,557.54,0.00,18.18,2.55,724.38,825.00
1993-04-10,46310.38,12.02,261.78,0.00,13.86,5.90,924.40,1890.00
1993-04-11,46655.99,31.75,308.87,0.00,10.04,0.63,637.94,3200.00
1993-04-12,46655.99,0.00,482.39,0.00,10.84,-0.77,580.61,1710.00
1993-04-13,47001.60,0.39,363.31,0.00,6.43,-1.64,544.41,1170.00
1993-04-14,47001.60,0.00,596.50,0.00,12.02,-4.86,429.02,867.00
1993-04-15,47347.20,0.00,555.55,0.00,14.53,-0.21,601.30,690.00
1993-04-16,47347.20,33.88,245.83,0.00,16.88,9.41,1192.62,3660.00
1993-04-17,47692.79,39.17,382.40,0.00,14.53,2.14,714.38,3370.00
1993-04-18,47692.79,7.03,368.51,0.00,9.39,-1.66,543.98,1880.00
1993-04-19,48038.40,0.00,605.90,0.00,16.52,-0.47,590.02,1230.00
1993-04-20,48038.40,0.00,564.25,0.00,20.70,5.33,896.67,875.00
1993-04-21,48318.11,17.36,396.36,0.00,22.52,8.39,1111.54,1790.00
1993-04-22,48383.99,16.13,389.31,0.00,10.52,-1.88,535.68,1670.00
1993-04-23,48384.06,11.31,252.75,0.00,5.25,-1.70,542.90,1520.00
1993-04-24,48729.59,0.00,592.16,0.00,13.10,-3.17,483.03,1490.00
1993-04-25,48729.59,0.00,565.54,0.00,14.98,0.00,609.62,1240.00
1993-04-26,49075.21,16.04,444.03,0.00,22.98,4.92,873.35,2060.00
1993-04-27,49075.21,22.81,366.87,0.00,7.45,-3.95,457.61,2010.00
1993-04-28,49420.81,0.00,625.13,0.00,14.88,-4.53,440.11,1340.00
1993-04-29,49420.81,0.00,590.08,0.00,20.47,2.60,728.83,961.00
1993-04-30,49576.01,0.00,538.52,0.00,22.98,7.79,1063.51,719.00
1993-05-01,49766.39,0.00,591.04,0.00,22.32,3.88,810.74,571.00
1993-05-02,49766.39,0.00,621.88,0.00,24.15,1.76,692.45,469.00
1993-05-03,50112.00,0.00,531.47,0.00,24.51,8.54,1123.53,401.00
1993-05-04,50112.00,0.00,456.53,0.00,22.17,9.61,1208.97,353.00
1993-05-05,50450.20,13.74,220.28,0.00,19.60,12.16,1414.73,738.00
1993-05-06,50457.60,23.43,338.80,0.00,20.96,8.64,1131.18,1470.00
1993-05-07,50457.60,0.00,567.98,0.00,21.69,3.63,795.10,905.00
1993-05-08,50803.21,0.00,600.78,0.00,21.32,0.49,632.93,675.00
1993-05-09,50803.21,0.00,560.90,0.00,25.68,6.85,988.04,551.00
1993-05-10,51082.91,0.00,571.60,0.00,27.19,6.48,967.56,457.00
1993-05-11,51148.79,0.00,493.37,0.00,28.52,12.07,1405.53,389.00
1993-05-12,51148.79,0.00,558.80,0.00,28.00,6.92,999.15,333.00
1993-05-13,51494.41,0.00,558.11,0.00,25.99,4.94,870.70,287.00
1993-05-14,51494.41,0.00,528.45,0.00,16.21,-1.16,564.79,253.00
1993-05-15,51494.41,0.00,447.70,0.00,20.04,6.09,927.53,225.00
1993-05-16,51839.98,3.42,403.85,0.00,22.54,6.63,980.16,206.00
1993-05-17,51839.98,0.00,528.21,0.00,17.75,-0.52,590.94,183.00
1993-05-18,51840.05,0.00,385.71,0.00,17.49,5.75,920.00,164.00
1993-05-19,52185.59,3.45,168.40,0.00,14.30,8.00,1079.84,163.00
1993-05-20,52185.59,1.17,250.77,0.00,12.42,5.48,907.25,155.00
1993-05-21,52185.59,0.00,480.01,0.00,13.62,-1.46,550.86,135.00
1993-05-22,52523.80,0.00,473.12,0.00,17.14,1.97,707.10,122.00
1993-05-23,52531.21,0.00,512.18,0.00,18.52,0.71,640.11,111.00
1993-05-24,52531.21,0.88,451.07,0.00,20.87,5.94,930.48,105.00
1993-05-25,52686.43,0.99,361.06,0.00,21.16,9.97,1237.93,99.00
1993-05-26,52876.81,0.00,457.99,0.00,19.97,4.97,873.06,88.00
1993-05-27,52876.81,0.00,438.77,0.00,18.77,4.67,855.64,79.00
1993-05-28,52876.81,0.00,458.94,0.00,22.20,6.84,993.54,73.00
1993-05-29,53032.03,2.47,429.46,0.00,26.53,9.28,1182.59,68.00
1993-05-30,53222.40,0.00,515.76,0.00,17.75,-0.53,589.03,61.00
1993-05-31,53222.40,2.86,397.49,0.00,19.36,4.61,851.19,73.00
1993-06-01,53222.40,11.92,265.44,0.00,14.55,4.26,829.87,118.00
1993-06-02,53222.47,0.00,467.00,0.00,14.87,0.13,616.30,83.00
1993-06-03,53502.11,0.00,442.05,0.00,17.81,3.94,812.11,68.00
1993-06-04,53567.98,3.09,247.93,0.00,18.27,8.62,1129.39,64.00
1993-06-05,53567.98,0.22,422.73,0.00,18.32,5.17,886.44,60.00
1993-06-06,53567.98,2.07,278.25,0.00,15.54,7.57,1046.06,58.00
1993-06-07,53567.98,0.00,473.35,0.00,19.67,4.50,846.64,51.00
1993-06-08,53611.84,0.00,401.38,0.00,22.16,10.03,1242.32,47.00
1993-06-09,53847.71,14.64,161.26,0.00,21.93,15.96,1796.57,90.00
1993-06-10,53913.61,11.45,289.50,0.00,25.20,13.73,1572.63,113.00
1993-06-11,53913.61,0.00,462.74,0.00,25.17,10.71,1297.77,72.00
1993-06-12,53913.61,0.00,517.85,0.00,24.11,6.75,988.06,55.00
1993-06-13,53913.61,0.00,506.14,0.00,23.53,7.13,1013.25,46.00
1993-06-14,53913.61,0.00,495.82,0.00,24.59,8.53,1122.61,44.00
1993-06-15,53913.61,0.00,458.06,0.00,24.60,10.59,1286.90,40.00
1993-06-16,53913.61,0.91,484.38,0.00,23.67,6.65,981.33,37.00
1993-06-17,53913.61,0.00,517.81,0.00,24.25,6.81,992.29,32.00
1993-06-18,53913.61,0.00,480.40,0.00,27.11,11.10,1328.31,28.00
1993-06-19,53913.67,0.03,385.02,0.00,28.82,16.68,1895.18,28.00
1993-06-20,53913.67,13.61,298.84,0.00,28.64,16.09,1828.66,58.00
1993-06-21,53913.67,15.73,285.33,0.00,27.20,15.64,1777.63,96.00
1993-06-22,53913.67,14.45,295.38,0.00,23.76,12.29,1431.77,110.00
1993-06-23,53913.67,0.00,532.08,0.00,25.59,6.56,975.73,71.00
1993-06-24,53913.67,0.00,559.65,0.00,24.44,2.68,743.59,51.00
1993-06-25,53913.61,0.00,524.99,0.00,27.41,8.03,1082.67,40.00
1993-06-26,53913.61,0.00,442.87,0.00,28.82,14.09,1607.56,33.00
1993-06-27,53913.61,6.12,376.82,0.00,26.84,10.25,1260.42,31.00
1993-06-28,53913.61,5.89,340.98,0.00,26.20,11.65,1374.33,28.00
1993-06-29,53913.61,12.20,305.77,0.00,25.34,12.84,1479.87,28.00
1993-06-30,53913.61,0.00,404.08,0.00,22.52,10.58,1287.58,25.00
1993-07-01,53913.61,0.00,435.40,0.00,23.08,9.74,1219.43,20.00
1993-07-02,53913.61,0.00,327.28,0.00,24.71,15.25,1739.76,27.00
1993-07-03,53906.19,4.57,209.06,0.00,21.17,13.56,1554.74,47.00
1993-07-04,53723.20,2.20,368.81,0.00,26.54,14.86,1692.74,47.00
1993-07-05,53568.05,0.00,464.89,0.00,29.97,14.18,1619.33,39.00
1993-07-06,53567.98,0.00,375.06,0.00,31.77,19.57,2274.64,32.00
1993-07-07,53567.98,0.00,373.13,0.00,29.74,18.05,2073.15,28.00
1993-07-08,53567.98,7.02,324.35,0.00,30.83,16.79,1912.35,26.00
1993-07-09,53567.98,0.00,441.96,0.00,31.10,15.91,1808.95,28.00
1993-07-10,53377.61,0.00,409.80,0.00,31.24,17.46,1993.46,25.00
1993-07-11,53222.40,0.00,466.82,0.00,31.15,14.46,1649.35,22.00
1993-07-12,53222.40,0.00,378.83,0.00,28.36,16.40,1865.37,20.00
1993-07-13,53222.40,0.00,452.17,0.00,28.08,13.01,1499.07,18.00
1993-07-14,53214.98,0.00,492.49,0.00,28.83,11.25,1342.03,18.00
1993-07-15,52876.88,9.39,287.02,0.00,28.71,16.48,1875.54,17.00
1993-07-16,52876.81,0.00,498.29,0.00,24.96,7.83,1066.85,14.00
1993-07-17,52876.81,0.00,481.12,0.00,25.67,9.46,1196.97,13.00
1993-07-18,52869.40,0.00,531.98,0.00,25.53,5.62,912.61,12.00
1993-07-19,52531.21,0.00,422.68,0.00,27.97,14.12,1609.70,13.00
1993-07-20,52531.21,13.36,178.34,0.00,23.23,16.40,1862.13,18.00
1993-07-21,52531.21,0.00,482.12,0.00,27.29,10.46,1277.05,17.00
1993-07-22,52340.82,0.00,493.95,0.00,24.79,7.51,1037.96,15.00
1993-07-23,52185.59,0.00,480.73,0.00,24.50,8.14,1084.24,13.00
1993-07-24,52185.59,0.00,513.79,0.00,26.47,7.61,1023.00,12.00
1993-07-25,52119.70,0.00,523.98,0.00,28.55,8.29,1058.33,11.00
1993-07-26,51839.98,0.02,403.17,0.00,28.80,15.54,1759.96,10.00
1993-07-27,51839.98,3.20,238.81,0.00,24.64,15.18,1728.00,15.00
1993-07-28,51774.12,0.00,458.53,0.00,28.87,13.18,1443.00,14.00
1993-07-29,51494.41,5.41,314.35,0.00,30.38,16.07,1821.77,13.00
1993-07-30,51494.41,4.79,278.41,0.00,25.20,13.89,1587.83,13.00
1993-07-31,51304.00,0.61,247.70,0.00,21.72,14.70,1676.31,14.00
1993-08-01,51148.79,0.00,417.20,0.00,25.00,11.75,1382.36,14.00
1993-08-02,51148.79,0.00,406.29,0.00,26.92,13.71,1566.95,15.00
1993-08-03,50803.21,8.12,276.89,0.00,24.49,13.03,1498.86,22.00
1993-08-04,50803.21,0.00,448.52,0.00,25.44,10.46,1253.30,20.00
1993-08-05,50795.79,0.83,439.66,0.00,21.91,7.67,1020.70,19.00
1993-08-06,50457.60,0.00,474.40,0.00,23.02,6.72,936.24,16.00
1993-08-07,50457.60,0.00,290.19,0.00,19.43,11.02,1321.62,19.00
1993-08-08,50112.00,6.59,336.21,0.00,22.18,7.40,1033.15,16.00
1993-08-09,50112.00,0.00,444.06,0.00,24.06,9.28,1143.76,15.00
1993-08-10,50104.59,0.00,452.39,0.00,26.60,10.96,1257.64,27.00
1993-08-11,49766.39,18.46,182.86,0.00,23.07,15.80,1784.22,47.00
1993-08-12,49766.39,7.23,260.86,0.00,22.90,12.36,1438.39,38.00
1993-08-13,49420.81,0.00,403.64,0.00,25.92,12.90,1486.76,32.00
1993-08-14,49420.81,0.00,462.23,0.00,27.37,10.93,1299.28,28.00
1993-08-15,49075.28,0.00,466.70,0.00,28.14,11.20,1311.70,23.00
1993-08-16,49075.21,13.63,281.81,0.00,27.30,15.07,1716.72,27.00
1993-08-17,49067.80,28.80,127.70,0.00,21.67,16.92,1922.82,46.00
1993-08-18,48729.59,19.22,233.51,0.00,24.19,15.08,1717.82,54.00
1993-08-19,48729.59,0.00,411.06,0.00,26.57,13.14,1510.22,43.00
1993-08-20,48383.99,0.00,326.36,0.00,24.93,15.20,1728.73,35.00
1993-08-21,48383.99,4.01,241.22,0.00,23.07,14.22,1617.40,30.00
1993-08-22,48038.40,0.00,508.98,0.00,22.63,3.66,796.48,25.00
1993-08-23,48038.40,0.00,481.30,0.00,25.10,7.90,1072.00,19.00
1993-08-24,47692.79,0.00,408.77,0.00,26.79,13.61,1565.24,17.00
1993-08-25,47692.79,20.94,279.97,0.00,28.00,16.17,1830.12,207.00
1993-08-26,47347.27,0.00,455.64,0.00,30.32,13.32,1530.11,75.00
1993-08-27,47347.20,0.00,430.38,0.00,29.81,14.53,1656.15,48.00
1993-08-28,47156.81,2.01,340.26,0.00,29.73,16.68,1892.75,37.00
1993-08-29,47001.60,0.00,479.36,0.00,28.91,9.77,1221.51,30.00
1993-08-30,46994.19,0.00,391.80,0.00,27.87,14.44,1639.08,25.00
1993-08-31,46655.99,0.00,365.29,0.00,28.13,15.83,1796.08,22.00
1993-09-01,46655.99,28.07,290.39,0.00,28.20,14.70,1676.78,40.00
1993-09-02,46310.38,6.79,260.68,0.00,22.98,13.20,1515.66,43.00
1993-09-03,46310.38,14.83,231.60,0.00,25.48,15.71,1783.73,39.00
1993-09-04,45964.79,26.89,253.23,0.00,24.75,14.02,1601.94,62.00
1993-09-05,45964.79,0.00,387.97,0.00,22.27,9.76,1220.86,70.00
1993-09-06,45619.20,0.00,409.55,0.00,23.62,9.56,1204.85,50.00
1993-09-07,45619.20,5.88,261.52,0.00,24.14,12.91,1479.92,41.00
1993-09-08,45273.61,5.75,220.91,0.00,16.29,7.80,1064.15,38.00
1993-09-09,45273.61,0.00,307.65,0.00,18.30,9.32,1185.65,35.00
1993-09-10,44928.00,5.18,224.63,0.00,20.70,11.68,1374.55,40.00
1993-09-11,44928.00,2.00,432.67,0.00,19.14,3.96,813.61,46.00
1993-09-12,44582.39,0.00,437.88,0.00,16.61,1.15,663.77,37.00
1993-09-13,44582.39,0.00,413.90,0.00,21.14,6.52,961.48,29.00
1993-09-14,44236.80,0.00,386.00,0.00,25.57,11.87,1392.41,24.00
1993-09-15,44236.80,0.00,342.77,0.00,25.92,14.20,1622.58,22.00
1993-09-16,43891.20,6.11,313.15,0.00,24.20,7.98,1078.66,23.00
1993-09-17,43891.20,0.85,156.95,0.00,13.11,8.61,1128.45,23.00
1993-09-18,43545.59,11.08,150.14,0.00,15.81,9.92,1233.33,42.00
1993-09-19,43545.59,0.17,388.08,0.00,18.90,5.28,893.76,52.00
1993-09-20,43200.02,0.00,440.40,0.00,14.85,-2.65,503.62,40.00
1993-09-21,43200.02,0.58,357.81,0.00,13.51,0.89,650.20,35.00
1993-09-22,42854.41,2.39,227.20,0.00,15.09,7.49,1038.97,32.00
1993-09-23,42854.41,0.00,341.77,0.00,17.93,6.55,975.60,30.00
1993-09-24,42508.79,5.29,292.42,0.00,16.70,2.53,735.11,31.00
1993-09-25,42508.79,0.00,425.69,0.00,18.21,0.66,641.36,29.00
1993-09-26,42163.20,9.17,303.51,0.00,19.45,3.27,776.46,41.00
1993-09-27,42163.20,6.14,248.39,0.00,20.48,8.73,1138.05,170.00
1993-09-28,41817.59,24.85,170.71,0.00,12.68,5.79,924.51,305.00
1993-09-29,41817.59,0.12,301.71,0.00,11.97,2.35,725.35,160.00
1993-09-30,41472.02,2.75,314.20,0.00,11.88,-0.72,582.26,113.00
1993-10-01,41472.02,0.00,405.55,0.00,10.92,-4.95,426.99,89.00
1993-10-02,41126.39,0.00,379.66,0.00,14.07,-0.40,591.64,78.00
1993-10-03,41126.39,5.13,263.99,0.00,14.53,1.52,682.70,81.00
1993-10-04,40780.78,0.00,326.20,0.00,13.91,2.27,720.41,72.00
1993-10-05,40780.78,4.89,311.25,0.00,19.29,-2.11,525.52,73.00
1993-10-06,40435.20,0.00,391.60,0.00,14.41,-2.96,492.04,66.00
1993-10-07,40435.20,0.00,383.55,0.00,17.64,0.10,614.90,59.00
1993-10-08,40089.59,0.00,342.99,0.00,21.93,6.85,988.25,55.00
1993-10-09,40089.59,0.00,349.81,0.00,23.75,7.36,1028.60,52.00
1993-10-10,39744.00,4.64,282.49,0.00,16.59,-2.00,530.06,50.00
1993-10-11,39744.00,0.00,347.79,0.00,7.84,-7.32,353.00,46.00
1993-10-12,39405.81,2.73,279.39,0.00,10.22,-4.32,447.61,44.00
1993-10-13,39398.39,5.32,220.99,0.00,10.39,-1.42,553.57,44.00
1993-10-14,39243.18,0.00,346.19,0.00,9.04,-6.59,373.29,41.00
1993-10-15,39052.80,0.00,263.82,0.00,9.08,-1.45,552.11,38.00
1993-10-16,39052.80,0.00,300.91,0.00,16.51,3.16,772.63,35.00
1993-10-17,38707.19,8.32,152.74,0.00,16.97,8.54,1123.04,41.00
1993-10-18,38707.19,9.63,175.83,0.00,14.57,4.66,854.42,69.00
1993-10-19,38361.61,0.00,347.19,0.00,17.48,-1.62,545.06,67.00
1993-10-20,38361.61,12.62,222.45,0.00,14.43,0.35,627.62,161.00
1993-10-21,38015.99,6.18,119.30,0.00,13.43,6.87,991.89,202.00
1993-10-22,38015.99,3.08,203.38,0.00,13.87,2.57,737.57,204.00
1993-10-23,37670.39,0.00,285.71,0.00,11.60,-1.94,531.80,164.00
1993-10-24,37670.39,0.00,291.22,0.00,13.24,-1.13,560.75,139.00
1993-10-25,37390.68,0.00,314.45,0.00,18.24,0.72,640.00,124.00
1993-10-26,37324.80,0.00,310.12,0.00,17.89,0.58,635.95,111.00
1993-10-27,37324.73,0.00,207.60,0.00,11.04,1.70,690.71,103.00
1993-10-28,36979.21,2.88,171.01,0.00,11.16,0.96,650.81,100.00
1993-10-29,36979.21,0.00,250.98,0.00,10.14,-2.12,525.04,88.00
1993-10-30,36633.62,0.00,241.50,0.00,12.62,0.67,639.35,89.00
1993-10-31,36633.62,17.33,79.19,0.00,3.55,-0.91,571.62,143.00
1993-11-01,36295.40,15.99,65.08,0.00,0.80,-2.69,503.41,196.00
1993-11-02,36287.99,0.17,190.15,0.00,1.89,-6.29,382.73,168.00
1993-11-03,36287.99,0.00,207.15,0.00,4.62,-4.55,439.08,163.00
1993-11-04,35942.39,0.00,169.68,0.00,5.85,-1.43,558.04,179.00
1993-11-05,35942.39,1.70,158.68,0.00,8.80,1.99,711.67,337.00
1993-11-06,35604.21,1.60,216.75,0.00,10.68,0.91,651.27,587.00
1993-11-07,35596.80,0.00,173.71,0.00,4.83,-2.39,514.95,439.00
1993-11-08,35596.80,0.00,248.23,0.00,3.90,-7.55,345.60,340.00
1993-11-09,35251.20,0.00,269.82,0.00,7.31,-6.26,380.65,281.00
1993-11-10,35251.20,0.00,276.79,0.00,8.30,-6.49,369.96,242.00
1993-11-11,35207.35,0.00,269.18,0.00,9.89,-4.45,440.00,215.00
1993-11-12,34905.62,0.00,242.76,0.00,9.90,-2.17,520.00,195.00
1993-11-13,34905.62,0.00,221.09,0.00,9.89,-0.48,600.00,179.00
1993-11-14,34625.88,2.63,154.30,0.00,12.13,4.03,802.63,205.00
1993-11-15,34559.98,7.61,138.85,0.00,17.77,9.00,1160.00,323.00
1993-11-16,34559.98,0.48,245.31,0.00,17.94,3.19,771.63,237.00
1993-11-17,34280.28,0.08,219.63,0.00,8.49,-2.30,519.36,231.00
1993-11-18,34214.41,23.44,132.04,0.00,8.94,0.99,640.00,593.00
1993-11-19,34214.41,0.00,225.92,0.00,6.82,-4.26,446.16,412.00
1993-11-20,34059.20,1.43,176.52,0.00,4.85,-3.76,465.56,366.00
1993-11-21,33868.82,0.00,255.89,0.00,6.34,-8.67,316.14,303.00
1993-11-22,33868.82,0.00,231.69,0.00,8.74,-3.66,467.31,259.00
1993-11-23,33868.82,0.00,256.56,0.00,11.84,-4.64,437.65,227.00
1993-11-24,33530.62,0.00,222.26,0.00,10.08,-1.72,542.58,204.00
1993-11-25,33523.21,0.00,246.91,0.00,7.57,-7.07,358.79,179.00
1993-11-26,33523.21,0.00,225.43,0.00,1.83,-10.07,284.43,154.00
1993-11-27,33523.14,0.00,176.95,0.00,3.82,-4.63,436.68,146.00
1993-11-28,33185.02,49.98,153.51,0.00,12.72,1.71,693.67,3380.00
1993-11-29,33177.61,16.99,142.19,0.00,6.35,-3.10,487.48,1650.00
1993-11-30,33177.61,0.00,154.63,0.00,0.78,-6.42,377.65,1040.00
1993-12-01,33177.61,0.00,217.87,0.00,0.88,-11.21,261.73,790.00
1993-12-02,33022.39,0.00,206.60,0.00,2.42,-8.89,308.92,667.00
1993-12-03,32831.99,5.65,98.13,0.00,4.71,-1.59,549.94,619.00
1993-12-04,32831.99,7.15,146.33,0.00,7.88,-2.62,504.96,597.00
1993-12-05,32831.99,16.09,95.75,0.00,6.14,-0.18,602.64,912.00
1993-12-06,32831.99,0.00,114.73,0.00,2.59,-2.90,494.42,753.00
1993-12-07,32831.92,0.00,102.81,0.00,2.19,-2.68,503.32,675.00
1993-12-08,32676.78,0.00,166.48,0.00,2.69,-5.72,400.19,608.00
1993-12-09,32493.81,0.00,205.37,0.00,4.85,-6.77,367.87,549.00
1993-12-10,32486.40,10.83,157.00,0.00,3.86,-6.46,378.04,682.00
1993-12-11,32486.40,15.01,168.41,0.00,4.39,-6.88,365.09,875.00
1993-12-12,32486.40,0.00,184.27,0.00,-4.61,-12.67,232.86,663.00
1993-12-13,32486.40,0.00,219.66,0.00,-1.22,-11.75,249.60,598.00
1993-12-14,32486.40,0.00,238.28,0.00,5.19,-7.69,343.38,557.00
1993-12-15,32486.40,0.00,216.91,0.00,4.77,-6.06,387.70,523.00
1993-12-16,32486.40,1.71,114.30,0.00,3.99,-1.13,561.49,498.00
1993-12-17,32486.40,0.00,232.84,0.00,0.64,-11.25,259.46,444.00
1993-12-18,32486.33,0.00,239.82,0.00,4.54,-8.58,319.94,410.00
1993-12-19,32486.33,4.65,61.85,0.00,1.65,-1.69,544.63,398.00
1993-12-20,32486.33,0.00,115.31,0.00,3.29,-1.49,549.74,383.00
1993-12-21,32486.33,7.95,71.97,0.00,0.80,-2.98,490.37,405.00
1993-12-22,32486.33,9.89,123.59,0.00,0.17,-6.54,375.12,391.00
1993-12-23,32486.33,0.00,194.16,0.00,-2.88,-10.85,268.02,351.00
1993-12-24,32486.40,0.00,252.47,0.00,-3.48,-16.42,170.76,300.00
1993-12-25,32486.40,0.22,220.97,0.00,-5.28,-14.76,197.91,280.00
1993-12-26,32486.40,3.03,198.63,0.00,-4.95,-16.89,164.38,230.00
1993-12-27,32486.40,0.00,271.85,0.00,-9.51,-24.69,83.44,170.00
1993-12-28,32486.40,0.00,247.45,0.00,-11.50,-22.87,95.13,150.00
1993-12-29,32486.40,0.00,267.62,0.00,-7.64,-21.94,110.22,140.00
1993-12-30,32486.40,2.12,236.63,0.00,-8.58,-21.02,120.75,120.00
1993-12-31,32486.40,0.00,233.17,0.00,-4.86,-15.26,187.64,110.00
1994-01-01,32486.40,0.00,243.79,0.00,0.84,-12.85,228.78,110.00
1994-01-02,32552.27,0.00,138.42,0.00,1.28,-5.08,433.51,120.00
1994-01-03,32788.14,8.25,168.33,0.00,1.05,-10.47,276.77,120.00
1994-01-04,32831.99,14.85,94.77,0.00,-5.14,-10.59,273.18,120.00
1994-01-05,32831.99,22.61,102.34,0.00,-7.33,-13.10,223.04,110.00
1994-01-06,32831.99,0.24,244.85,0.00,-5.70,-17.85,153.48,100.00
1994-01-07,32831.99,4.53,128.01,0.00,-7.84,-15.14,189.63,110.00
1994-01-08,32897.87,9.71,69.95,0.00,-7.21,-10.90,274.73,110.00
1994-01-09,33177.54,0.00,263.94,0.00,-5.91,-19.10,133.38,100.00
1994-01-10,33177.61,0.00,282.13,0.00,-7.58,-22.56,100.59,84.00
1994-01-11,33177.61,0.00,286.84,0.00,-5.93,-21.39,117.83,90.00
1994-01-12,33177.61,0.00,165.28,0.00,-2.18,-8.96,311.02,90.00
1994-01-13,33367.98,3.29,163.80,0.00,0.95,-8.53,319.13,86.00
1994-01-14,33523.21,2.26,165.60,0.00,0.00,-7.26,354.03,84.00
1994-01-15,33523.21,2.39,286.32,0.00,-5.62,-23.99,85.90,74.00
1994-01-16,33523.21,0.00,232.65,0.00,-15.38,-25.07,81.21,67.00
1994-01-17,33713.60,4.83,207.92,0.00,-11.40,-22.98,94.05,74.00
1994-01-18,33868.82,10.41,224.15,0.00,-5.10,-19.73,127.25,72.00
1994-01-19,33868.82,0.00,302.46,0.00,-16.02,-30.35,42.08,64.00
1994-01-20,33876.23,0.00,283.74,0.00,-17.88,-30.22,42.77,58.00
1994-01-21,34214.41,0.00,336.71,0.00,-10.66,-29.94,40.00,54.00
1994-01-22,34214.41,0.00,321.57,0.00,-9.41,-25.44,80.00,70.00
1994-01-23,34214.41,0.00,266.90,0.00,-3.55,-14.46,200.05,72.00
1994-01-24,34559.92,0.00,288.95,0.00,2.62,-9.81,285.48,85.00
1994-01-25,34559.98,0.00,184.19,0.00,2.17,-4.58,438.41,90.00
1994-01-26,34559.98,14.17,223.94,0.00,-1.87,-14.30,204.00,100.00
1994-01-27,34905.62,0.00,301.87,0.00,-8.52,-20.83,121.46,120.00
1994-01-28,34905.62,26.56,274.30,0.00,3.29,-16.44,169.81,300.00
1994-01-29,34905.62,20.69,195.22,0.00,4.95,-4.61,437.08,885.00
1994-01-30,35251.20,0.00,301.21,0.00,0.26,-11.17,263.13,576.00
1994-01-31,35251.20,0.00,363.98,0.00,-4.49,-21.06,120.43,400.00
1994-02-01,35317.09,2.84,233.67,0.00,-7.02,-17.10,160.00,370.00
1994-02-02,35596.80,0.00,379.05,0.00,-6.02,-24.00,82.93,300.00
1994-02-03,35596.80,0.00,368.39,0.00,-6.91,-23.29,90.74,280.00
1994-02-04,35942.39,0.00,353.28,0.00,-3.03,-18.04,157.26,260.00
1994-02-05,35942.39,0.00,341.14,0.00,0.14,-13.80,200.02,250.00
1994-02-06,35949.80,0.00,381.49,0.00,3.13,-14.79,197.80,230.00
1994-02-07,36287.99,0.00,359.45,0.00,2.55,-13.06,222.95,210.00
1994-02-08,36287.99,8.29,234.48,0.00,-4.36,-16.22,172.67,190.00
1994-02-09,36633.62,14.74,82.83,0.00,-11.93,-15.26,190.50,200.00
1994-02-10,36633.62,2.79,308.83,0.00,-9.59,-23.57,88.95,170.00
1994-02-11,36823.99,0.00,317.13,0.00,-10.70,-21.70,113.71,170.00
1994-02-12,36979.21,1.10,233.78,0.00,-6.20,-14.47,201.99,160.00
1994-02-13,36979.21,0.00,204.33,0.00,-1.79,-8.22,327.71,160.00
1994-02-14,37324.80,0.00,379.36,0.00,-0.17,-14.10,206.15,150.00
1994-02-15,37324.80,0.00,403.83,0.00,-3.85,-19.42,128.60,140.00
1994-02-16,37670.39,0.00,427.07,0.00,5.67,-12.48,240.00,140.00
1994-02-17,37670.39,0.00,420.23,0.00,2.81,-14.08,207.77,130.00
1994-02-18,38015.92,0.00,438.28,0.00,9.54,-9.53,280.00,140.00
1994-02-19,38015.99,0.00,449.51,0.00,13.28,-7.52,358.40,150.00
1994-02-20,38081.87,0.00,435.24,0.00,14.30,-4.34,440.00,290.00
1994-02-21,38361.61,2.82,293.80,0.00,12.37,0.21,616.89,766.00
1994-02-22,38361.61,0.00,317.43,0.00,5.78,-4.51,438.58,877.00
1994-02-23,38707.19,8.96,246.27,0.00,1.55,-8.83,311.75,695.00
1994-02-24,38707.19,11.70,151.65,0.00,-0.88,-6.68,365.07,601.00
1994-02-25,39052.80,7.84,278.77,0.00,0.35,-11.29,259.01,487.00
1994-02-26,39052.80,8.99,254.83,0.00,-2.54,-12.53,237.50,400.00
1994-02-27,39398.39,0.00,440.36,0.00,-6.95,-21.05,120.36,330.00
1994-02-28,39398.39,0.00,453.74,0.00,-7.78,-22.61,98.68,320.00
1994-03-01,39744.00,0.00,464.13,0.00,-4.23,-19.69,128.66,310.00
1994-03-02,39744.00,0.00,497.24,0.00,-0.69,-18.63,139.00,280.00
1994-03-03,40089.59,48.39,340.88,0.00,-1.54,-15.50,182.35,260.00
1994-03-04,40089.59,12.76,345.46,0.00,0.28,-13.59,215.06,300.00
1994-03-05,40435.20,4.01,370.46,0.00,3.41,-10.33,279.47,281.00
1994-03-06,40435.20,0.00,519.80,0.00,3.38,-13.51,215.97,246.00
1994-03-07,40780.78,0.00,458.74,0.00,4.07,-9.16,304.25,236.00
1994-03-08,40780.78,9.79,255.99,0.00,6.81,-1.95,535.95,345.00
1994-03-09,41126.39,0.00,472.76,0.00,3.96,-9.19,303.37,341.00
1994-03-10,41126.39,28.97,265.53,0.00,0.63,-7.91,336.05,495.00
1994-03-11,41472.02,0.00,407.77,0.00,2.39,-7.85,337.79,470.00
1994-03-12,41472.02,0.00,552.75,0.00,1.88,-14.75,197.14,410.00
1994-03-13,41817.59,0.00,558.72,0.00,6.66,-10.61,276.40,404.00
1994-03-14,41817.59,0.50,335.44,0.00,6.63,-1.92,533.86,435.00
1994-03-15,42163.20,0.98,409.98,0.00,7.25,-3.14,484.71,504.00
1994-03-16,42163.20,2.71,450.99,0.00,7.72,-7.50,347.23,577.00
1994-03-17,42508.79,1.07,403.57,0.00,-3.37,-12.97,225.44,475.00
1994-03-18,42508.79,0.00,388.26,0.00,-2.17,-11.08,261.50,439.00
1994-03-19,42854.41,9.98,219.83,0.00,-2.87,-9.13,302.23,408.00
1994-03-20,42854.41,0.00,404.71,0.00,3.61,-5.26,415.86,373.00
1994-03-21,43200.02,0.00,597.26,0.00,7.53,-8.77,313.63,389.00
1994-03-22,43200.02,9.55,348.13,0.00,6.88,-3.40,473.61,686.00
1994-03-23,43200.02,0.00,520.54,0.00,11.23,-1.11,560.00,1070.00
1994-03-24,43545.59,0.00,606.64,0.00,16.80,-0.46,599.58,1870.00
1994-03-25,43545.59,0.00,586.29,0.00,15.11,-0.50,592.03,2500.00
1994-03-26,43891.20,0.00,442.47,0.00,3.57,-5.96,393.41,1670.00
1994-03-27,43891.20,8.59,336.46,0.00,5.88,-3.81,463.31,1580.00
1994-03-28,44236.80,6.54,152.85,0.00,2.51,-1.37,555.43,1570.00
1994-03-29,44236.80,0.00,388.60,0.00,4.63,-3.11,486.58,1430.00
1994-03-30,44582.39,0.00,517.39,0.00,6.30,-4.75,433.21,1290.00
1994-03-31,44582.39,0.00,600.98,0.00,5.75,-8.25,328.45,1130.00
1994-04-01,44928.00,0.00,596.63,0.00,7.75,-5.92,392.73,1260.00
1994-04-02,44928.00,0.00,636.86,0.00,12.30,-3.78,460.37,1810.00
1994-04-03,45273.61,0.00,571.81,0.00,14.66,1.60,688.24,2910.00
1994-04-04,45273.61,7.94,486.56,0.00,12.18,-4.48,441.59,2700.00
1994-04-05,45619.20,0.00,655.78,0.00,11.84,-4.89,429.61,2040.00
1994-04-06,45619.20,0.00,609.86,0.00,16.36,1.78,702.25,2170.00
1994-04-07,45964.79,15.83,428.06,0.00,9.87,-2.65,503.94,2590.00
1994-04-08,45964.79,0.00,601.35,0.00,5.67,-7.56,346.16,1650.00
1994-04-09,46310.38,0.00,666.15,0.00,10.85,-6.21,384.82,1340.00
1994-04-10,46310.38,4.75,385.92,0.00,15.15,4.07,805.98,1640.00
1994-04-11,46655.99,7.50,423.36,0.00,9.68,-2.43,512.58,1540.00
1994-04-12,46655.99,6.72,361.93,0.00,10.61,1.07,653.73,1540.00
1994-04-13,47001.60,9.12,249.39,0.00,7.62,1.56,684.32,1780.00
1994-04-14,47001.60,8.87,406.26,0.00,14.28,3.01,762.38,1710.00
1994-04-15,47347.20,0.00,670.65,0.00,19.83,2.25,721.90,1300.00
1994-04-16,47347.20,12.00,515.46,0.00,26.87,5.36,907.81,1280.00
1994-04-17,47692.79,3.80,530.39,0.00,12.20,-1.72,540.77,963.00
1994-04-18,47692.79,0.00,653.35,0.00,12.97,-3.20,484.32,741.00
1994-04-19,48038.40,0.75,613.17,0.00,19.07,3.94,806.13,622.00
1994-04-20,48038.40,0.00,705.23,0.00,21.94,-0.01,612.84,516.00
1994-04-21,48318.11,0.00,655.03,0.00,12.08,-4.52,440.86,428.00
1994-04-22,48383.99,0.00,675.35,0.00,11.63,-6.16,386.67,371.00
1994-04-23,48384.06,0.00,677.53,0.00,11.10,-6.67,371.26,327.00
1994-04-24,48729.59,0.00,663.96,0.00,17.09,-0.66,586.38,294.00
1994-04-25,48729.59,0.00,643.01,0.00,24.50,6.43,954.47,266.00
1994-04-26,49075.21,0.00,655.85,0.00,25.68,6.36,962.20,244.00
1994-04-27,49075.21,5.54,472.94,0.00,27.39,8.64,1131.09,271.00
1994-04-28,49420.81,0.00,689.02,0.00,27.37,4.07,820.65,233.00
1994-04-29,49420.81,0.00,475.32,0.00,15.19,3.74,802.80,239.00
1994-04-30,49576.01,7.48,349.86,0.00,16.20,4.95,872.49,261.00
1994-05-01,49766.39,14.15,349.39,0.00,17.88,6.58,970.88,513.00
1994-05-02,49766.39,0.00,611.26,0.00,15.38,-0.79,579.64,406.00
1994-05-03,50112.00,0.00,622.19,0.00,12.15,-4.29,449.02,356.00
1994-05-04,50112.00,0.00,467.84,0.00,14.10,3.06,764.73,332.00
1994-05-05,50450.20,0.00,541.49,0.00,15.61,2.31,721.53,307.00
1994-05-06,50457.60,0.00,571.29,0.00,18.58,3.92,810.43,283.00
1994-05-07,50457.60,0.00,533.58,0.00,14.37,1.37,674.44,258.00
1994-05-08,50803.21,11.88,328.90,0.00,16.48,6.19,935.31,340.00
1994-05-09,50803.21,0.00,519.24,0.00,12.56,0.29,622.96,286.00
1994-05-10,51082.91,0.00,628.64,0.00,18.25,1.10,661.03,242.00
1994-05-11,51148.79,2.45,556.90,0.00,14.47,-2.66,503.49,219.00
1994-05-12,51148.79,4.29,420.21,0.00,19.35,4.64,851.59,213.00
1994-05-13,51494.41,0.00,628.19,0.00,14.67,-2.73,500.60,196.00
1994-05-14,51494.41,0.00,631.63,0.00,15.05,-2.79,497.11,175.00
1994-05-15,51494.41,0.00,588.42,0.00,20.01,3.65,800.00,163.00
1994-05-16,51839.98,3.01,334.86,0.00,19.07,7.91,1072.76,169.00
1994-05-17,51839.98,0.22,484.44,0.00,13.96,2.16,715.06,155.00
1994-05-18,51840.05,0.00,253.80,0.00,9.10,3.55,789.08,143.00
1994-05-19,52185.59,1.85,199.09,0.00,8.45,4.15,823.94,133.00
1994-05-20,52185.59,0.00,460.61,0.00,11.90,1.50,680.58,125.00
1994-05-21,52185.59,0.00,674.17,0.00,19.99,-0.20,603.98,113.00
1994-05-22,52523.80,0.00,655.04,0.00,25.22,5.19,878.94,103.00
1994-05-23,52531.21,0.00,614.63,0.00,26.17,8.26,1092.61,95.00
1994-05-24,52531.21,3.20,533.86,0.00,26.60,5.81,922.40,89.00
1994-05-25,52686.43,5.58,332.59,0.00,22.88,11.90,1391.87,100.00
1994-05-26,52876.81,5.85,342.45,0.00,19.88,8.95,1155.71,101.00
1994-05-27,52876.81,4.66,479.06,0.00,19.04,0.86,650.25,106.00
1994-05-28,52876.81,0.00,637.46,0.00,14.68,-2.57,507.36,87.00
1994-05-29,53032.03,0.00,596.88,0.00,20.13,4.00,806.26,76.00
1994-05-30,53222.40,0.00,627.50,0.00,23.44,4.96,861.78,68.00
1994-05-31,53222.40,0.00,594.96,0.00,25.94,8.53,1103.81,61.00
1994-06-01,53222.40,7.93,359.47,0.00,25.31,12.64,1457.25,61.00
1994-06-02,53222.47,0.00,638.62,0.00,19.71,0.59,612.68,55.00
1994-06-03,53502.11,0.00,603.76,0.00,18.56,1.43,653.54,52.00
1994-06-04,53567.98,0.00,637.54,0.00,22.19,2.22,659.49,50.00
1994-06-05,53567.98,0.00,621.53,0.00,24.84,5.20,802.61,48.00
1994-06-06,53567.98,0.00,481.17,0.00,25.13,11.75,1355.69,47.00
1994-06-07,53567.98,7.30,269.86,0.00,24.24,14.63,1663.70,50.00
1994-06-08,53611.84,0.00,522.50,0.00,25.66,10.35,1201.07,58.00
1994-06-09,53847.71,0.00,607.95,0.00,19.49,0.55,570.13,51.00
1994-06-10,53913.61,0.00,616.08,0.00,24.39,3.93,692.95,45.00
1994-06-11,53913.61,0.00,596.18,0.00,25.74,6.10,813.44,40.00
1994-06-12,53913.61,34.47,245.52,0.00,18.83,10.29,1263.57,312.00
1994-06-13,53913.61,6.60,342.08,0.00,24.88,11.75,1382.98,152.00
1994-06-14,53913.61,27.64,341.99,0.00,27.54,13.93,1594.30,323.00
1994-06-15,53913.61,0.00,483.38,0.00,30.20,14.79,1674.93,186.00
1994-06-16,53913.61,0.00,454.01,0.00,30.64,16.13,1830.58,148.00
1994-06-17,53913.61,7.74,339.98,0.00,30.71,16.19,1841.88,170.00
1994-06-18,53913.61,0.00,424.40,0.00,30.44,16.41,1867.93,121.00
1994-06-19,53913.67,0.00,441.19,0.00,30.39,15.43,1753.79,99.00
1994-06-20,53913.67,0.00,537.67,0.00,29.63,9.47,1152.32,84.00
1994-06-21,53913.67,3.23,288.75,0.00,26.99,15.57,1765.26,77.00
1994-06-22,53913.67,0.26,473.20,0.00,26.12,10.03,1239.71,73.00
1994-06-23,53913.67,0.00,489.41,0.00,25.53,8.95,1153.69,61.00
1994-06-24,53913.67,10.64,264.74,0.00,25.60,14.58,1659.96,65.00
1994-06-25,53913.61,24.05,265.65,0.00,25.69,14.63,1668.14,202.00
1994-06-26,53913.61,0.00,435.00,0.00,23.94,10.06,1244.60,124.00
1994-06-27,53913.61,0.00,405.17,0.00,25.71,12.89,1487.17,99.00
1994-06-28,53913.61,22.04,227.70,0.00,22.84,13.93,1591.74,112.00
1994-06-29,53913.61,9.17,296.96,0.00,24.26,12.12,1416.81,93.00
1994-06-30,53913.61,5.26,328.98,0.00,26.10,11.99,1405.54,104.00
1994-07-01,53913.61,2.13,355.98,0.00,23.88,10.65,1292.91,121.00
1994-07-02,53913.61,0.00,479.81,0.00,26.90,10.57,1286.19,98.00
1994-07-03,53906.19,0.00,382.17,0.00,25.84,14.09,1611.51,88.00
1994-07-04,53723.20,0.00,454.00,0.00,25.46,10.88,1312.24,77.00
1994-07-05,53568.05,0.00,405.56,0.00,27.76,15.07,1713.58,69.00
1994-07-06,53567.98,8.80,251.09,0.00,27.58,17.51,2000.30,92.00
1994-07-07,53567.98,27.75,352.38,0.00,30.78,14.24,1625.27,155.00
1994-07-08,53567.98,14.10,315.44,0.00,30.81,16.79,1908.70,119.00
1994-07-09,53567.98,0.00,420.54,0.00,30.81,16.93,1927.96,107.00
1994-07-10,53377.61,14.03,349.63,0.00,28.46,12.89,1487.07,140.00
1994-07-11,53222.40,0.00,493.40,0.00,24.39,8.23,1098.64,108.00
1994-07-12,53222.40,0.00,491.31,0.00,24.41,8.12,1089.77,91.00
1994-07-13,53222.40,0.00,407.94,0.00,27.59,14.75,1680.32,144.00
1994-07-14,53214.98,23.44,356.49,0.00,29.65,12.98,1496.16,492.00
1994-07-15,52876.88,19.52,245.85,0.00,24.00,14.55,1659.74,336.00
1994-07-16,52876.81,7.88,310.32,0.00,26.56,13.76,1574.57,243.00
1994-07-17,52876.81,0.00,475.85,0.00,27.18,11.24,1341.48,186.00
1994-07-18,52869.40,0.00,384.82,0.00,25.67,14.14,1615.34,153.00
1994-07-19,52531.21,0.00,442.55,0.00,27.73,13.47,1544.41,135.00
1994-07-20,52531.21,0.00,447.86,0.00,29.14,14.48,1651.33,116.00
1994-07-21,52531.21,0.00,427.24,0.00,29.63,15.76,1792.24,103.00
1994-07-22,52340.82,14.34,241.01,0.00,27.50,18.07,2076.95,136.00
1994-07-23,52185.59,13.36,273.05,0.00,25.47,14.97,1707.21,298.00
1994-07-24,52185.59,9.23,330.90,0.00,27.95,13.89,1588.26,211.00
1994-07-25,52119.70,6.56,326.26,0.00,27.35,13.59,1557.77,214.00
1994-07-26,51839.98,10.79,307.57,0.00,25.06,12.76,1474.61,232.00
1994-07-27,51839.98,5.63,367.32,0.00,25.32,10.26,1260.75,188.00
1994-07-28,51774.12,22.99,329.62,0.00,24.43,10.69,1296.21,342.00
1994-07-29,51494.41,0.00,398.43,0.00,23.22,11.42,1356.48,281.00
1994-07-30,51494.41,9.41,312.35,0.00,25.90,13.12,1507.32,383.00
1994-07-31,51304.00,0.00,440.18,0.00,25.66,11.72,1381.71,281.00
1994-08-01,51148.79,0.00,389.58,0.00,26.22,14.43,1644.88,237.00
1994-08-02,51148.79,6.36,327.52,0.00,27.03,13.00,1497.40,211.00
1994-08-03,50803.21,0.57,423.21,0.00,26.93,12.98,1495.70,178.00
1994-08-04,50803.21,0.15,419.81,0.00,26.81,13.44,1542.89,155.00
1994-08-05,50795.79,8.70,280.33,0.00,26.87,15.37,1749.36,477.00
1994-08-06,50457.60,8.30,358.24,0.00,17.76,2.74,746.28,395.00
1994-08-07,50457.60,0.00,489.94,0.00,19.90,3.85,808.13,285.00
1994-08-08,50112.00,0.00,503.48,0.00,24.52,6.53,969.04,235.00
1994-08-09,50112.00,0.00,437.33,0.00,24.73,10.65,1291.70,203.00
1994-08-10,50104.59,0.00,482.13,0.00,26.28,9.30,1183.89,196.00
1994-08-11,49766.39,2.48,342.05,0.00,21.11,9.76,1220.52,164.00
1994-08-12,49766.39,9.42,241.81,0.00,20.67,11.54,1365.95,154.00
1994-08-13,49420.81,5.07,344.75,0.00,25.14,13.85,1584.14,231.00
1994-08-14,49420.81,27.38,163.99,0.00,23.58,17.45,1995.24,942.00
1994-08-15,49075.28,15.21,344.51,0.00,21.43,6.70,985.18,722.00
1994-08-16,49075.21,0.00,466.79,0.00,21.17,6.09,944.65,473.00
1994-08-17,49067.80,0.00,405.53,0.00,21.50,9.27,1181.33,703.00
1994-08-18,48729.59,59.09,145.51,0.00,18.94,13.80,1579.10,9280.00
1994-08-19,48729.59,0.12,346.52,0.00,21.94,12.15,1417.93,2510.00
1994-08-20,48383.99,0.00,428.31,0.00,25.75,12.13,1417.42,1320.00
1994-08-21,48383.99,7.19,225.26,0.00,26.22,17.43,1989.16,1080.00
1994-08-22,48038.40,13.35,186.63,0.00,23.22,16.32,1852.39,841.00
1994-08-23,48038.40,0.00,467.85,0.00,20.03,4.99,875.13,601.00
1994-08-24,47692.79,0.00,484.74,0.00,21.38,4.76,861.95,467.00
1994-08-25,47692.79,0.00,474.88,0.00,24.12,7.44,1035.44,420.00
1994-08-26,47347.27,7.57,258.22,0.00,23.80,13.56,1564.64,465.00
1994-08-27,47347.20,0.00,355.47,0.00,25.50,14.72,1674.92,358.00
1994-08-28,47156.81,8.76,299.78,0.00,25.95,13.09,1509.11,343.00
1994-08-29,47001.60,20.98,306.89,0.00,24.52,11.35,1349.02,726.00
1994-08-30,46994.19,0.00,458.60,0.00,20.97,5.51,907.33,445.00
1994-08-31,46655.99,3.73,293.20,0.00,21.34,10.50,1280.10,365.00
1994-09-01,46655.99,0.00,311.87,0.00,19.76,10.92,1313.87,329.00
1994-09-02,46310.38,0.00,437.20,0.00,17.89,3.98,815.13,280.00
1994-09-03,46310.38,0.00,451.46,0.00,17.86,2.90,755.77,243.00
1994-09-04,45964.79,0.00,401.11,0.00,17.34,5.03,878.75,212.00
1994-09-05,45964.79,0.00,454.22,0.00,18.69,3.13,768.32,187.00
1994-09-06,45619.20,0.00,462.90,0.00,18.64,2.26,720.67,167.00
1994-09-07,45619.20,0.00,417.71,0.00,20.72,6.97,998.33,149.00
1994-09-08,45273.61,0.00,452.27,0.00,21.64,5.26,891.83,135.00
1994-09-09,45273.61,0.00,397.46,0.00,22.05,8.99,1158.88,122.00
1994-09-10,44928.00,2.15,415.81,0.00,21.10,4.61,852.52,115.00
1994-09-11,44928.00,0.00,447.87,0.00,18.04,1.74,694.09,104.00
1994-09-12,44582.39,0.00,437.97,0.00,17.67,1.86,700.11,94.00
1994-09-13,44582.39,0.00,425.19,0.00,22.90,6.69,976.43,85.00
1994-09-14,44236.80,0.00,330.81,0.00,23.85,12.56,1445.14,77.00
1994-09-15,44236.80,0.00,352.29,0.00,23.94,11.63,1375.49,71.00
1994-09-16,43891.20,0.00,338.19,0.00,25.20,13.33,1529.26,67.00
1994-09-17,43891.20,0.00,326.00,0.00,27.14,15.32,1742.38,68.00
1994-09-18,43545.59,16.17,257.71,0.00,21.12,9.07,1165.95,144.00
1994-09-19,43545.59,0.00,391.74,0.00,18.66,4.20,827.27,103.00
1994-09-20,43200.02,0.00,423.27,0.00,20.42,2.94,757.52,78.00
1994-09-21,43200.02,0.00,437.01,0.00,22.82,2.74,746.97,65.00
1994-09-22,42854.41,0.00,411.93,0.00,23.37,5.29,892.73,56.00
1994-09-23,42854.41,16.72,192.91,0.00,16.98,8.10,1088.07,127.00
1994-09-24,42508.79,0.83,195.98,0.00,17.23,10.62,1289.56,118.00
1994-09-25,42508.79,0.00,221.62,0.00,19.53,11.92,1395.53,91.00
1994-09-26,42163.20,24.11,184.23,0.00,21.10,12.43,1443.73,533.00
1994-09-27,42163.20,34.87,164.84,0.00,20.89,13.23,1518.59,3320.00
1994-09-28,41817.59,4.58,275.19,0.00,21.23,6.37,962.65,1210.00
1994-09-29,41817.59,3.61,190.36,0.00,12.41,4.45,841.80,896.00
1994-09-30,41472.02,0.00,346.54,0.00,15.11,2.13,714.27,628.00
1994-10-01,41472.02,5.34,252.33,0.00,15.88,3.08,765.02,673.00
1994-10-02,41126.39,12.14,213.71,0.00,12.16,2.15,714.69,701.00
1994-10-03,41126.39,0.00,397.66,0.00,14.37,-3.14,486.66,528.00
1994-10-04,40780.78,0.00,352.35,0.00,11.74,-2.12,525.35,454.00
1994-10-05,40780.78,0.00,203.44,0.00,9.19,2.35,728.11,396.00
1994-10-06,40435.20,0.00,356.49,0.00,11.34,-2.86,496.21,344.00
1994-10-07,40435.20,0.00,376.94,0.00,16.88,0.02,612.21,299.00
1994-10-08,40089.59,0.00,387.51,0.00,20.57,1.33,672.02,264.00
1994-10-09,40089.59,0.00,311.69,0.00,20.03,7.13,1010.74,244.00
1994-10-10,39744.00,2.20,331.27,0.00,15.72,0.44,630.93,231.00
1994-10-11,39744.00,0.00,369.05,0.00,12.73,-4.22,450.54,202.00
1994-10-12,39405.81,0.00,376.95,0.00,13.11,-5.28,414.61,181.00
1994-10-13,39398.39,0.00,381.14,0.00,16.75,-3.57,471.49,166.00
1994-10-14,39243.18,0.00,345.16,0.00,14.51,-1.61,545.16,154.00
1994-10-15,39052.80,0.00,353.08,0.00,15.17,-2.36,516.27,144.00
1994-10-16,39052.80,0.00,360.18,0.00,16.11,-3.10,488.03,133.00
1994-10-17,38707.19,0.00,372.07,0.00,17.22,-5.16,418.89,124.00
1994-10-18,38707.19,0.00,366.11,0.00,19.34,-3.40,477.60,118.00
1994-10-19,38361.61,0.00,336.06,0.00,21.02,1.91,702.07,116.00
1994-10-20,38361.61,5.56,184.24,0.00,16.68,5.24,888.96,126.00
1994-10-21,38015.99,0.00,318.58,0.00,19.49,2.17,716.14,116.00
1994-10-22,38015.99,0.00,279.86,0.00,14.74,1.15,663.93,107.00
1994-10-23,37670.39,0.00,296.69,0.00,16.81,1.26,669.08,102.00
1994-10-24,37670.39,0.00,321.49,0.00,16.98,-1.84,535.66,95.00
1994-10-25,37390.68,0.00,270.74,0.00,14.25,0.10,613.31,88.00
1994-10-26,37324.80,0.00,273.23,0.00,11.34,-3.15,485.99,82.00
1994-10-27,37324.73,0.00,228.29,0.00,9.65,-1.87,534.86,77.00
1994-10-28,36979.21,0.00,267.51,0.00,11.18,-3.35,476.48,73.00
1994-10-29,36979.21,0.00,292.41,0.00,16.18,-1.73,540.66,69.00
1994-10-30,36633.62,0.00,263.49,0.00,16.25,0.77,639.56,65.00
1994-10-31,36633.62,0.00,260.90,0.00,16.34,0.87,649.00,62.00
1994-11-01,36295.40,9.92,138.05,0.00,15.82,5.71,916.12,169.00
1994-11-02,36287.99,28.54,152.95,0.00,13.21,1.98,705.59,422.00
1994-11-03,36287.99,0.00,274.89,0.00,14.41,-3.03,490.57,241.00
1994-11-04,35942.39,0.00,270.97,0.00,17.26,-0.69,583.35,200.00
1994-11-05,35942.39,0.00,208.28,0.00,20.95,8.10,1087.80,185.00
1994-11-06,35604.21,3.12,183.00,0.00,20.63,7.31,1029.20,182.00
1994-11-07,35596.80,6.28,195.07,0.00,17.68,0.07,614.67,175.00
1994-11-08,35596.80,0.00,234.33,0.00,11.85,-2.78,499.02,161.00
1994-11-09,35251.20,0.00,205.67,0.00,15.72,3.07,764.20,157.00
1994-11-10,35251.20,16.32,170.01,0.00,12.31,-2.03,528.82,254.00
1994-11-11,35207.35,0.00,198.87,0.00,6.75,-4.96,425.33,221.00
1994-11-12,34905.62,0.00,247.70,0.00,8.63,-7.63,342.71,192.00
1994-11-13,34905.62,0.00,224.97,0.00,10.32,-3.89,460.22,183.00
1994-11-14,34625.88,0.00,190.36,0.00,14.78,3.06,762.99,176.00
1994-11-15,34559.98,0.00,163.13,0.00,16.47,6.62,969.99,171.00
1994-11-16,34559.98,0.00,196.00,0.00,13.53,1.65,687.01,164.00
1994-11-17,34280.28,0.00,233.55,0.00,9.67,-5.34,412.78,154.00
1994-11-18,34214.41,0.00,215.15,0.00,11.59,-1.76,539.78,150.00
1994-11-19,34214.41,0.00,216.55,0.00,13.19,-0.68,583.79,148.00
1994-11-20,34059.20,0.00,217.00,0.00,10.34,-3.42,474.60,137.00
1994-11-21,33868.82,0.00,189.60,0.00,9.72,-1.72,541.35,175.00
1994-11-22,33868.82,12.10,100.11,0.00,10.32,2.73,746.30,276.00
1994-11-23,33868.82,0.00,176.40,0.00,5.62,-4.48,438.20,209.00
1994-11-24,33530.62,1.49,235.50,0.00,2.23,-11.76,250.59,192.00
1994-11-25,33523.21,0.00,191.00,0.00,3.19,-6.95,357.81,187.00
1994-11-26,33523.21,0.00,220.15,0.00,4.22,-8.20,327.86,181.00
1994-11-27,33523.14,0.00,248.45,0.00,3.71,-11.74,250.46,169.00
1994-11-28,33185.02,27.29,206.67,0.00,8.46,-10.03,285.44,1820.00
1994-11-29,33177.61,1.16,202.93,0.00,7.96,-3.52,472.44,1500.00
1994-11-30,33177.61,0.00,231.56,0.00,6.48,-6.57,374.19,943.00
1994-12-01,33177.61,0.00,200.13,0.00,4.28,-6.35,376.35,686.00
1994-12-02,33022.39,0.00,200.78,0.00,5.92,-4.93,430.87,555.00
1994-12-03,32831.99,0.00,248.86,0.00,11.89,-3.87,452.16,468.00
1994-12-04,32831.99,0.00,244.95,0.00,12.57,-2.91,495.44,408.00
1994-12-05,32831.99,26.55,150.30,0.00,13.53,2.03,708.28,1790.00
1994-12-06,32831.99,7.32,96.22,0.00,11.47,4.77,862.89,1450.00
1994-12-07,32831.92,3.60,145.48,0.00,10.29,-0.39,595.02,1080.00
1994-12-08,32676.78,4.50,143.39,0.00,0.42,-9.50,296.97,846.00
1994-12-09,32493.81,0.00,195.60,0.00,-0.30,-10.50,276.22,653.00
1994-12-10,32486.40,4.35,131.56,0.00,0.74,-8.07,332.69,590.00
1994-12-11,32486.40,5.83,84.76,0.00,0.48,-4.82,430.15,649.00
1994-12-12,32486.40,0.00,239.98,0.00,0.44,-13.36,218.12,497.00
1994-12-13,32486.40,0.00,177.64,0.00,-4.92,-13.48,216.48,414.00
1994-12-14,32486.40,0.67,214.44,0.00,2.10,-10.06,285.12,379.00
1994-12-15,32486.40,0.00,71.64,0.00,-1.02,-4.07,444.08,350.00
1994-12-16,32486.40,0.00,213.48,0.00,2.82,-8.35,325.36,318.00
1994-12-17,32486.40,5.51,120.04,0.00,2.00,-5.48,409.03,314.00
1994-12-18,32486.33,2.30,96.25,0.00,1.72,-3.28,478.99,309.00
1994-12-19,32486.33,0.00,171.24,0.00,3.58,-4.28,448.27,290.00
1994-12-20,32486.33,0.00,150.64,0.00,3.04,-3.57,467.84,260.00
1994-12-21,32486.33,0.00,218.48,0.00,4.61,-6.26,377.90,239.00
1994-12-22,32486.33,0.00,259.41,0.00,9.47,-7.23,356.29,224.00
1994-12-23,32486.33,0.00,266.53,0.00,10.61,-8.45,324.01,214.00
1994-12-24,32486.40,0.00,249.55,0.00,8.42,-6.77,369.72,240.00
1994-12-25,32486.40,12.97,134.42,0.00,6.49,-2.23,520.90,372.00
1994-12-26,32486.40,0.00,248.08,0.00,6.44,-8.28,325.26,317.00
1994-12-27,32486.40,0.00,258.37,0.00,7.58,-8.92,308.11,278.00
1994-12-28,32486.40,0.00,258.67,0.00,9.58,-7.02,360.06,267.00
1994-12-29,32486.40,0.00,184.49,0.00,4.76,-4.07,440.00,254.00
1994-12-30,32486.40,0.00,229.82,0.00,-2.01,-13.83,211.38,202.00
1994-12-31,32486.40,0.00,228.54,0.00,-1.94,-13.62,214.21,201.00
1995-01-01,32486.40,6.13,140.98,0.00,2.38,-4.33,440.15,224.00
1995-01-02,32552.27,2.30,216.79,0.00,4.64,-4.95,436.82,249.00
1995-01-03,32788.14,0.00,226.48,0.00,-4.12,-12.45,236.06,180.00
1995-01-04,32831.99,0.00,181.61,0.00,-5.70,-11.84,246.91,160.00
1995-01-05,32831.99,0.00,248.15,0.00,-7.76,-17.23,162.14,130.00
1995-01-06,32831.99,0.00,227.21,0.00,-8.26,-16.39,167.81,120.00
1995-01-07,32831.99,3.00,194.21,0.00,0.53,-9.91,282.18,160.00
1995-01-08,32897.87,0.00,212.20,0.00,-0.51,-7.88,334.95,150.00
1995-01-09,33177.54,0.00,204.15,0.00,-1.30,-8.23,326.50,130.00
1995-01-10,33177.61,0.00,281.31,0.00,-2.10,-13.95,207.86,110.00
1995-01-11,33177.61,0.00,222.75,0.00,-5.01,-12.58,233.26,110.00
1995-01-12,33177.61,3.60,181.01,0.00,2.33,-6.32,382.55,118.00
1995-01-13,33367.98,3.65,152.68,0.00,7.74,0.85,644.22,146.00
1995-01-14,33523.21,0.00,275.28,0.00,13.63,1.67,693.42,205.00
1995-01-15,33523.21,14.29,187.53,0.00,15.22,5.31,895.87,871.00
1995-01-16,33523.21,20.35,178.49,0.00,14.41,5.44,903.14,1530.00
1995-01-17,33713.60,0.00,249.28,0.00,8.37,-0.69,582.09,931.00
1995-01-18,33868.82,0.00,177.58,0.00,3.47,-2.09,526.44,701.00
1995-01-19,33868.82,0.00,166.62,0.00,5.56,0.37,623.82,591.00
1995-01-20,33876.23,31.89,139.99,0.00,7.58,1.62,686.62,4360.00
1995-01-21,34214.41,34.29,158.12,0.00,5.47,-1.31,558.22,3110.00
1995-01-22,34214.41,10.65,169.88,0.00,0.27,-6.87,365.71,1550.00
1995-01-23,34214.41,0.32,223.30,0.00,-3.96,-10.86,267.77,1010.00
1995-01-24,34559.92,1.48,211.98,0.00,-3.50,-9.78,290.83,767.00
1995-01-25,34559.98,0.00,124.73,0.00,-1.53,-5.01,425.65,618.00
1995-01-26,34559.98,0.00,203.31,0.00,-1.34,-7.23,354.36,510.00
1995-01-27,34905.62,0.00,178.83,0.00,-2.80,-7.81,338.37,429.00
1995-01-28,34905.62,0.00,323.20,0.00,-2.27,-14.22,205.51,320.00
1995-01-29,34905.62,0.00,349.97,0.00,-2.94,-18.36,143.78,260.00
1995-01-30,35251.20,0.00,357.59,0.00,-0.65,-17.54,158.75,250.00
1995-01-31,35251.20,0.00,346.11,0.00,2.19,-12.05,240.00,255.00
1995-02-01,35317.09,0.00,302.63,0.00,1.61,-8.24,328.09,251.00
1995-02-02,35596.80,3.44,158.71,0.00,0.40,-4.85,432.97,226.00
1995-02-03,35596.80,0.00,361.38,0.00,-2.37,-17.21,162.16,150.00
1995-02-04,35942.39,7.05,259.11,0.00,-2.86,-15.21,188.31,160.00
1995-02-05,35942.39,10.68,268.70,0.00,-2.63,-15.76,176.38,130.00
1995-02-06,35949.80,0.00,322.05,0.00,-12.95,-22.75,97.94,110.00
1995-02-07,36287.99,0.00,320.71,0.00,-11.32,-20.97,119.99,110.00
1995-02-08,36287.99,0.00,350.00,0.00,-9.11,-20.56,120.00,100.00
1995-02-09,36633.62,0.00,336.95,0.00,-7.83,-18.22,155.67,100.00
1995-02-10,36633.62,0.00,324.22,0.00,-3.66,-13.32,216.52,110.00
1995-02-11,36823.99,0.00,262.79,0.00,0.81,-6.36,375.52,110.00
1995-02-12,36979.21,0.00,416.14,0.00,-0.76,-20.56,122.66,100.00
1995-02-13,36979.21,0.00,368.97,0.00,-8.67,-20.54,122.37,110.00
1995-02-14,37324.80,0.00,383.19,0.00,-6.38,-19.21,131.94,100.00
1995-02-15,37324.80,0.00,355.39,0.00,-3.39,-14.32,200.00,90.00
1995-02-16,37670.39,5.21,229.84,0.00,0.68,-7.95,332.63,79.00
1995-02-17,37670.39,0.00,393.42,0.00,1.46,-11.78,249.36,69.00
1995-02-18,38015.92,0.00,403.38,0.00,4.21,-10.13,280.83,63.00
1995-02-19,38015.99,0.00,420.86,0.00,8.02,-8.54,320.83,65.00
1995-02-20,38081.87,0.00,399.90,0.00,7.80,-6.51,363.95,72.00
1995-02-21,38361.61,1.87,380.17,0.00,9.05,-4.13,440.13,111.00
1995-02-22,38361.61,0.00,384.97,0.00,1.11,-11.55,254.14,95.00
1995-02-23,38707.19,0.00,341.19,0.00,0.52,-9.82,290.90,79.00
1995-02-24,38707.19,5.95,161.33,0.00,2.54,-3.41,475.15,89.00
1995-02-25,39052.80,0.00,351.22,0.00,-1.08,-11.73,250.21,75.00
1995-02-26,39052.80,4.61,267.57,0.00,-0.85,-11.70,250.82,69.00
1995-02-27,39398.39,4.52,248.53,0.00,-1.96,-11.50,255.84,60.00
1995-02-28,39398.39,9.05,168.06,0.00,0.19,-5.63,401.85,73.00
1995-03-01,39744.00,5.89,183.61,0.00,2.28,-3.92,456.29,114.00
1995-03-02,39744.00,0.00,376.60,0.00,1.16,-9.21,301.25,90.00
1995-03-03,40089.59,0.00,372.25,0.00,-3.49,-13.43,216.61,69.00
1995-03-04,40089.59,0.00,426.34,0.00,1.56,-11.08,261.05,67.00
1995-03-05,40435.20,0.00,405.52,0.00,4.99,-6.48,370.44,71.00
1995-03-06,40435.20,2.46,183.67,0.00,3.83,-0.99,566.74,102.00
1995-03-07,40780.78,0.00,252.76,0.00,7.12,1.12,660.41,207.00
1995-03-08,40780.78,0.00,306.24,0.00,12.30,4.70,855.98,636.00
1995-03-09,41126.39,20.09,396.72,0.00,9.80,-12.61,232.71,603.00
1995-03-10,41126.39,0.00,431.62,0.00,-4.30,-15.55,180.85,461.00
1995-03-11,41472.02,0.00,458.96,0.00,-0.14,-12.76,233.61,433.00
1995-03-12,41472.02,0.00,476.77,0.00,9.39,-4.84,437.32,462.00
1995-03-13,41817.59,0.00,496.10,0.00,14.43,-1.89,529.19,482.00
1995-03-14,41817.59,0.00,527.13,0.00,19.24,-1.26,561.52,459.00
1995-03-15,42163.20,0.00,513.00,0.00,18.28,0.03,608.70,440.00
1995-03-16,42163.20,0.00,502.85,0.00,19.55,2.17,718.41,424.00
1995-03-17,42508.79,0.00,501.28,0.00,17.80,0.97,649.50,396.00
1995-03-18,42508.79,0.00,501.87,0.00,12.22,-3.91,456.14,349.00
1995-03-19,42854.41,0.00,447.40,0.00,7.82,-4.69,438.62,315.00
1995-03-20,42854.41,0.00,465.37,0.00,11.44,-1.97,530.53,290.00
1995-03-21,43200.02,2.85,242.46,0.00,9.93,2.48,732.27,296.00
1995-03-22,43200.02,2.84,331.44,0.00,9.62,-1.24,560.62,287.00
1995-03-23,43200.02,1.15,181.81,0.00,2.70,-1.23,560.53,258.00
1995-03-24,43545.59,0.00,299.82,0.00,2.35,-4.27,448.88,224.00
1995-03-25,43545.59,0.00,444.45,0.00,4.76,-6.16,382.54,193.00
1995-03-26,43891.20,0.00,486.89,0.00,8.86,-4.17,448.63,174.00
1995-03-27,43891.20,0.00,543.53,0.00,12.25,-4.68,437.66,158.00
1995-03-28,44236.80,0.00,464.80,0.00,8.63,-3.38,475.17,149.00
1995-03-29,44236.80,0.00,520.58,0.00,10.19,-4.80,437.84,136.00
1995-03-30,44582.39,1.15,432.81,0.00,11.28,0.20,616.68,128.00
1995-03-31,44582.39,0.00,377.65,0.00,7.34,-1.76,537.72,121.00
1995-04-01,44928.00,0.00,406.60,0.00,4.77,-5.06,423.79,111.00
1995-04-02,44928.00,0.00,423.72,0.00,5.55,-4.78,437.08,101.00
1995-04-03,45273.61,0.00,490.77,0.00,6.95,-5.96,394.43,94.00
1995-04-04,45273.61,13.60,417.40,0.00,12.69,-4.61,440.00,229.00
1995-04-05,45619.20,3.37,445.43,0.00,8.77,-11.64,252.70,219.00
1995-04-06,45619.20,0.00,415.58,0.00,-0.17,-10.27,280.21,154.00
1995-04-07,45964.79,0.00,543.02,0.00,10.58,-5.53,406.15,155.00
1995-04-08,45964.79,3.33,299.20,0.00,4.89,-4.67,437.64,171.00
1995-04-09,46310.38,11.99,243.01,0.00,5.21,-2.27,519.08,304.00
1995-04-10,46310.38,12.45,414.79,0.00,8.78,-7.02,361.54,635.00
1995-04-11,46655.99,0.00,406.35,0.00,3.77,-5.69,401.06,449.00
1995-04-12,46655.99,0.00,442.30,0.00,12.04,1.28,662.76,420.00
1995-04-13,47001.60,5.35,232.39,0.00,10.37,3.58,794.01,577.00
1995-04-14,47001.60,1.00,402.24,0.00,9.39,0.57,634.68,474.00
1995-04-15,47347.20,0.00,409.51,0.00,6.06,-2.66,503.19,413.00
1995-04-16,47347.20,0.00,551.84,0.00,9.55,-4.17,450.68,358.00
1995-04-17,47692.79,0.00,607.96,0.00,14.01,-3.93,450.53,317.00
1995-04-18,47692.79,0.00,614.38,0.00,16.34,-2.78,492.69,286.00
1995-04-19,48038.40,3.32,431.84,0.00,16.36,0.32,626.90,316.00
1995-04-20,48038.40,0.00,591.26,0.00,20.99,2.79,724.01,282.00
1995-04-21,48318.11,0.00,471.32,0.00,15.20,3.85,807.42,302.00
1995-04-22,48383.99,7.72,287.64,0.00,13.89,5.06,881.22,372.00
1995-04-23,48384.06,5.53,407.66,0.00,11.93,-1.96,528.03,304.00
1995-04-24,48729.59,0.00,495.83,0.00,12.21,-0.14,581.54,277.00
1995-04-25,48729.59,0.00,576.07,0.00,12.97,-3.35,431.12,259.00
1995-04-26,49075.21,0.00,534.97,0.00,14.63,0.40,572.32,237.00
1995-04-27,49075.21,0.00,516.68,0.00,16.16,2.58,666.78,215.00
1995-04-28,49420.81,5.00,427.55,0.00,22.02,4.45,788.70,217.00
1995-04-29,49420.81,0.00,407.41,0.00,13.79,4.04,812.74,191.00
1995-04-30,49576.01,0.00,560.13,0.00,16.89,0.62,567.47,174.00
1995-05-01,49766.39,2.82,263.04,0.00,8.87,1.77,694.87,163.00
1995-05-02,49766.39,0.00,423.77,0.00,12.89,2.54,734.47,149.00
1995-05-03,50112.00,0.00,467.51,0.00,11.66,-0.08,600.36,136.00
1995-05-04,50112.00,0.00,555.07,0.00,18.03,1.85,608.41,120.00
1995-05-05,50450.20,3.17,374.61,0.00,16.94,4.82,846.20,112.00
1995-05-06,50457.60,0.00,463.78,0.00,16.22,4.39,781.54,103.00
1995-05-07,50457.60,0.00,554.66,0.00,14.97,-0.86,489.70,91.00
1995-05-08,50803.21,0.00,576.36,0.00,16.35,-1.31,458.96,81.00
1995-05-09,50803.21,0.00,512.84,0.00,15.02,0.81,570.69,75.00
1995-05-10,51082.91,3.68,342.56,0.00,17.91,5.95,914.51,72.00
1995-05-11,51148.79,10.90,226.70,0.00,13.76,6.53,969.42,139.00
1995-05-12,51148.79,6.03,202.52,0.00,15.11,8.64,1131.23,171.00
1995-05-13,51494.41,0.00,424.67,0.00,17.16,6.07,911.39,120.00
1995-05-14,51494.41,0.00,473.20,0.00,20.40,7.10,925.67,97.00
1995-05-15,51494.41,6.54,150.42,0.00,13.03,8.26,1100.60,107.00
1995-05-16,51839.98,0.00,510.54,0.00,19.60,4.31,753.31,95.00
1995-05-17,51839.98,0.00,513.81,0.00,23.36,7.43,904.45,85.00
1995-05-18,51840.05,3.34,252.70,0.00,17.05,9.43,1194.36,103.00
1995-05-19,52185.59,10.34,217.14,0.00,12.39,5.66,916.84,266.00
1995-05-20,52185.59,4.58,365.45,0.00,18.24,4.72,855.51,192.00
1995-05-21,52185.59,0.00,507.91,0.00,22.30,7.37,937.25,150.00
1995-05-22,52523.80,0.00,553.55,0.00,22.86,4.38,734.17,130.00
1995-05-23,52531.21,0.00,526.83,0.00,19.77,3.69,725.85,116.00
1995-05-24,52531.21,0.00,489.15,0.00,23.66,9.10,1051.59,112.00
1995-05-25,52686.43,16.98,378.36,0.00,24.65,8.82,1128.71,224.00
1995-05-26,52876.81,1.94,294.32,0.00,17.12,9.93,1234.24,179.00
1995-05-27,52876.81,0.00,500.85,0.00,19.02,4.56,809.05,141.00
1995-05-28,52876.81,0.00,465.48,0.00,22.02,9.02,1093.45,121.00
1995-05-29,53032.03,4.91,204.34,0.00,15.95,9.52,1201.49,132.00
1995-05-30,53222.40,0.65,462.40,0.00,24.67,11.69,1263.38,150.00
1995-05-31,53222.40,0.00,472.94,0.00,20.78,7.63,968.45,130.00
1995-06-01,53222.40,0.00,514.02,0.00,25.65,9.53,1028.60,110.00
1995-06-02,53222.47,0.00,411.05,0.00,24.80,13.46,1462.03,100.00
1995-06-03,53502.11,12.99,280.67,0.00,25.88,15.74,1784.65,90.00
1995-06-04,53567.98,4.24,350.52,0.00,24.70,13.58,1538.61,110.00
1995-06-05,53567.98,0.00,527.72,0.00,22.75,6.25,858.09,90.00
1995-06-06,53567.98,0.00,483.68,0.00,24.44,10.24,1149.64,84.00
1995-06-07,53567.98,0.00,464.20,0.00,25.94,12.58,1349.77,77.00
1995-06-08,53611.84,5.20,360.06,0.00,28.89,13.99,1540.24,101.00
1995-06-09,53847.71,0.00,425.51,0.00,18.80,7.82,1025.57,95.00
1995-06-10,53913.61,0.38,453.88,0.00,21.20,8.79,1058.56,87.00
1995-06-11,53913.61,5.64,210.62,0.00,21.82,14.75,1677.35,94.00
1995-06-12,53913.61,17.41,365.24,0.00,26.71,11.56,1349.46,151.00
1995-06-13,53913.61,5.67,329.85,0.00,15.93,4.39,836.37,139.00
1995-06-14,53913.61,0.00,467.06,0.00,20.44,7.16,988.21,113.00
1995-06-15,53913.61,0.00,532.82,0.00,22.61,5.38,828.65,106.00
1995-06-16,53913.61,0.00,493.38,0.00,22.73,7.90,1010.12,94.00
1995-06-17,53913.61,0.00,479.72,0.00,24.97,10.31,1185.11,85.00
1995-06-18,53913.61,0.00,464.27,0.00,26.60,12.23,1348.34,77.00
1995-06-19,53913.67,0.00,452.51,0.00,28.57,14.38,1550.78,75.00
1995-06-20,53913.67,0.00,419.21,0.00,30.22,17.23,1883.46,76.00
1995-06-21,53913.67,0.00,497.47,0.00,30.70,13.88,1420.81,70.00
1995-06-22,53913.67,11.67,332.63,0.00,28.27,14.51,1653.60,66.00
1995-06-23,53913.67,0.00,332.31,0.00,23.59,14.69,1674.47,67.00
1995-06-24,53913.67,10.99,238.41,0.00,24.41,15.98,1807.67,94.00
1995-06-25,53913.61,9.11,184.65,0.00,22.11,15.83,1794.89,103.00
1995-06-26,53913.61,0.66,379.68,0.00,26.99,16.00,1816.90,111.00
1995-06-27,53913.61,16.01,244.04,0.00,26.40,17.71,2031.20,256.00
1995-06-28,53913.61,5.28,226.92,0.00,19.52,12.04,1404.30,176.00
1995-06-29,53913.61,0.00,265.47,0.00,19.06,12.67,1460.28,135.00
1995-06-30,53913.61,0.00,228.31,0.00,21.70,16.19,1831.49,123.00
1995-07-01,53913.61,4.11,247.51,0.00,25.21,16.90,1921.45,116.00
1995-07-02,53913.61,0.80,453.58,0.00,25.92,12.19,1415.63,113.00
1995-07-03,53906.19,0.00,511.69,0.00,21.43,6.46,959.14,98.00
1995-07-04,53723.20,0.00,495.26,0.00,24.22,9.60,1188.10,88.00
1995-07-05,53568.05,0.00,343.68,0.00,23.63,14.96,1703.26,84.00
1995-07-06,53567.98,0.00,268.80,0.00,24.90,18.32,2112.09,89.00
1995-07-07,53567.98,15.79,309.36,0.00,27.83,16.68,1894.02,114.00
1995-07-08,53567.98,0.00,471.95,0.00,25.24,12.14,1411.81,97.00
1995-07-09,53567.98,0.00,361.40,0.00,18.81,10.39,1270.99,82.00
1995-07-10,53377.61,0.00,478.47,0.00,22.65,9.73,1195.41,72.00
1995-07-11,53222.40,13.48,354.06,0.00,24.74,11.51,1361.73,125.00
1995-07-12,53222.40,0.00,483.06,0.00,25.25,11.49,1341.22,118.00
1995-07-13,53222.40,0.00,471.09,0.00,27.08,13.50,1518.91,95.00
1995-07-14,53214.98,0.00,422.30,0.00,29.99,17.97,2036.83,81.00
1995-07-15,52876.88,0.00,371.58,0.00,32.62,22.12,2647.82,70.00
1995-07-16,52876.81,1.31,476.20,0.00,34.88,17.75,1943.00,60.00
1995-07-17,52876.81,0.00,393.76,0.00,29.30,18.69,2155.79,55.00
1995-07-18,52869.40,8.08,288.49,0.00,27.83,17.81,2042.16,69.00
1995-07-19,52531.21,0.00,477.71,0.00,26.82,13.29,1500.76,62.00
1995-07-20,52531.21,0.00,473.15,0.00,26.03,12.83,1459.19,50.00
1995-07-21,52531.21,1.03,381.38,0.00,25.86,16.36,1853.53,45.00
1995-07-22,52340.82,0.00,412.75,0.00,25.33,14.96,1701.16,43.00
1995-07-23,52185.59,0.00,332.59,0.00,25.36,17.41,1985.22,43.00
1995-07-24,52185.59,2.59,412.62,0.00,27.39,15.13,1708.64,48.00
1995-07-25,52119.70,5.96,258.79,0.00,24.98,16.59,1883.24,67.00
1995-07-26,51839.98,0.96,362.23,0.00,27.83,18.33,2111.57,50.00
1995-07-27,51839.98,5.80,297.01,0.00,27.20,16.91,1923.40,45.00
1995-07-28,51774.12,11.09,290.84,0.00,27.47,17.35,1976.63,41.00
1995-07-29,51494.41,3.81,279.90,0.00,28.42,18.89,2181.21,36.00
1995-07-30,51494.41,0.00,470.90,0.00,29.25,14.91,1688.29,31.00
1995-07-31,51304.00,0.00,511.49,0.00,29.31,11.98,1380.20,26.00
1995-08-01,51148.79,0.00,465.77,0.00,30.23,15.54,1752.37,23.00
1995-08-02,51148.79,0.00,422.39,0.00,30.71,18.06,2076.14,22.00
1995-08-03,50803.21,0.46,409.25,0.00,30.32,18.17,2092.84,23.00
1995-08-04,50803.21,0.00,409.88,0.00,31.30,18.99,2197.52,22.00
1995-08-05,50795.79,8.30,282.46,0.00,29.07,18.33,2111.90,21.00
1995-08-06,50457.60,6.02,219.25,0.00,24.98,17.46,1992.81,32.00
1995-08-07,50457.60,0.00,420.04,0.00,27.51,15.41,1750.79,33.00
1995-08-08,50112.00,0.00,450.55,0.00,23.07,10.19,1255.17,27.00
1995-08-09,50112.00,0.00,468.32,0.00,24.23,10.20,1255.81,20.00
1995-08-10,50104.59,0.00,438.99,0.00,24.76,12.05,1404.22,18.00
1995-08-11,49766.39,0.00,382.51,0.00,24.48,14.10,1611.52,13.00
1995-08-12,49766.39,0.00,334.05,0.00,26.53,17.54,2006.05,14.00
1995-08-13,49420.81,0.00,471.79,0.00,28.46,13.24,1512.94,13.00
1995-08-14,49420.81,0.06,421.51,0.00,28.78,15.95,1801.58,12.00
1995-08-15,49075.28,9.90,283.25,0.00,30.76,19.49,2279.02,22.00
1995-08-16,49075.21,0.28,360.01,0.00,31.02,20.20,2353.21,34.00
1995-08-17,49067.80,0.00,465.92,0.00,30.03,14.36,1633.17,24.00
1995-08-18,48729.59,0.00,456.68,0.00,30.24,14.98,1696.01,18.00
1995-08-19,48729.59,0.00,460.76,0.00,30.18,14.52,1642.72,16.00
1995-08-20,48383.99,0.00,460.10,0.00,27.76,12.48,1433.60,15.00
1995-08-21,48383.99,0.00,439.91,0.00,29.23,14.58,1648.79,14.00
1995-08-22,48038.40,0.00,474.29,0.00,30.64,12.97,1475.12,13.00
1995-08-23,48038.40,0.00,462.09,0.00,23.68,8.30,1102.42,13.00
1995-08-24,47692.79,0.00,444.46,0.00,26.08,11.00,1308.25,12.00
1995-08-25,47692.79,0.00,482.71,0.00,26.81,8.58,1097.96,12.00
1995-08-26,47347.27,0.00,476.01,0.00,25.57,7.80,1050.43,11.00
1995-08-27,47347.20,0.00,446.79,0.00,27.83,11.29,1327.30,11.00
1995-08-28,47156.81,0.00,419.67,0.00,28.67,13.34,1525.15,10.00
1995-08-29,47001.60,0.00,313.21,0.00,23.61,13.78,1576.34,10.00
1995-08-30,46994.19,0.00,448.33,0.00,28.11,11.04,1308.01,9.60
1995-08-31,46655.99,0.00,438.50,0.00,27.60,11.10,1313.30,9.00
1995-09-01,46655.99,7.00,327.43,0.00,30.11,12.77,1461.90,9.00
1995-09-02,46310.38,0.00,393.65,0.00,23.52,9.92,1233.62,8.40
1995-09-03,46310.38,0.00,446.50,0.00,22.37,5.62,913.45,7.80
1995-09-04,45964.79,0.00,404.23,0.00,24.21,9.49,1196.16,7.80
1995-09-05,45964.79,0.00,418.24,0.00,27.03,10.68,1287.69,7.80
1995-09-06,45619.20,0.00,417.77,0.00,27.83,11.09,1320.21,7.60
1995-09-07,45619.20,0.00,379.32,0.00,27.17,12.63,1449.07,7.00
1995-09-08,45273.61,0.00,425.80,0.00,28.33,10.41,1258.31,7.00
1995-09-09,45273.61,18.11,176.20,0.00,19.07,11.28,1342.76,7.00
1995-09-10,44928.00,12.40,299.77,0.00,22.02,6.69,975.31,7.00
1995-09-11,44928.00,0.00,420.35,0.00,16.75,0.39,625.10,7.00
1995-09-12,44582.39,0.00,423.06,0.00,20.60,3.35,785.92,8.00
1995-09-13,44582.39,10.42,318.35,0.00,22.83,4.68,855.37,8.40
1995-09-14,44236.80,0.00,204.25,0.00,22.52,15.12,1726.06,11.00
1995-09-15,44236.80,3.79,300.30,0.00,23.79,6.86,988.82,10.00
1995-09-16,43891.20,0.00,326.25,0.00,17.99,5.91,925.37,12.00
1995-09-17,43891.20,1.39,245.62,0.00,18.07,9.34,1187.04,13.00
1995-09-18,43545.59,4.01,242.69,0.00,20.43,8.25,1099.61,13.00
1995-09-19,43545.59,0.00,386.74,0.00,16.11,0.86,648.95,12.00
1995-09-20,43200.02,0.00,399.34,0.00,20.23,3.41,784.99,18.00
1995-09-21,43200.02,4.22,130.24,0.00,17.94,11.90,1391.72,26.00
1995-09-22,42854.41,12.19,160.20,0.00,21.75,14.02,1601.25,40.00
1995-09-23,42854.41,17.66,308.10,0.00,18.67,0.85,648.56,50.00
1995-09-24,42508.79,0.00,368.82,0.00,13.24,-0.94,572.73,43.00
1995-09-25,42508.79,0.23,356.97,0.00,15.49,1.76,692.77,37.00
1995-09-26,42163.20,0.98,167.30,0.00,13.22,7.65,1051.92,34.00
1995-09-27,42163.20,0.00,332.49,0.00,18.25,5.69,919.80,28.00
1995-09-28,41817.59,0.00,371.68,0.00,21.34,5.69,916.79,24.00
1995-09-29,41817.59,0.00,375.57,0.00,19.01,3.22,777.53,20.00
1995-09-30,41472.02,0.00,382.45,0.00,20.27,3.54,799.48,17.00
1995-10-01,41472.02,0.00,366.83,0.00,19.59,3.99,800.02,16.00
1995-10-02,41126.39,0.00,349.68,0.00,21.32,6.44,954.99,14.00
1995-10-03,41126.39,0.00,384.10,0.00,23.76,5.33,900.28,11.00
1995-10-04,40780.78,13.13,249.94,0.00,22.45,8.06,1084.65,26.00
1995-10-05,40780.78,10.38,127.65,0.00,18.79,12.48,1444.53,40.00
1995-10-06,40435.20,52.10,173.53,0.00,21.05,12.24,1424.70,229.00
1995-10-07,40435.20,0.00,203.84,0.00,21.06,13.41,1537.43,96.00
1995-10-08,40089.59,0.00,301.29,0.00,19.89,7.96,1076.52,65.00
1995-10-09,40089.59,0.00,300.09,0.00,14.56,2.93,754.95,50.00
1995-10-10,39744.00,0.00,322.00,0.00,17.00,3.76,802.11,41.00
1995-10-11,39744.00,0.00,324.25,0.00,20.25,6.33,946.26,34.00
1995-10-12,39405.81,0.00,350.90,0.00,22.56,5.86,920.02,29.00
1995-10-13,39398.39,0.00,350.09,0.00,24.55,7.16,1012.75,26.00
1995-10-14,39243.18,8.81,243.86,0.00,24.74,9.05,1163.93,100.00
1995-10-15,39052.80,32.14,226.14,0.00,17.47,4.47,843.27,220.00
1995-10-16,39052.80,6.18,147.33,0.00,9.98,2.70,740.32,120.00
1995-10-17,38707.19,0.00,274.47,0.00,10.14,-0.92,568.96,88.00
1995-10-18,38707.19,0.00,320.54,0.00,15.09,0.39,631.26,89.00
1995-10-19,38361.61,0.00,337.75,0.00,18.70,1.49,678.13,79.00
1995-10-20,38361.61,0.00,314.19,0.00,21.70,6.10,928.24,74.00
1995-10-21,38015.99,69.59,204.32,0.00,17.93,5.53,918.57,4010.00
1995-10-22,38015.99,26.41,136.60,0.00,8.25,0.95,645.21,1860.00
1995-10-23,37670.39,0.00,274.09,0.00,13.93,1.57,685.81,920.00
1995-10-24,37670.39,0.00,309.75,0.00,20.40,4.16,812.55,608.00
1995-10-25,37390.68,0.00,286.11,0.00,18.91,4.76,860.50,447.00
1995-10-26,37324.80,0.00,234.88,0.00,9.85,-0.46,592.45,351.00
1995-10-27,37324.73,0.00,264.24,0.00,12.42,0.01,612.16,297.00
1995-10-28,36979.21,4.34,122.62,0.00,14.04,7.02,1001.76,324.00
1995-10-29,36979.21,0.53,227.44,0.00,13.79,3.11,765.00,268.00
1995-10-30,36633.62,3.91,152.13,0.00,8.18,-0.17,604.37,227.00
1995-10-31,36633.62,6.66,140.30,0.00,9.59,1.82,698.85,195.00
1995-11-01,36295.40,4.64,115.39,0.00,8.87,2.76,746.39,175.00
1995-11-02,36287.99,7.69,144.26,0.00,15.97,7.73,1058.19,271.00
1995-11-03,36287.99,6.71,92.67,0.00,16.57,11.47,1357.64,358.00
1995-11-04,35942.39,0.03,296.28,0.00,13.40,-2.79,498.00,331.00
1995-11-05,35942.39,1.53,136.48,0.00,1.76,-3.65,463.17,276.00
1995-11-06,35604.21,0.00,268.33,0.00,5.79,-7.25,355.89,257.00
1995-11-07,35596.80,0.00,232.15,0.00,5.92,-4.58,439.42,250.00
1995-11-08,35596.80,6.02,134.57,0.00,4.26,-3.28,481.57,269.00
1995-11-09,35251.20,3.24,192.43,0.00,3.29,-6.52,374.43,230.00
1995-11-10,35251.20,0.00,221.18,0.00,0.93,-7.65,343.58,199.00
1995-11-11,35207.35,0.00,249.48,0.00,9.56,-1.02,568.98,237.00
1995-11-12,34905.62,32.83,233.66,0.00,13.91,-4.74,434.14,1400.00
1995-11-13,34905.62,4.54,126.98,0.00,-1.82,-7.58,345.00,800.00
1995-11-14,34625.88,9.37,90.41,0.00,-0.47,-4.63,437.38,703.00
1995-11-15,34559.98,31.27,80.90,0.00,0.83,-2.88,494.37,702.00
1995-11-16,34559.98,5.68,144.35,0.00,0.12,-6.86,364.53,560.00
1995-11-17,34280.28,0.00,219.67,0.00,-1.43,-9.59,293.04,500.00
1995-11-18,34214.41,0.71,209.58,0.00,0.87,-7.15,358.99,452.00
1995-11-19,34214.41,0.00,106.63,0.00,0.99,-2.49,510.99,437.00
1995-11-20,34059.20,0.00,132.63,0.00,1.89,-2.46,512.57,441.00
1995-11-21,33868.82,0.00,169.66,0.00,3.23,-2.65,502.61,461.00
1995-11-22,33868.82,2.81,179.56,0.00,3.14,-4.66,436.14,432.00
1995-11-23,33868.82,2.19,201.71,0.00,0.28,-7.82,338.84,390.00
1995-11-24,33530.62,0.00,251.19,0.00,0.08,-9.46,297.24,348.00
1995-11-25,33523.21,0.00,276.03,0.00,-1.28,-13.12,220.60,300.00
1995-11-26,33523.21,0.00,249.34,0.00,-0.24,-9.91,281.89,280.00
1995-11-27,33523.14,0.00,231.37,0.00,2.53,-6.21,380.32,270.00
1995-11-28,33185.02,0.00,234.22,0.00,9.31,-0.38,599.86,405.00
1995-11-29,33177.61,6.26,198.26,0.00,5.18,-6.67,366.53,460.00
1995-11-30,33177.61,0.00,244.05,0.00,-1.94,-11.66,246.87,370.00
1995-12-01,33177.61,0.27,229.88,0.00,0.11,-9.02,306.63,377.00
1995-12-02,33022.39,0.00,232.97,0.00,6.86,-2.84,495.14,423.00
1995-12-03,32831.99,0.00,195.56,0.00,1.81,-5.59,403.88,363.00
1995-12-04,32831.99,5.42,120.53,0.00,3.65,-1.93,532.45,353.00
1995-12-05,32831.99,0.00,255.41,0.00,4.05,-7.81,335.27,325.00
1995-12-06,32831.99,7.31,128.50,0.00,0.52,-5.69,400.67,305.00
1995-12-07,32831.92,0.00,185.21,0.00,-1.45,-8.16,328.50,260.00
1995-12-08,32676.78,0.00,249.69,0.00,-1.23,-12.27,240.75,230.00
1995-12-09,32493.81,3.65,169.73,0.00,-2.37,-10.92,267.23,210.00
1995-12-10,32486.40,0.00,276.84,0.00,-1.26,-17.31,161.32,180.00
1995-12-11,32486.40,0.00,175.15,0.00,-10.42,-16.70,166.96,160.00
1995-12-12,32486.40,0.00,178.40,0.00,-9.87,-16.10,172.93,150.00
1995-12-13,32486.40,0.00,215.41,0.00,-7.19,-15.40,186.82,140.00
1995-12-14,32486.40,5.24,125.09,0.00,-5.93,-11.82,247.75,160.00
1995-12-15,32486.40,4.09,166.87,0.00,2.25,-6.91,363.77,150.00
1995-12-16,32486.40,0.00,179.40,0.00,4.28,-2.47,515.02,138.00
1995-12-17,32486.40,0.00,166.52,0.00,1.27,-4.78,434.13,126.00
1995-12-18,32486.33,0.00,202.07,0.00,-1.12,-8.86,311.55,113.00
1995-12-19,32486.33,10.00,147.16,0.00,-2.79,-10.22,281.95,100.00
1995-12-20,32486.33,22.51,107.30,0.00,-8.54,-13.44,212.70,100.00
1995-12-21,32486.33,6.03,122.70,0.00,-9.48,-15.11,195.82,110.00
1995-12-22,32486.33,0.00,189.63,0.00,-5.31,-12.13,244.18,100.00
1995-12-23,32486.33,0.00,108.39,0.00,-3.76,-7.32,350.88,90.00
1995-12-24,32486.40,1.26,111.81,0.00,-3.18,-7.09,361.29,84.00
1995-12-25,32486.40,0.01,109.46,0.00,-3.52,-6.99,360.00,80.00
1995-12-26,32486.40,0.00,210.28,0.00,-4.22,-11.54,251.10,76.00
1995-12-27,32486.40,0.00,232.65,0.00,-5.79,-14.32,202.19,74.00
1995-12-28,32486.40,1.68,155.76,0.00,-5.76,-10.81,276.70,70.00
1995-12-29,32486.40,0.00,180.49,0.00,-4.99,-10.73,272.44,64.00
1995-12-30,32486.40,0.00,282.40,0.00,0.04,-13.66,200.13,60.00
1995-12-31,32486.40,0.00,273.52,0.00,0.39,-11.70,240.00,60.00
1996-01-01,32486.40,0.00,175.29,0.00,3.38,-4.45,440.00,60.00
1996-01-02,32552.27,6.14,97.66,0.00,1.74,-3.84,459.43,62.00
1996-01-03,32788.14,21.21,134.74,0.00,-2.74,-10.32,279.37,64.00
1996-01-04,32831.99,2.77,224.11,0.00,-6.82,-20.81,121.34,64.00
1996-01-05,32831.99,0.00,240.85,0.00,-8.40,-19.67,120.10,60.00
1996-01-06,32831.99,0.00,278.29,0.00,-7.69,-23.44,82.21,56.00
1996-01-07,32831.99,0.00,222.06,0.00,-11.12,-20.77,120.00,56.00
1996-01-08,32897.87,10.38,88.69,0.00,-11.19,-15.68,184.09,70.00
1996-01-09,33177.54,0.00,201.93,0.00,-8.29,-16.56,160.02,80.00
1996-01-10,33177.61,4.53,133.64,0.00,-7.47,-14.45,200.00,70.00
1996-01-11,33177.61,0.00,280.82,0.00,-7.22,-21.45,119.54,64.00
1996-01-12,33177.61,0.00,259.92,0.00,-8.02,-19.79,120.00,58.00
1996-01-13,33367.98,21.17,171.26,0.00,-4.69,-13.93,208.03,70.00
1996-01-14,33523.21,0.00,263.80,0.00,-1.15,-12.75,231.63,66.00
1996-01-15,33523.21,0.00,250.90,0.00,3.05,-7.62,349.95,56.00
1996-01-16,33523.21,0.00,289.75,0.00,-4.68,-18.27,158.51,50.00
1996-01-17,33713.60,8.27,211.88,0.00,1.51,-11.22,260.53,56.00
1996-01-18,33868.82,0.00,153.95,0.00,6.08,0.44,634.62,60.00
1996-01-19,33868.82,29.73,195.92,0.00,12.13,0.67,636.29,15000.00
1996-01-20,33876.23,53.39,256.35,0.00,10.97,-11.99,245.81,3000.00
1996-01-21,34214.41,0.00,221.55,0.00,-4.00,-11.69,247.73,1300.00
1996-01-22,34214.41,0.00,204.09,0.00,-3.36,-10.33,280.00,1000.00
1996-01-23,34214.41,0.00,255.61,0.00,0.51,-8.69,318.76,944.00
1996-01-24,34559.92,7.55,144.98,0.00,2.06,-4.40,440.99,1030.00
1996-01-25,34559.98,12.20,245.64,0.00,4.78,-9.40,297.09,1010.00
1996-01-26,34559.98,0.00,209.27,0.00,-3.81,-10.55,273.13,672.00
1996-01-27,34905.62,28.98,261.90,0.00,8.13,-7.43,350.43,3380.00
1996-01-28,34905.62,13.00,265.37,0.00,7.12,-8.07,331.88,2430.00
1996-01-29,34905.62,0.00,220.73,0.00,-2.99,-9.70,290.78,1420.00
1996-01-30,35251.20,0.00,177.60,0.00,-2.38,-7.63,344.42,1030.00
1996-01-31,35251.20,3.99,256.94,0.00,-0.14,-12.51,236.02,600.00
1996-02-01,35317.09,0.00,348.35,0.00,-7.39,-20.09,122.67,400.00
1996-02-02,35596.80,0.00,305.18,0.00,-9.29,-19.22,131.80,350.00
1996-02-03,35596.80,0.00,292.60,0.00,-9.46,-18.55,141.77,300.00
1996-02-04,35942.39,0.00,276.81,0.00,-11.94,-20.17,122.55,280.00
1996-02-05,35942.39,0.00,311.35,0.00,-13.16,-22.52,103.16,250.00
1996-02-06,35949.80,0.00,325.54,0.00,-11.44,-21.34,119.02,210.00
1996-02-07,36287.99,0.00,314.68,0.00,-4.89,-14.39,200.00,240.00
1996-02-08,36287.99,0.00,254.55,0.00,-0.52,-7.67,343.60,240.00
1996-02-09,36633.62,2.81,162.02,0.00,3.16,-2.15,523.76,240.00
1996-02-10,36633.62,0.00,179.95,0.00,3.08,-1.60,545.79,220.00
1996-02-11,36823.99,1.68,230.08,0.00,5.40,-1.57,548.83,200.00
1996-02-12,36979.21,2.34,370.42,0.00,1.29,-13.35,216.85,180.00
1996-02-13,36979.21,0.00,333.22,0.00,-9.20,-18.23,147.96,170.00
1996-02-14,37324.80,3.11,301.94,0.00,-5.23,-16.32,171.81,180.00
1996-02-15,37324.80,3.91,266.34,0.00,-0.52,-9.96,286.43,160.00
1996-02-16,37670.39,0.00,398.77,0.00,-1.94,-13.51,214.26,150.00
1996-02-17,37670.39,0.00,356.23,0.00,-6.05,-15.43,185.41,140.00
1996-02-18,38015.92,0.00,363.89,0.00,-4.75,-14.24,205.27,130.00
1996-02-19,38015.99,0.00,341.30,0.00,-4.56,-12.76,235.61,130.00
1996-02-20,38081.87,10.98,323.05,0.00,4.19,-8.27,323.92,200.00
1996-02-21,38361.61,23.95,178.41,0.00,7.75,2.33,719.85,1970.00
1996-02-22,38361.61,7.32,211.02,0.00,8.17,1.71,697.12,1400.00
1996-02-23,38707.19,5.61,209.62,0.00,7.54,1.35,668.14,1380.00
1996-02-24,38707.19,8.80,197.52,0.00,7.30,1.55,682.74,2850.00
1996-02-25,39052.80,0.00,270.46,0.00,8.59,2.68,736.56,2140.00
1996-02-26,39052.80,0.00,472.06,0.00,12.68,-1.65,547.15,1580.00
1996-02-27,39398.39,0.00,467.86,0.00,8.73,-4.25,441.26,1200.00
1996-02-28,39398.39,4.08,326.74,0.00,8.33,-2.66,506.08,1170.00
1996-02-29,39744.00,0.00,513.89,0.00,7.28,-10.64,272.12,986.00
1996-03-01,39744.00,0.00,388.46,0.00,-3.60,-12.17,242.45,748.00
1996-03-02,40089.59,0.00,430.97,0.00,-0.29,-10.26,279.48,646.00
1996-03-03,40089.59,2.52,415.83,0.00,2.01,-10.33,280.72,537.00
1996-03-04,40435.20,0.00,414.66,0.00,-6.56,-15.55,183.73,400.00
1996-03-05,40435.20,5.05,366.55,0.00,0.82,-11.57,253.71,440.00
1996-03-06,40780.78,6.29,263.51,0.00,4.54,-2.74,500.55,512.00
1996-03-07,40780.78,9.23,337.34,0.00,-1.53,-11.47,253.30,387.00
1996-03-08,41126.39,13.75,152.11,0.00,-10.18,-13.76,207.93,322.00
1996-03-09,41126.39,0.57,485.23,0.00,-9.61,-21.02,119.80,279.00
1996-03-10,41472.02,0.00,506.51,0.00,-7.82,-19.48,120.00,260.00
1996-03-11,41472.02,0.00,557.88,0.00,-1.44,-16.86,160.00,240.00
1996-03-12,41817.59,0.00,573.01,0.00,4.25,-13.19,225.09,220.00
1996-03-13,41817.59,0.00,562.21,0.00,7.53,-8.68,320.00,249.00
1996-03-14,42163.20,0.00,558.56,0.00,12.82,-3.57,471.10,163.00
1996-03-15,42163.20,2.35,466.83,0.00,13.77,0.63,640.00,651.00
1996-03-16,42508.79,2.94,456.21,0.00,8.67,-6.15,386.10,739.00
1996-03-17,42508.79,0.00,491.52,0.00,4.37,-7.00,361.15,438.00
1996-03-18,42854.41,0.00,347.16,0.00,4.84,-2.21,520.02,453.00
1996-03-19,42854.41,0.00,523.63,0.00,10.20,-2.71,503.26,502.00
1996-03-20,43200.02,18.46,369.79,0.00,10.42,-1.19,561.61,2480.00
1996-03-21,43200.02,3.80,151.46,0.00,1.90,-1.88,533.56,1860.00
1996-03-22,43200.02,2.31,402.65,0.00,1.52,-7.59,343.55,1340.00
1996-03-23,43545.59,0.00,295.94,0.00,-0.67,-6.28,381.15,939.00
1996-03-24,43545.59,0.00,506.68,0.00,3.97,-7.23,355.14,606.00
1996-03-25,43891.20,0.00,536.57,0.00,9.78,-3.09,485.98,485.00
1996-03-26,43891.20,5.25,468.06,0.00,16.60,-3.36,476.33,713.00
1996-03-27,44236.80,0.00,606.01,0.00,5.72,-11.20,259.86,500.00
1996-03-28,44236.80,0.00,477.93,0.00,0.89,-9.45,295.74,439.00
1996-03-29,44582.39,10.32,207.56,0.00,2.08,-3.31,480.06,491.00
1996-03-30,44582.39,0.00,310.96,0.00,3.98,-1.93,531.61,562.00
1996-03-31,44928.00,0.00,593.83,0.00,13.08,-2.31,520.00,476.00
1996-04-01,44928.00,0.00,593.53,0.00,16.83,0.92,641.15,531.00
1996-04-02,45273.61,8.03,434.48,0.00,9.11,-5.15,419.17,738.00
1996-04-03,45273.61,0.00,491.36,0.00,6.42,-4.10,451.08,644.00
1996-04-04,45619.20,0.00,599.87,0.00,11.82,-3.54,471.48,530.00
1996-04-05,45619.20,5.55,448.91,0.00,10.93,-4.52,439.88,465.00
1996-04-06,45964.79,0.00,504.43,0.00,5.40,-5.57,407.11,423.00
1996-04-07,45964.79,8.66,323.60,0.00,6.39,-2.64,504.59,411.00
1996-04-08,46310.38,3.96,408.76,0.00,2.48,-8.03,332.68,372.00
1996-04-09,46310.38,0.00,470.73,0.00,4.00,-5.75,401.63,393.00
1996-04-10,46655.99,0.00,382.06,0.00,2.87,-4.50,441.67,429.00
1996-04-11,46655.99,0.00,338.97,0.00,5.68,-0.66,583.72,403.00
1996-04-12,47001.60,1.72,576.02,0.00,18.21,2.35,724.06,423.00
1996-04-13,47001.60,14.47,454.36,0.00,18.73,3.56,792.08,1120.00
1996-04-14,47347.20,3.41,308.75,0.00,11.44,3.54,790.66,1100.00
1996-04-15,47347.20,0.00,540.42,0.00,7.42,-3.53,468.92,953.00
1996-04-16,47692.79,16.61,380.46,0.00,10.33,0.24,617.31,2510.00
1996-04-17,47692.79,2.89,331.46,0.00,7.20,-0.65,584.69,2030.00
1996-04-18,48038.40,0.00,575.92,0.00,8.84,-3.30,480.76,1510.00
1996-04-19,48038.40,0.00,648.33,0.00,18.92,1.69,694.52,1170.00
1996-04-20,48318.11,0.00,500.71,0.00,19.97,9.05,1163.79,920.00
1996-04-21,48383.99,0.00,521.94,0.00,20.79,9.06,1164.79,718.00
1996-04-22,48384.06,0.00,630.49,0.00,20.96,3.80,803.21,540.00
1996-04-23,48729.59,0.00,620.79,0.00,24.60,7.05,1000.19,500.00
1996-04-24,48729.59,13.27,503.51,0.00,22.04,-0.11,606.79,488.00
1996-04-25,49075.21,7.70,429.53,0.00,14.22,0.77,642.83,410.00
1996-04-26,49075.21,0.07,562.06,0.00,20.32,6.64,970.95,377.00
1996-04-27,49420.81,10.02,454.77,0.00,14.96,-0.28,600.03,398.00
1996-04-28,49420.81,0.00,509.50,0.00,10.95,-0.25,600.52,325.00
1996-04-29,49576.01,10.09,384.38,0.00,17.05,5.56,917.88,993.00
1996-04-30,49766.39,29.55,344.33,0.00,17.60,7.37,1029.49,2320.00
1996-05-01,49766.39,17.74,459.82,0.00,16.50,0.43,630.13,3000.00
1996-05-02,50112.00,3.92,410.72,0.00,14.67,2.87,749.60,1610.00
1996-05-03,50112.00,0.00,478.02,0.00,15.70,5.10,887.85,1140.00
1996-05-04,50450.20,4.36,292.10,0.00,15.38,7.22,1017.96,930.00
1996-05-05,50457.60,2.52,416.57,0.00,16.74,6.10,929.88,664.00
1996-05-06,50457.60,6.22,390.25,0.00,17.40,5.50,911.97,540.00
1996-05-07,50803.21,3.56,359.86,0.00,8.35,-1.57,546.33,460.00
1996-05-08,50803.21,3.58,355.25,0.00,12.91,3.18,774.13,503.00
1996-05-09,51082.91,1.57,411.19,0.00,14.75,6.12,940.79,440.00
1996-05-10,51148.79,14.66,166.67,0.00,12.97,8.61,1128.65,804.00
1996-05-11,51148.79,10.29,399.07,0.00,23.13,9.81,1224.52,1410.00
1996-05-12,51494.41,21.96,467.77,0.00,17.50,0.03,611.58,2070.00
1996-05-13,51494.41,0.00,525.51,0.00,9.34,-2.34,516.41,1510.00
1996-05-14,51494.41,0.00,553.05,0.00,9.67,-3.24,480.74,1120.00
1996-05-15,51839.98,0.00,559.62,0.00,14.67,1.02,645.94,832.00
1996-05-16,51839.98,0.00,470.19,0.00,15.09,4.55,844.37,627.00
1996-05-17,51840.05,0.00,294.08,0.00,12.35,6.30,954.51,502.00
1996-05-18,52185.59,0.00,536.01,0.00,24.82,10.63,1290.30,418.00
1996-05-19,52185.59,0.00,503.04,0.00,28.89,15.14,1725.55,343.00
1996-05-20,52185.59,0.00,486.96,0.00,31.56,17.46,1993.08,271.00
1996-05-21,52523.80,0.00,502.90,0.00,32.09,16.59,1887.09,233.00
1996-05-22,52531.21,14.93,419.03,0.00,24.68,7.43,1034.34,231.00
1996-05-23,52531.21,5.64,400.27,0.00,22.39,7.34,1027.00,179.00
1996-05-24,52686.43,3.86,389.15,0.00,23.55,10.04,1243.59,145.00
1996-05-25,52876.81,0.00,569.80,0.00,18.17,1.24,663.90,119.00
1996-05-26,52876.81,0.00,535.66,0.00,18.89,3.92,800.95,108.00
1996-05-27,52876.81,5.84,261.14,0.00,14.59,6.68,974.52,109.00
1996-05-28,53032.03,4.08,276.95,0.00,15.68,7.21,1016.82,118.00
1996-05-29,53222.40,2.31,162.03,0.00,10.76,7.11,1009.18,126.00
1996-05-30,53222.40,0.00,531.56,0.00,15.87,1.41,673.11,169.00
1996-05-31,53222.40,0.00,550.25,0.00,17.37,1.49,678.90,162.00
1996-06-01,53222.47,0.00,559.97,0.00,22.72,4.66,852.74,137.00
1996-06-02,53502.11,0.00,517.10,0.00,24.53,8.87,1149.31,118.00
1996-06-03,53567.98,0.00,451.51,0.00,22.96,10.54,1283.56,106.00
1996-06-04,53567.98,0.00,449.29,0.00,22.88,10.43,1274.04,98.00
1996-06-05,53567.98,0.00,423.56,0.00,21.21,9.89,1231.23,98.00
1996-06-06,53567.98,0.00,486.97,0.00,21.72,7.51,1040.72,90.00
1996-06-07,53611.84,0.00,417.28,0.00,24.68,12.96,1483.20,82.00
1996-06-08,53847.71,5.11,287.80,0.00,27.23,16.34,1849.33,84.00
1996-06-09,53913.61,7.85,285.93,0.00,27.74,16.72,1898.29,74.00
1996-06-10,53913.61,15.04,247.81,0.00,27.04,17.88,2058.78,124.00
1996-06-11,53913.61,3.13,262.93,0.00,26.84,17.23,1960.71,156.00
1996-06-12,53913.61,0.00,398.70,0.00,26.47,15.33,1745.78,130.00
1996-06-13,53913.61,5.74,269.64,0.00,24.63,15.08,1718.35,110.00
1996-06-14,53913.61,4.99,289.18,0.00,24.82,14.52,1653.31,101.00
1996-06-15,53913.61,0.00,420.62,0.00,26.27,14.48,1649.60,127.00
1996-06-16,53913.61,0.00,482.24,0.00,27.16,12.20,1415.75,94.00
1996-06-17,53913.61,0.00,417.55,0.00,27.59,15.54,1763.37,75.00
1996-06-18,53913.67,5.58,303.97,0.00,25.66,14.39,1641.84,74.00
1996-06-19,53913.67,11.20,203.07,0.00,22.50,15.77,1786.02,144.00
1996-06-20,53913.67,4.80,185.17,0.00,21.89,15.94,1803.83,228.00
1996-06-21,53913.67,11.43,262.50,0.00,25.14,16.30,1845.14,315.00
1996-06-22,53913.67,0.00,451.43,0.00,26.75,14.26,1621.44,187.00
1996-06-23,53913.67,0.00,512.08,0.00,26.58,10.88,1310.54,139.00
1996-06-24,53913.61,0.00,484.54,0.00,24.21,10.67,1293.84,117.00
1996-06-25,53913.61,4.63,249.35,0.00,22.21,14.31,1624.74,116.00
1996-06-26,53913.61,0.00,482.77,0.00,21.75,8.74,1139.02,96.00
1996-06-27,53913.61,0.00,482.26,0.00,22.78,9.49,1198.90,78.00
1996-06-28,53913.61,0.00,442.76,0.00,25.27,13.08,1495.27,65.00
1996-06-29,53913.61,0.00,388.98,0.00,25.33,15.21,1734.65,58.00
1996-06-30,53913.61,24.72,221.39,0.00,23.62,16.52,1872.91,342.00
1996-07-01,53913.61,0.35,418.83,0.00,27.74,16.25,1844.19,231.00
1996-07-02,53906.19,0.00,524.18,0.00,29.27,12.17,1417.94,142.00
1996-07-03,53723.20,11.22,335.24,0.00,26.06,14.02,1602.77,111.00
1996-07-04,53568.05,6.20,294.98,0.00,20.70,11.29,1343.18,87.00
1996-07-05,53567.98,0.00,472.69,0.00,20.70,8.43,1114.40,68.00
1996-07-06,53567.98,0.00,506.48,0.00,25.70,10.85,1307.66,54.00
1996-07-07,53567.98,0.00,489.42,0.00,28.13,13.60,1562.40,46.00
1996-07-08,53567.98,16.01,311.99,0.00,26.46,15.45,1754.18,47.00
1996-07-09,53377.61,0.00,451.59,0.00,26.64,14.22,1623.83,48.00
1996-07-10,53222.40,0.00,523.23,0.00,26.07,9.56,1204.84,38.00
1996-07-11,53222.40,0.00,490.08,0.00,21.27,7.56,1045.12,33.00
1996-07-12,53222.40,0.00,468.34,0.00,23.74,10.60,1288.07,28.00
1996-07-13,53214.98,7.53,272.01,0.00,24.49,15.15,1731.98,32.00
1996-07-14,52876.88,10.17,269.35,0.00,25.12,15.85,1796.94,40.00
1996-07-15,52876.81,12.13,267.02,0.00,27.22,17.83,2052.53,73.00
1996-07-16,52876.81,23.97,267.79,0.00,23.46,14.57,1657.03,122.00
1996-07-17,52869.40,8.97,302.21,0.00,25.87,15.25,1737.64,81.00
1996-07-18,52531.21,0.00,407.75,0.00,27.48,16.50,1873.42,61.00
1996-07-19,52531.21,9.21,259.74,0.00,26.87,17.90,2062.86,59.00
1996-07-20,52531.21,6.50,373.67,0.00,25.48,10.20,1255.85,60.00
1996-07-21,52340.82,0.00,424.34,0.00,21.76,10.51,1281.01,47.00
1996-07-22,52185.59,0.00,481.15,0.00,25.01,10.72,1297.32,39.00
1996-07-23,52185.59,0.00,410.41,0.00,23.57,12.68,1460.63,33.00
1996-07-24,52119.70,0.00,442.52,0.00,25.15,12.80,1477.10,29.00
1996-07-25,51839.98,0.00,385.59,0.00,26.14,15.72,1781.05,41.00
1996-07-26,51839.98,8.24,297.19,0.00,25.68,14.97,1701.41,52.00
1996-07-27,51774.12,6.56,355.13,0.00,25.31,11.29,1343.28,63.00
1996-07-28,51494.41,0.00,451.82,0.00,21.35,8.99,1159.55,55.00
1996-07-29,51494.41,0.01,429.20,0.00,23.87,12.05,1404.16,51.00
1996-07-30,51304.00,9.19,176.41,0.00,19.46,13.82,1584.33,64.00
1996-07-31,51148.79,5.54,169.54,0.00,20.63,15.24,1731.31,70.00
1996-08-01,51148.79,4.60,307.24,0.00,22.98,12.34,1435.69,65.00
1996-08-02,50803.21,0.00,437.48,0.00,24.27,12.34,1432.08,58.00
1996-08-03,50803.21,0.00,453.00,0.00,24.98,12.11,1412.33,50.00
1996-08-04,50795.79,4.41,368.50,0.00,24.14,13.97,1598.34,65.00
1996-08-05,50457.60,0.00,439.63,0.00,27.03,14.47,1648.32,52.00
1996-08-06,50457.60,0.00,458.90,0.00,27.49,13.88,1589.20,47.00
1996-08-07,50112.00,0.00,437.78,0.00,28.93,15.97,1804.68,43.00
1996-08-08,50112.00,1.49,354.67,0.00,27.77,17.70,2031.02,49.00
1996-08-09,50104.59,20.22,263.92,0.00,26.35,17.21,1956.33,91.00
1996-08-10,49766.39,3.56,421.10,0.00,25.28,10.40,1272.05,78.00
1996-08-11,49766.39,0.00,490.08,0.00,22.46,7.95,1075.65,60.00
1996-08-12,49420.81,0.00,413.35,0.00,21.45,10.61,1288.77,52.00
1996-08-13,49420.81,0.00,374.74,0.00,21.06,11.56,1365.12,50.00
1996-08-14,49075.28,0.00,440.99,0.00,24.48,11.90,1394.33,46.00
1996-08-15,49075.21,0.00,436.55,0.00,27.23,14.19,1617.28,41.00
1996-08-16,49067.80,11.45,310.10,0.00,25.90,14.01,1602.77,73.00
1996-08-17,48729.59,0.00,423.67,0.00,23.79,11.75,1382.65,61.00
1996-08-18,48729.59,0.00,430.32,0.00,24.75,12.11,1411.02,50.00
1996-08-19,48383.99,0.00,455.61,0.00,25.56,11.44,1354.96,41.00
1996-08-20,48383.99,0.00,436.52,0.00,26.99,13.45,1543.74,34.00
1996-08-21,48038.40,2.27,331.35,0.00,26.25,16.29,1846.48,33.00
1996-08-22,48038.40,0.00,415.76,0.00,26.76,14.24,1625.97,31.00
1996-08-23,47692.79,0.00,403.41,0.00,27.48,15.31,1744.44,27.00
1996-08-24,47692.79,11.87,300.03,0.00,28.34,16.02,1809.73,38.00
1996-08-25,47347.27,0.00,443.07,0.00,25.05,11.08,1326.41,36.00
1996-08-26,47347.20,0.00,439.81,0.00,26.15,12.03,1402.08,30.00
1996-08-27,47156.81,0.00,427.59,0.00,26.37,12.76,1464.69,27.00
1996-08-28,47001.60,0.00,406.54,0.00,25.84,13.28,1520.50,24.00
1996-08-29,46994.19,0.00,363.62,0.00,21.52,11.12,1330.86,22.00
1996-08-30,46655.99,0.00,439.60,0.00,24.77,10.04,1243.41,20.00
1996-08-31,46655.99,0.00,453.39,0.00,24.55,8.69,1134.95,19.00
1996-09-01,46310.38,0.00,442.18,0.00,26.42,10.67,1293.30,17.00
1996-09-02,46310.38,0.00,434.84,0.00,26.51,11.00,1320.31,15.00
1996-09-03,45964.79,0.00,425.46,0.00,27.28,11.94,1394.80,14.00
1996-09-04,45964.79,1.18,372.92,0.00,26.48,13.98,1598.77,14.00
1996-09-05,45619.20,6.65,135.86,0.00,21.21,15.98,1807.27,26.00
1996-09-06,45619.20,4.84,244.16,0.00,25.81,15.72,1785.20,30.00
1996-09-07,45273.61,15.34,169.34,0.00,23.24,16.57,1879.86,75.00
1996-09-08,45273.61,8.21,108.42,0.00,21.34,17.24,1962.21,112.00
1996-09-09,44928.00,0.00,351.78,0.00,24.39,13.30,1523.86,73.00
1996-09-10,44928.00,4.42,257.22,0.00,25.35,14.48,1650.21,135.00
1996-09-11,44582.39,0.25,353.41,0.00,24.40,12.92,1484.76,92.00
1996-09-12,44582.39,0.00,329.60,0.00,22.37,12.24,1421.31,73.00
1996-09-13,44236.80,39.13,200.35,0.00,20.73,12.93,1474.31,2610.00
1996-09-14,44236.80,22.02,244.91,0.00,17.07,7.51,1041.13,1260.00
1996-09-15,43891.20,0.09,237.49,0.00,14.85,8.38,1110.36,626.00
1996-09-16,43891.20,0.00,288.50,0.00,16.66,8.57,1125.72,409.00
1996-09-17,43545.59,23.79,169.17,0.00,16.78,10.67,1293.61,1300.00
1996-09-18,43545.59,25.79,112.85,0.00,14.66,10.81,1304.59,2050.00
1996-09-19,43200.02,0.00,377.40,0.00,18.19,6.66,973.99,1000.00
1996-09-20,43200.02,0.00,415.32,0.00,19.78,5.51,910.89,635.00
1996-09-21,42854.41,0.00,417.52,0.00,21.62,6.53,962.78,449.00
1996-09-22,42854.41,0.73,380.40,0.00,21.73,8.22,1097.36,368.00
1996-09-23,42508.79,9.57,209.27,0.00,16.55,8.59,1127.27,375.00
1996-09-24,42508.79,0.00,398.36,0.00,16.66,3.22,771.30,292.00
1996-09-25,42163.20,5.47,207.70,0.00,11.60,4.42,834.40,257.00
1996-09-26,42163.20,0.00,383.31,0.00,15.91,3.43,784.08,217.00
1996-09-27,41817.59,0.00,341.52,0.00,16.25,5.85,925.66,187.00
1996-09-28,41817.59,5.92,127.79,0.00,17.44,12.77,1468.71,282.00
1996-09-29,41472.02,23.17,273.73,0.00,18.35,6.43,954.82,835.00
1996-09-30,41472.02,0.00,346.99,0.00,16.85,6.09,929.08,501.00
1996-10-01,41126.39,0.00,370.18,0.00,19.04,6.66,972.85,411.00
1996-10-02,41126.39,0.00,356.58,0.00,21.38,9.45,1195.77,340.00
1996-10-03,40780.78,2.10,348.34,0.00,15.14,3.56,791.63,296.00
1996-10-04,40780.78,0.00,386.65,0.00,9.74,-3.16,484.61,249.00
1996-10-05,40435.20,0.00,384.66,0.00,9.90,-3.40,473.89,217.00
1996-10-06,40435.20,0.00,390.68,0.00,13.13,-1.55,549.78,194.00
1996-10-07,40089.59,0.00,368.32,0.00,15.56,2.00,720.00,177.00
1996-10-08,40089.59,0.00,364.35,0.00,18.17,4.00,800.00,163.00
1996-10-09,39744.00,1.56,235.58,0.00,13.27,5.14,890.03,156.00
1996-10-10,39744.00,2.56,258.83,0.00,16.51,6.15,936.31,145.00
1996-10-11,39405.81,2.65,208.04,0.00,8.31,0.60,636.36,133.00
1996-10-12,39398.39,0.00,338.99,0.00,8.93,-3.15,484.79,122.00
1996-10-13,39243.18,0.00,346.34,0.00,14.01,0.52,630.95,115.00
1996-10-14,39052.80,0.00,298.54,0.00,18.40,7.36,1028.53,110.00
1996-10-15,39052.80,0.00,374.32,0.00,16.94,-1.62,544.87,105.00
1996-10-16,38707.19,0.00,348.37,0.00,15.70,0.16,616.96,100.00
1996-10-17,38707.19,0.00,345.89,0.00,22.63,5.27,901.97,96.00
1996-10-18,38361.61,0.00,308.93,0.00,21.33,7.27,1021.93,94.00
1996-10-19,38361.61,45.71,192.87,0.00,14.76,4.49,841.62,2650.00
1996-10-20,38015.99,46.22,124.58,0.00,9.46,3.53,788.02,3070.00
1996-10-21,38015.99,7.92,136.88,0.00,10.01,3.49,786.74,1810.00
1996-10-22,37670.39,2.38,144.06,0.00,9.79,4.06,817.45,1320.00
1996-10-23,37670.39,0.00,217.54,0.00,13.42,5.29,896.14,959.00
1996-10-24,37390.68,8.66,209.81,0.00,16.28,4.45,837.07,1140.00
1996-10-25,37324.80,0.00,238.95,0.00,11.11,1.78,702.02,773.00
1996-10-26,37324.73,0.00,317.69,0.00,18.00,1.84,706.94,610.00
1996-10-27,36979.21,0.00,303.55,0.00,19.06,3.84,800.77,502.00
1996-10-28,36979.21,0.80,229.53,0.00,17.69,7.07,1005.52,473.00
1996-10-29,36633.62,6.21,226.89,0.00,14.62,-0.96,570.42,432.00
1996-10-30,36633.62,1.91,254.11,0.00,13.39,1.89,706.16,368.00
1996-10-31,36295.40,1.46,271.39,0.00,16.29,1.69,690.31,323.00
1996-11-01,36287.99,0.00,247.74,0.00,9.51,-1.66,545.69,282.00
1996-11-02,36287.99,0.00,229.52,0.00,6.71,-3.28,479.88,254.00
1996-11-03,35942.39,0.00,231.03,0.00,3.23,-6.78,367.01,232.00
1996-11-04,35942.39,0.00,184.04,0.00,3.45,-4.10,448.31,209.00
1996-11-05,35604.21,0.00,234.11,0.00,8.92,-1.57,548.02,195.00
1996-11-06,35596.80,0.00,153.18,0.00,8.54,2.26,721.03,178.00
1996-11-07,35596.80,4.17,140.18,0.00,15.10,6.93,994.71,173.00
1996-11-08,35251.20,22.04,98.47,0.00,17.22,11.56,1364.62,1540.00
1996-11-09,35251.20,53.49,197.10,0.00,15.05,1.18,658.84,3600.00
1996-11-10,35207.35,6.20,129.74,0.00,4.83,-2.43,513.31,1830.00
1996-11-11,34905.62,0.93,132.09,0.00,0.95,-4.41,443.06,1180.00
1996-11-12,34905.62,1.83,168.05,0.00,0.60,-5.89,395.21,843.00
1996-11-13,34625.88,0.00,221.68,0.00,-0.14,-9.02,307.02,642.00
1996-11-14,34559.98,1.26,200.89,0.00,-0.53,-8.86,310.20,521.00
1996-11-15,34559.98,0.00,238.46,0.00,-0.81,-10.28,280.26,428.00
1996-11-16,34280.28,0.00,239.55,0.00,0.05,-9.47,282.74,364.00
1996-11-17,34214.41,0.00,280.00,0.00,5.27,-7.92,326.78,325.00
1996-11-18,34214.41,0.00,273.09,0.00,9.89,-3.47,479.37,308.00
1996-11-19,34059.20,4.09,103.29,0.00,6.19,0.85,640.00,311.00
1996-11-20,33868.82,0.00,153.79,0.00,3.40,-2.82,496.26,279.00
1996-11-21,33868.82,0.00,163.26,0.00,2.30,-4.43,443.01,244.00
1996-11-22,33868.82,0.00,82.08,0.00,-0.20,-3.33,478.43,220.00
1996-11-23,33530.62,0.00,170.12,0.00,1.45,-5.62,403.01,201.00
1996-11-24,33523.21,0.00,198.64,0.00,4.81,-3.98,454.97,187.00
1996-11-25,33523.21,2.96,96.30,0.00,3.02,-1.51,550.10,181.00
1996-11-26,33523.14,14.07,106.41,0.00,6.60,0.97,640.66,362.00
1996-11-27,33185.02,4.67,197.89,0.00,3.49,-8.50,320.10,313.00
1996-11-28,33177.61,0.00,240.28,0.00,-4.66,-14.09,206.20,239.00
1996-11-29,33177.61,11.75,139.97,0.00,-2.80,-9.31,297.82,235.00
1996-11-30,33177.61,0.00,170.00,0.00,0.85,-4.94,440.00,230.00
1996-12-01,33022.39,18.82,175.25,0.00,7.93,-1.44,551.81,1570.00
1996-12-02,32831.99,39.58,199.83,0.00,12.38,-1.37,555.19,6480.00
1996-12-03,32831.99,0.00,184.86,0.00,2.73,-3.88,449.81,2240.00
1996-12-04,32831.99,1.87,175.01,0.00,4.98,-1.85,532.26,1330.00
1996-12-05,32831.99,0.00,129.96,0.00,2.45,-1.91,530.19,931.00
1996-12-06,32831.92,8.32,91.91,0.00,2.52,-1.58,549.10,792.00
1996-12-07,32676.78,0.00,107.63,0.00,1.43,-2.08,527.58,644.00
1996-12-08,32493.81,0.00,171.41,0.00,1.33,-4.66,437.32,534.00
1996-12-09,32486.40,1.98,206.73,0.00,2.32,-5.34,413.98,454.00
1996-12-10,32486.40,0.00,164.00,0.00,0.49,-5.09,423.51,386.00
1996-12-11,32486.40,0.00,155.95,0.00,0.97,-4.35,444.62,352.00
1996-12-12,32486.40,8.70,90.96,0.00,3.50,-0.64,584.81,503.00
1996-12-13,32486.40,18.20,82.49,0.00,6.31,2.39,720.17,2400.00
1996-12-14,32486.40,25.14,105.81,0.00,4.69,-0.43,592.32,2720.00
1996-12-15,32486.40,0.00,106.78,0.00,1.25,-2.42,512.62,1520.00
1996-12-16,32486.40,0.00,115.87,0.00,2.75,-1.22,560.14,1090.00
1996-12-17,32486.33,0.00,106.48,0.00,5.52,1.94,705.62,884.00
1996-12-18,32486.33,0.00,170.62,0.00,6.77,0.60,637.66,727.00
1996-12-19,32486.33,4.35,121.06,0.00,2.22,-3.34,476.24,610.00
1996-12-20,32486.33,5.15,196.27,0.00,-2.63,-14.30,204.63,506.00
1996-12-21,32486.33,0.00,243.93,0.00,-7.76,-16.83,165.73,389.00
1996-12-22,32486.33,0.00,241.19,0.00,-4.55,-13.67,212.77,378.00
1996-12-23,32486.40,3.73,144.46,0.00,-0.34,-5.69,400.28,350.00
1996-12-24,32486.40,7.32,159.18,0.00,5.90,-1.60,550.43,451.00
1996-12-25,32486.40,7.21,200.28,0.00,6.96,-7.18,355.83,549.00
1996-12-26,32486.40,0.00,154.50,0.00,-3.24,-8.00,333.69,393.00
1996-12-27,32486.40,0.00,179.67,0.00,-0.78,-6.43,377.62,364.00
1996-12-28,32486.40,2.12,180.04,0.00,3.83,-2.12,522.21,362.00
1996-12-29,32486.40,0.00,143.56,0.00,6.85,2.44,720.82,404.00
1996-12-30,32486.40,6.21,179.80,0.00,8.42,-1.22,560.63,423.00
1996-12-31,32486.40,3.10,161.68,0.00,7.63,0.61,640.72,353.00
1997-01-01,32486.40,0.00,239.68,0.00,-2.22,-14.21,204.46,293.00
1997-01-02,32552.27,2.61,198.78,0.00,-0.79,-11.94,244.68,295.00
1997-01-03,32788.14,3.31,165.19,0.00,8.17,-1.57,548.20,315.00
1997-01-04,32831.99,0.00,221.69,0.00,13.25,1.84,706.45,314.00
1997-01-05,32831.99,0.00,143.45,0.00,9.60,3.04,763.68,320.00
1997-01-06,32831.99,3.78,159.90,0.00,10.15,-1.25,561.53,348.00
1997-01-07,32831.99,0.00,164.83,0.00,-0.30,-7.71,340.83,280.00
1997-01-08,32897.87,0.00,138.60,0.00,-3.43,-9.40,297.65,236.00
1997-01-09,33177.54,0.00,184.23,0.00,-2.20,-10.57,275.35,221.00
1997-01-10,33177.61,8.14,123.81,0.00,-1.95,-8.54,318.88,237.00
1997-01-11,33177.61,0.00,234.02,0.00,-2.43,-12.78,229.12,214.00
1997-01-12,33177.61,0.00,161.94,0.00,-9.03,-15.26,187.41,190.00
1997-01-13,33367.98,0.00,153.19,0.00,-8.40,-14.20,205.88,180.00
1997-01-14,33523.21,0.00,183.19,0.00,-5.31,-12.44,236.82,170.00
1997-01-15,33523.21,0.00,241.05,0.00,-4.23,-14.59,200.00,165.00
1997-01-16,33523.21,8.06,200.68,0.00,0.09,-12.41,240.00,172.00
1997-01-17,33713.60,4.00,229.00,0.00,-1.20,-18.96,135.15,144.00
1997-01-18,33868.82,0.00,183.64,0.00,-15.04,-21.75,112.13,140.00
1997-01-19,33868.82,0.00,282.40,0.00,-13.23,-25.91,80.00,130.00
1997-01-20,33876.23,0.00,304.65,0.00,-7.96,-23.38,90.59,150.00
1997-01-21,34214.41,0.00,260.29,0.00,-2.18,-12.89,225.90,162.00
1997-01-22,34214.41,0.00,284.29,0.00,0.61,-11.98,246.70,143.00
1997-01-23,34214.41,7.60,122.39,0.00,3.98,-1.91,530.75,142.00
1997-01-24,34559.92,0.00,309.83,0.00,2.62,-12.51,235.16,129.00
1997-01-25,34559.98,14.28,223.26,0.00,4.28,-8.91,311.02,138.00
1997-01-26,34559.98,0.00,292.83,0.00,3.05,-9.21,299.77,156.00
1997-01-27,34905.62,0.00,217.76,0.00,-5.54,-13.05,222.74,129.00
1997-01-28,34905.62,8.17,194.43,0.00,0.55,-8.95,310.13,126.00
1997-01-29,34905.62,0.00,319.60,0.00,-1.41,-14.97,193.22,110.00
1997-01-30,35251.20,0.00,278.73,0.00,-5.44,-15.51,183.94,110.00
1997-01-31,35251.20,0.00,267.54,0.00,-2.20,-11.52,253.38,112.00
1997-02-01,35317.09,1.51,198.42,0.00,1.22,-5.06,424.97,110.00
1997-02-02,35596.80,0.00,236.28,0.00,2.59,-5.05,423.60,108.00
1997-02-03,35596.80,7.05,147.09,0.00,3.41,-2.47,511.78,107.00
1997-02-04,35942.39,0.71,259.25,0.00,2.89,-5.71,399.99,108.00
1997-02-05,35942.39,19.28,132.92,0.00,2.20,-2.96,491.82,162.00
1997-02-06,35949.80,0.00,200.92,0.00,2.02,-3.80,459.32,188.00
1997-02-07,36287.99,0.00,227.23,0.00,0.69,-5.92,393.81,158.00
1997-02-08,36287.99,0.00,215.18,0.00,0.50,-5.58,405.00,140.00
1997-02-09,36633.62,0.00,339.09,0.00,-2.41,-13.96,208.72,120.00
1997-02-10,36633.62,0.00,358.11,0.00,0.33,-12.69,234.81,110.00
1997-02-11,36823.99,0.00,229.34,0.00,-3.79,-10.20,283.33,110.00
1997-02-12,36979.21,0.00,271.47,0.00,-1.11,-8.99,308.17,100.00
1997-02-13,36979.21,3.80,300.84,0.00,-1.63,-16.84,166.37,96.00
1997-02-14,37324.80,10.43,279.18,0.00,-1.60,-14.78,196.10,95.00
1997-02-15,37324.80,0.04,200.27,0.00,1.57,-3.80,455.66,90.00
1997-02-16,37670.39,0.00,410.19,0.00,0.99,-15.22,187.89,86.00
1997-02-17,37670.39,5.57,266.48,0.00,-3.32,-14.22,205.67,85.00
1997-02-18,38015.92,0.00,372.78,0.00,-0.23,-12.01,242.82,90.00
1997-02-19,38015.99,0.00,386.03,0.00,11.16,-2.19,522.38,110.00
1997-02-20,38081.87,0.00,416.07,0.00,12.39,-3.88,457.24,370.00
1997-02-21,38361.61,0.00,344.86,0.00,8.18,-2.04,526.77,460.00
1997-02-22,38361.61,3.71,293.53,0.00,14.78,3.07,765.55,1800.00
1997-02-23,38707.19,0.00,446.06,0.00,12.23,-8.17,328.54,1200.00
1997-02-24,38707.19,0.00,295.01,0.00,1.69,-6.13,385.41,793.00
1997-02-25,39052.80,0.00,442.08,0.00,1.60,-14.62,199.94,569.00
1997-02-26,39052.80,0.00,400.82,0.00,0.30,-12.04,241.43,480.00
1997-02-27,39398.39,5.92,274.72,0.00,9.45,-1.52,558.63,710.00
1997-02-28,39398.39,1.38,422.23,0.00,17.18,-2.40,513.97,899.00
1997-03-01,39744.00,0.00,376.81,0.00,8.23,-2.93,492.26,701.00
1997-03-02,39744.00,7.72,205.40,0.00,10.34,3.05,764.13,895.00
1997-03-03,40089.59,4.60,369.37,0.00,12.39,-3.14,484.04,895.00
1997-03-04,40089.59,9.24,105.90,0.00,0.64,-2.72,501.29,719.00
1997-03-05,40435.20,0.08,132.55,0.00,1.40,-1.70,543.97,638.00
1997-03-06,40435.20,14.05,194.07,0.00,4.58,-1.85,536.58,1970.00
1997-03-07,40780.78,2.15,360.87,0.00,1.87,-8.47,320.62,1210.00
1997-03-08,40780.78,0.13,355.43,0.00,1.50,-7.90,336.13,922.00
1997-03-09,41126.39,3.39,359.19,0.00,5.32,-9.08,303.37,717.00
1997-03-10,41126.39,4.50,256.64,0.00,2.84,-5.94,392.27,621.00
1997-03-11,41472.02,0.00,376.67,0.00,7.83,-2.43,520.00,558.00
1997-03-12,41472.02,0.00,414.57,0.00,3.34,-8.09,331.55,451.00
1997-03-13,41817.59,0.00,455.27,0.00,3.09,-10.50,276.15,372.00
1997-03-14,41817.59,12.47,268.49,0.00,0.95,-8.11,329.01,445.00
1997-03-15,42163.20,9.38,283.67,0.00,3.85,-5.71,401.81,610.00
1997-03-16,42163.20,6.68,275.29,0.00,0.80,-7.96,332.00,467.00
1997-03-17,42508.79,0.00,403.95,0.00,-0.95,-10.96,268.26,395.00
1997-03-18,42508.79,0.00,346.21,0.00,4.14,-3.94,445.67,381.00
1997-03-19,42854.41,0.00,394.77,0.00,2.32,-7.03,361.10,358.00
1997-03-20,42854.41,0.00,439.96,0.00,6.03,-4.96,428.52,366.00
1997-03-21,43200.02,0.00,399.54,0.00,4.41,-4.91,430.26,336.00
1997-03-22,43200.02,3.81,347.36,0.00,10.52,-1.34,560.00,440.00
1997-03-23,43200.02,0.00,485.49,0.00,1.24,-10.96,265.60,382.00
1997-03-24,43545.59,0.00,483.16,0.00,0.58,-11.36,256.63,326.00
1997-03-25,43545.59,0.00,500.80,0.00,5.10,-7.48,348.06,312.00
1997-03-26,43891.20,17.42,302.04,0.00,7.66,-1.30,560.68,818.00
1997-03-27,43891.20,0.00,356.54,0.00,5.03,-2.31,520.00,652.00
1997-03-28,44236.80,0.00,557.76,0.00,18.49,0.35,626.20,647.00
1997-03-29,44236.80,0.00,551.62,0.00,19.19,1.60,687.67,643.00
1997-03-30,44582.39,3.43,360.48,0.00,15.67,6.10,940.52,587.00
1997-03-31,44582.39,8.04,411.04,0.00,12.54,-3.16,484.26,619.00
1997-04-01,44928.00,8.92,203.31,0.00,-0.25,-5.50,406.93,538.00
1997-04-02,44928.00,0.00,496.83,0.00,7.21,-4.31,446.95,505.00
1997-04-03,45273.61,0.00,541.17,0.00,13.67,-1.16,560.38,482.00
1997-04-04,45273.61,0.00,542.48,0.00,18.82,2.78,741.52,423.00
1997-04-05,45619.20,0.00,502.08,0.00,17.98,4.37,829.75,375.00
1997-04-06,45619.20,0.00,467.03,0.00,17.55,5.53,915.26,346.00
1997-04-07,45964.79,0.00,512.34,0.00,20.47,5.56,909.72,318.00
1997-04-08,45964.79,0.00,529.43,0.00,12.95,-1.98,530.84,279.00
1997-04-09,46310.38,0.00,572.24,0.00,8.71,-9.42,297.11,249.00
1997-04-10,46310.38,0.00,436.06,0.00,1.48,-8.79,312.38,227.00
1997-04-11,46655.99,0.00,476.91,0.00,5.74,-6.11,387.97,211.00
1997-04-12,46655.99,0.00,403.51,0.00,7.29,-2.01,527.16,205.00
1997-04-13,47001.60,9.98,192.72,0.00,9.09,3.51,800.00,252.00
1997-04-14,47001.60,0.00,483.58,0.00,9.21,-2.87,494.61,215.00
1997-04-15,47347.20,0.00,546.03,0.00,10.27,-5.30,414.53,186.00
1997-04-16,47347.20,0.00,546.83,0.00,13.42,-2.71,503.09,172.00
1997-04-17,47692.79,0.05,517.71,0.00,16.38,1.32,665.64,165.00
1997-04-18,47692.79,2.75,374.36,0.00,9.62,-1.84,536.05,160.00
1997-04-19,48038.40,0.00,280.78,0.00,4.07,-2.17,522.52,155.00
1997-04-20,48038.40,3.37,215.41,0.00,4.54,-1.16,564.34,150.00
1997-04-21,48318.11,0.00,495.68,0.00,9.17,-3.89,453.60,142.00
1997-04-22,48383.99,0.00,508.43,0.00,12.84,-1.16,559.25,134.00
1997-04-23,48384.06,0.00,478.26,0.00,14.39,1.61,688.32,130.00
1997-04-24,48729.59,1.40,434.37,0.00,13.29,1.12,658.46,130.00
1997-04-25,48729.59,0.00,535.72,0.00,14.23,-1.76,536.46,120.00
1997-04-26,49075.21,0.00,501.60,0.00,14.12,-0.16,597.26,115.00
1997-04-27,49075.21,0.00,541.92,0.00,16.26,-0.62,574.47,109.00
1997-04-28,49420.81,11.04,332.46,0.00,15.86,4.13,810.57,164.00
1997-04-29,49420.81,0.00,491.10,0.00,13.59,0.04,611.26,172.00
1997-04-30,49576.01,0.00,521.34,0.00,18.50,2.75,727.26,144.00
1997-05-01,49766.39,0.00,507.46,0.00,22.30,6.40,925.60,136.00
1997-05-02,49766.39,0.00,547.19,0.00,19.44,0.83,623.42,136.00
1997-05-03,50112.00,13.41,327.65,0.00,16.48,4.28,829.05,202.00
1997-05-04,50112.00,11.69,340.69,0.00,16.15,3.26,773.43,302.00
1997-05-05,50450.20,0.00,497.48,0.00,14.22,-0.66,585.63,238.00
1997-05-06,50457.60,2.46,399.26,0.00,17.09,3.96,804.96,243.00
1997-05-07,50457.60,7.00,373.57,0.00,12.79,-2.10,526.13,258.00
1997-05-08,50803.21,0.00,473.25,0.00,10.28,-3.02,488.39,226.00
1997-05-09,50803.21,2.70,299.97,0.00,12.29,3.26,780.19,220.00
1997-05-10,51082.91,2.98,342.84,0.00,16.51,4.54,844.99,212.00
1997-05-11,51148.79,0.00,327.58,0.00,10.33,2.27,723.85,195.00
1997-05-12,51148.79,0.00,422.40,0.00,17.70,6.13,937.83,179.00
1997-05-13,51494.41,1.35,467.14,0.00,19.40,5.54,906.88,171.00
1997-05-14,51494.41,0.00,438.21,0.00,14.15,2.06,710.98,160.00
1997-05-15,51494.41,0.00,371.80,0.00,15.92,6.19,934.81,150.00
1997-05-16,51839.98,0.00,469.56,0.00,15.39,2.16,712.97,140.00
1997-05-17,51839.98,1.50,362.20,0.00,11.69,1.91,701.90,132.00
1997-05-18,51840.05,3.81,411.80,0.00,14.95,-1.32,554.78,125.00
1997-05-19,52185.59,14.01,359.90,0.00,19.81,5.34,905.19,188.00
1997-05-20,52185.59,12.01,387.54,0.00,25.11,7.11,1008.45,386.00
1997-05-21,52185.59,0.00,447.52,0.00,14.93,2.25,722.29,238.00
1997-05-22,52523.80,0.00,347.25,0.00,11.30,2.43,730.55,204.00
1997-05-23,52531.21,0.00,466.53,0.00,14.26,0.96,652.50,187.00
1997-05-24,52531.21,0.00,482.22,0.00,18.96,4.41,825.72,174.00
1997-05-25,52686.43,6.23,348.76,0.00,22.21,8.94,1155.29,190.00
1997-05-26,52876.81,15.95,272.32,0.00,13.42,4.10,818.86,276.00
1997-05-27,52876.81,0.00,510.09,0.00,15.99,0.61,636.81,201.00
1997-05-28,52876.81,0.00,512.82,0.00,18.23,2.29,719.03,173.00
1997-05-29,53032.03,0.00,534.27,0.00,21.82,3.73,784.56,158.00
1997-05-30,53222.40,0.62,396.51,0.00,20.00,8.60,1127.86,153.00
1997-05-31,53222.40,0.00,314.26,0.00,18.59,10.54,1283.21,151.00
1997-06-01,53222.40,5.41,288.89,0.00,23.03,12.61,1451.68,145.00
1997-06-02,53222.47,6.18,204.38,0.00,19.23,12.52,1444.13,149.00
1997-06-03,53502.11,21.02,224.46,0.00,13.83,6.78,983.97,245.00
1997-06-04,53567.98,0.00,466.98,0.00,16.26,3.85,807.79,190.00
1997-06-05,53567.98,0.00,509.53,0.00,21.94,6.69,964.00,154.00
1997-06-06,53567.98,0.00,503.31,0.00,23.80,8.63,1098.08,139.00
1997-06-07,53567.98,0.00,433.01,0.00,21.33,9.78,1220.75,128.00
1997-06-08,53611.84,0.00,474.47,0.00,18.30,5.27,891.61,121.00
1997-06-09,53847.71,0.00,498.31,0.00,22.05,7.32,1001.85,114.00
1997-06-10,53913.61,0.00,510.35,0.00,25.84,9.52,1134.50,107.00
1997-06-11,53913.61,0.00,524.27,0.00,28.69,10.61,1189.66,103.00
1997-06-12,53913.61,0.00,460.49,0.00,27.68,13.51,1510.84,100.00
1997-06-13,53913.61,0.18,387.06,0.00,25.07,14.11,1608.68,99.00
1997-06-14,53913.61,5.96,308.92,0.00,23.64,12.09,1406.97,108.00
1997-06-15,53913.61,0.00,539.54,0.00,21.98,4.07,752.54,95.00
1997-06-16,53913.61,0.00,521.24,0.00,22.95,5.94,861.66,86.00
1997-06-17,53913.61,2.20,352.56,0.00,23.78,13.48,1545.11,82.00
1997-06-18,53913.61,3.51,308.46,0.00,24.42,13.60,1556.05,82.00
1997-06-19,53913.67,11.63,216.67,0.00,21.83,14.41,1640.96,91.00
1997-06-20,53913.67,0.00,437.45,0.00,25.38,12.82,1457.05,84.00
1997-06-21,53913.67,0.41,377.98,0.00,27.73,16.80,1886.58,76.00
1997-06-22,53913.67,0.00,383.77,0.00,29.70,18.50,2104.83,71.00
1997-06-23,53913.67,0.00,505.35,0.00,27.68,11.38,1253.58,71.00
1997-06-24,53913.67,0.03,466.67,0.00,26.74,12.62,1402.20,64.00
1997-06-25,53913.61,8.07,303.34,0.00,27.43,15.61,1768.80,56.00
1997-06-26,53913.61,17.93,317.68,0.00,30.67,17.62,2018.25,44.00
1997-06-27,53913.61,8.64,357.92,0.00,24.81,11.47,1357.03,47.00
1997-06-28,53913.61,0.00,492.31,0.00,25.23,10.17,1215.90,45.00
1997-06-29,53913.61,0.00,490.50,0.00,27.64,12.10,1359.91,39.00
1997-06-30,53913.61,0.00,476.42,0.00,27.39,12.47,1390.72,34.00
1997-07-01,53913.61,0.00,391.19,0.00,26.46,15.25,1731.04,33.00
1997-07-02,53913.61,0.00,211.63,0.00,22.80,17.28,1965.14,33.00
1997-07-03,53906.19,0.00,227.33,0.00,23.55,17.57,2009.62,33.00
1997-07-04,53723.20,0.00,411.86,0.00,26.33,14.44,1633.53,33.00
1997-07-05,53568.05,0.00,497.94,0.00,22.95,7.68,1007.86,34.00
1997-07-06,53567.98,0.00,507.17,0.00,23.72,7.77,1002.75,30.00
1997-07-07,53567.98,0.00,448.03,0.00,24.37,11.17,1300.14,27.00
1997-07-08,53567.98,4.08,380.02,0.00,25.93,10.69,1281.15,31.00
1997-07-09,53567.98,9.27,324.78,0.00,26.08,13.20,1514.90,33.00
1997-07-10,53377.61,13.40,362.60,0.00,22.77,8.07,1085.45,70.00
1997-07-11,53222.40,0.00,496.50,0.00,23.54,8.15,1075.27,56.00
1997-07-12,53222.40,0.00,479.91,0.00,25.97,11.01,1297.82,42.00
1997-07-13,53222.40,0.00,479.83,0.00,27.81,12.41,1399.55,33.00
1997-07-14,53214.98,0.00,487.02,0.00,31.17,14.45,1573.29,28.00
1997-07-15,52876.88,0.00,427.10,0.00,31.03,17.46,1968.09,24.00
1997-07-16,52876.81,3.76,402.24,0.00,31.56,17.20,1932.72,21.00
1997-07-17,52876.81,0.00,451.90,0.00,30.34,15.69,1748.38,18.00
1997-07-18,52869.40,0.00,410.80,0.00,30.84,17.86,2037.00,21.00
1997-07-19,52531.21,6.34,377.43,0.00,29.93,11.72,1379.57,27.00
1997-07-20,52531.21,0.00,507.80,0.00,23.87,6.76,966.41,26.00
1997-07-21,52531.21,0.00,434.33,0.00,25.29,11.71,1369.46,24.00
1997-07-22,52340.82,9.51,336.60,0.00,29.32,14.18,1620.07,24.00
1997-07-23,52185.59,0.00,371.84,0.00,24.09,13.18,1509.47,24.00
1997-07-24,52185.59,7.32,265.25,0.00,21.15,11.19,1335.44,35.00
1997-07-25,52119.70,3.87,154.88,0.00,18.26,12.97,1488.69,36.00
1997-07-26,51839.98,0.00,425.51,0.00,25.43,12.46,1440.31,36.00
1997-07-27,51839.98,0.00,364.49,0.00,26.91,16.09,1814.46,34.00
1997-07-28,51774.12,0.00,446.62,0.00,29.57,14.91,1693.80,31.00
1997-07-29,51494.41,2.37,403.81,0.00,26.39,12.37,1433.05,28.00
1997-07-30,51494.41,0.00,487.54,0.00,22.37,6.78,980.60,23.00
1997-07-31,51304.00,0.00,479.67,0.00,24.95,9.17,1166.17,20.00
1997-08-01,51148.79,0.00,496.74,0.00,28.02,10.12,1231.13,16.00
1997-08-02,51148.79,0.00,381.65,0.00,26.98,14.92,1703.40,15.00
1997-08-03,50803.21,0.00,369.43,0.00,27.23,15.60,1768.05,13.00
1997-08-04,50803.21,10.85,283.57,0.00,26.41,14.60,1659.96,29.00
1997-08-05,50795.79,13.60,255.68,0.00,20.10,10.39,1271.53,39.00
1997-08-06,50457.60,5.97,390.44,0.00,22.69,7.22,1017.09,32.00
1997-08-07,50457.60,0.00,470.04,0.00,22.44,7.01,1000.13,29.00
1997-08-08,50112.00,0.00,468.79,0.00,24.97,9.05,1157.92,25.00
1997-08-09,50112.00,0.00,442.87,0.00,25.43,10.75,1294.81,21.00
1997-08-10,50104.59,0.00,459.96,0.00,29.54,13.07,1487.46,17.00
1997-08-11,49766.39,0.00,402.21,0.00,28.35,15.05,1722.22,15.00
1997-08-12,49766.39,11.14,318.68,0.00,27.70,13.39,1534.89,23.00
1997-08-13,49420.81,20.68,240.03,0.00,24.29,14.78,1684.83,90.00
1997-08-14,49420.81,13.86,298.59,0.00,25.68,13.06,1498.52,114.00
1997-08-15,49075.28,0.00,410.82,0.00,23.62,10.76,1300.85,70.00
1997-08-16,49075.21,6.18,245.93,0.00,24.07,14.32,1625.56,59.00
1997-08-17,49067.80,14.66,298.98,0.00,29.40,16.14,1827.46,59.00
1997-08-18,48729.59,18.42,287.14,0.00,24.19,12.53,1444.83,105.00
1997-08-19,48729.59,0.00,477.36,0.00,22.65,6.48,961.37,88.00
1997-08-20,48383.99,0.00,401.25,0.00,22.15,9.98,1238.31,72.00
1997-08-21,48383.99,13.63,153.57,0.00,16.86,11.48,1358.56,93.00
1997-08-22,48038.40,3.16,305.29,0.00,22.33,10.67,1293.84,101.00
1997-08-23,48038.40,4.61,197.22,0.00,18.88,11.78,1382.78,89.00
1997-08-24,47692.79,0.13,400.62,0.00,20.00,7.99,1079.40,76.00
1997-08-25,47692.79,0.00,339.51,0.00,21.42,11.61,1368.77,67.00
1997-08-26,47347.27,3.89,183.92,0.00,19.26,12.57,1447.56,63.00
1997-08-27,47347.20,0.00,330.83,0.00,23.26,13.68,1574.46,57.00
1997-08-28,47156.81,10.15,237.40,0.00,24.57,15.35,1748.16,53.00
1997-08-29,47001.60,3.54,334.35,0.00,24.75,11.88,1391.97,53.00
1997-08-30,46994.19,0.00,392.22,0.00,22.13,10.48,1278.06,50.00
1997-08-31,46655.99,0.00,371.66,0.00,22.84,12.03,1402.50,47.00
1997-09-01,46655.99,10.46,252.08,0.00,24.41,14.70,1672.57,68.00
1997-09-02,46310.38,0.00,358.42,0.00,25.45,14.81,1686.02,68.00
1997-09-03,46310.38,6.36,345.17,0.00,26.35,9.66,1212.82,64.00
1997-09-04,45964.79,0.00,427.06,0.00,16.06,3.08,762.94,63.00
1997-09-05,45964.79,0.00,433.41,0.00,17.37,3.84,806.62,56.00
1997-09-06,45619.20,0.00,451.28,0.00,22.73,7.14,1010.84,49.00
1997-09-07,45619.20,0.00,386.87,0.00,23.56,11.50,1360.00,43.00
1997-09-08,45273.61,0.00,364.29,0.00,23.64,12.58,1446.73,40.00
1997-09-09,45273.61,0.00,289.34,0.00,19.27,11.44,1355.40,37.00
1997-09-10,44928.00,0.00,215.38,0.00,18.08,12.52,1445.96,41.00
1997-09-11,44928.00,21.56,118.14,0.00,17.57,13.67,1566.41,167.00
1997-09-12,44582.39,14.64,223.34,0.00,20.22,12.26,1421.61,194.00
1997-09-13,44582.39,0.00,346.00,0.00,21.01,11.36,1349.19,128.00
1997-09-14,44236.80,0.00,329.42,0.00,20.88,11.88,1390.05,103.00
1997-09-15,44236.80,0.00,403.64,0.00,21.59,9.10,1168.39,91.00
1997-09-16,43891.20,0.00,410.19,0.00,23.57,10.23,1258.20,81.00
1997-09-17,43891.20,0.00,400.09,0.00,24.19,11.15,1331.75,75.00
1997-09-18,43545.59,5.52,269.95,0.00,23.41,12.52,1441.45,76.00
1997-09-19,43545.59,0.00,415.32,0.00,23.87,9.60,1207.98,75.00
1997-09-20,43200.02,3.83,327.82,0.00,23.55,6.61,978.86,71.00
1997-09-21,43200.02,3.49,327.57,0.00,20.93,4.26,828.17,69.00
1997-09-22,42854.41,0.00,395.86,0.00,13.70,0.93,651.85,64.00
1997-09-23,42854.41,0.00,381.33,0.00,16.71,4.30,827.56,60.00
1997-09-24,42508.79,0.96,401.73,0.00,16.58,2.64,737.62,56.00
1997-09-25,42508.79,0.00,365.14,0.00,14.69,2.72,737.96,52.00
1997-09-26,42163.20,0.29,355.34,0.00,17.27,5.37,909.86,51.00
1997-09-27,42163.20,0.00,419.13,0.00,18.56,1.52,679.34,47.00
1997-09-28,41817.59,0.00,399.30,0.00,18.39,2.86,751.82,44.00
1997-09-29,41817.59,36.87,196.99,0.00,17.50,9.05,1164.21,234.00
1997-09-30,41472.02,4.30,213.60,0.00,18.95,9.53,1202.29,173.00
1997-10-01,41472.02,3.98,242.55,0.00,16.11,5.07,879.71,133.00
1997-10-02,41126.39,0.00,358.44,0.00,10.32,-2.28,519.15,111.00
1997-10-03,41126.39,1.87,373.84,0.00,14.01,-0.02,609.11,96.00
1997-10-04,40780.78,0.00,322.47,0.00,18.04,6.55,964.71,88.00
1997-10-05,40780.78,1.88,319.65,0.00,22.48,10.48,1278.62,82.00
1997-10-06,40435.20,0.00,331.25,0.00,24.30,11.27,1341.60,76.00
1997-10-07,40435.20,0.00,360.16,0.00,26.62,10.59,1287.45,70.00
1997-10-08,40089.59,0.00,328.58,0.00,24.57,11.15,1331.73,66.00
1997-10-09,40089.59,0.00,309.91,0.00,24.55,12.00,1399.69,63.00
1997-10-10,39744.00,0.00,292.40,0.00,24.91,12.99,1479.39,60.00
1997-10-11,39744.00,0.00,378.11,0.00,23.56,3.75,801.01,59.00
1997-10-12,39405.81,0.00,342.58,0.00,17.10,1.81,704.80,55.00
1997-10-13,39398.39,0.00,337.03,0.00,19.70,4.07,805.81,53.00
1997-10-14,39243.18,0.00,285.04,0.00,20.74,8.34,1107.19,50.00
1997-10-15,39052.80,4.19,242.55,0.00,17.77,3.92,812.02,49.00
1997-10-16,39052.80,0.00,315.18,0.00,13.56,-0.53,590.18,48.00
1997-10-17,38707.19,0.00,328.46,0.00,12.32,-3.02,489.68,46.00
1997-10-18,38707.19,0.00,319.05,0.00,12.46,-2.48,510.43,45.00
1997-10-19,38361.61,0.00,324.05,0.00,14.02,-1.82,535.62,43.00
1997-10-20,38361.61,0.00,296.47,0.00,13.43,-0.29,600.00,42.00
1997-10-21,38015.99,0.00,326.99,0.00,13.80,-2.86,495.59,41.00
1997-10-22,38015.99,0.00,275.49,0.00,10.43,-1.97,530.93,41.00
1997-10-23,37670.39,0.00,223.88,0.00,5.19,-4.15,450.26,40.00
1997-10-24,37670.39,0.00,174.54,0.00,4.72,-2.30,515.91,39.00
1997-10-25,37390.68,10.49,110.54,0.00,8.59,2.66,733.08,43.00
1997-10-26,37324.80,4.54,177.32,0.00,6.15,-3.95,452.60,49.00
1997-10-27,37324.73,6.08,182.18,0.00,10.17,-0.45,600.00,55.00
1997-10-28,36979.21,0.00,226.70,0.00,9.22,-0.41,593.83,61.00
1997-10-29,36979.21,0.00,244.89,0.00,7.44,-3.36,480.00,56.00
1997-10-30,36633.62,0.00,260.19,0.00,10.91,-1.35,560.00,51.00
1997-10-31,36633.62,0.00,280.76,0.00,14.25,-0.17,600.00,48.00
1997-11-01,36295.40,1.86,229.73,0.00,14.60,3.34,783.96,64.00
1997-11-02,36287.99,25.79,108.98,0.00,13.09,6.75,979.75,754.00
1997-11-03,36287.99,18.60,177.54,0.00,11.26,0.05,604.02,687.00
1997-11-04,35942.39,4.72,165.42,0.00,10.74,0.50,640.00,465.00
1997-11-05,35942.39,2.01,177.26,0.00,4.98,-3.43,475.73,374.00
1997-11-06,35604.21,0.00,243.19,0.00,9.16,-2.54,516.96,309.00
1997-11-07,35596.80,5.46,187.21,0.00,11.10,-1.44,552.22,296.00
1997-11-08,35596.80,13.93,77.73,0.00,5.95,1.64,686.08,626.00
1997-11-09,35251.20,14.43,57.93,0.00,5.76,2.70,741.32,714.00
1997-11-10,35251.20,5.37,118.90,0.00,5.68,-0.86,575.54,595.00
1997-11-11,35207.35,0.00,120.49,0.00,4.77,-0.00,609.66,467.00
1997-11-12,34905.62,2.21,190.19,0.00,4.82,-4.49,442.47,389.00
1997-11-13,34905.62,0.00,241.67,0.00,2.67,-8.35,324.48,333.00
1997-11-14,34625.88,14.94,137.63,0.00,1.63,-5.58,403.57,327.00
1997-11-15,34559.98,5.69,59.99,0.00,-1.81,-4.56,438.79,297.00
1997-11-16,34559.98,3.23,78.79,0.00,-1.11,-4.80,433.24,275.00
1997-11-17,34280.28,0.00,146.02,0.00,-0.73,-5.89,394.26,254.00
1997-11-18,34214.41,0.00,246.52,0.00,-0.04,-10.28,280.50,234.00
1997-11-19,34214.41,0.00,253.78,0.00,1.64,-9.46,290.24,219.00
1997-11-20,34059.20,0.00,235.77,0.00,4.75,-5.03,437.63,214.00
1997-11-21,33868.82,0.00,208.98,0.00,4.50,-3.61,471.15,209.00
1997-11-22,33868.82,10.37,150.85,0.00,7.15,-0.68,585.41,346.00
1997-11-23,33868.82,0.21,84.46,0.00,2.70,-0.20,602.28,400.00
1997-11-24,33530.62,2.57,172.70,0.00,3.55,-4.18,447.14,383.00
1997-11-25,33523.21,0.00,237.42,0.00,-0.19,-10.32,280.42,323.00
1997-11-26,33523.21,0.00,248.76,0.00,5.02,-6.75,365.55,300.00
1997-11-27,33523.14,2.67,162.87,0.00,8.06,0.08,607.80,350.00
1997-11-28,33185.02,1.00,194.66,0.00,4.80,-2.91,493.53,318.00
1997-11-29,33177.61,0.00,158.43,0.00,6.95,1.00,640.00,308.00
1997-11-30,33177.61,4.14,145.25,0.00,7.60,-0.32,598.47,314.00
1997-12-01,33177.61,6.75,163.44,0.00,4.39,-4.36,444.87,438.00
1997-12-02,33022.39,0.00,215.25,0.00,3.96,-5.35,412.66,360.00
1997-12-03,32831.99,0.00,222.13,0.00,3.06,-6.80,363.18,323.00
1997-12-04,32831.99,4.24,172.57,0.00,6.01,-4.76,435.70,320.00
1997-12-05,32831.99,3.30,147.87,0.00,5.24,-2.67,503.18,313.00
1997-12-06,32831.99,1.43,152.78,0.00,-0.08,-5.55,405.69,288.00
1997-12-07,32831.92,1.48,128.04,0.00,-1.93,-6.11,389.46,261.00
1997-12-08,32676.78,0.00,109.00,0.00,0.28,-3.38,473.74,243.00
1997-12-09,32493.81,0.00,223.68,0.00,1.71,-7.64,341.45,229.00
1997-12-10,32486.40,0.00,191.87,0.00,1.36,-5.95,392.35,222.00
1997-12-11,32486.40,14.66,46.25,0.00,0.15,-1.82,533.87,222.00
1997-12-12,32486.40,2.48,63.16,0.00,0.33,-2.07,528.58,213.00
1997-12-13,32486.40,0.00,153.34,0.00,-0.43,-5.86,395.87,204.00
1997-12-14,32486.40,0.00,126.67,0.00,-0.83,-5.19,419.52,197.00
1997-12-15,32486.40,0.00,237.38,0.00,1.60,-10.39,280.12,180.00
1997-12-16,32486.40,0.00,236.95,0.00,4.31,-8.43,320.02,178.00
1997-12-17,32486.40,0.00,237.56,0.00,8.82,-5.44,404.99,174.00
1997-12-18,32486.33,0.00,233.46,0.00,5.02,-7.96,327.25,167.00
1997-12-19,32486.33,0.00,216.36,0.00,4.34,-6.20,383.82,164.00
1997-12-20,32486.33,0.00,203.46,0.00,7.64,-1.93,526.88,164.00
1997-12-21,32486.33,1.16,223.99,0.00,2.74,-7.13,358.10,163.00
1997-12-22,32486.33,0.00,224.63,0.00,-0.99,-10.77,271.74,150.00
1997-12-23,32486.33,5.63,159.57,0.00,0.31,-8.37,322.80,156.00
1997-12-24,32486.40,0.00,179.20,0.00,1.38,-5.39,410.63,158.00
1997-12-25,32486.40,5.92,125.27,0.00,2.76,-3.40,476.22,203.00
1997-12-26,32486.40,0.00,92.75,0.00,3.43,0.25,618.10,256.00
1997-12-27,32486.40,0.00,133.94,0.00,2.08,-2.63,504.80,243.00
1997-12-28,32486.40,0.00,184.94,0.00,0.32,-6.56,372.12,226.00
1997-12-29,32486.40,0.00,197.94,0.00,-0.58,-8.17,327.19,209.00
1997-12-30,32486.40,19.44,85.09,0.00,-0.48,-4.40,442.38,218.00
1997-12-31,32486.40,4.52,176.41,0.00,-1.83,-11.24,258.36,201.00
1998-01-01,32486.40,0.00,264.40,0.00,-7.44,-20.47,120.54,170.00
1998-01-02,32552.27,0.00,280.27,0.00,-0.31,-17.77,158.91,190.00
1998-01-03,32788.14,0.00,226.67,0.00,8.18,-1.57,551.44,198.00
1998-01-04,32831.99,2.28,130.13,0.00,8.52,3.15,772.10,414.00
1998-01-05,32831.99,1.97,181.60,0.00,9.55,1.56,684.58,573.00
1998-01-06,32831.99,3.75,157.03,0.00,13.37,2.84,747.25,710.00
1998-01-07,32831.99,8.34,83.78,0.00,12.72,8.10,1087.82,804.00
1998-01-08,32897.87,32.94,113.10,0.00,15.75,9.15,1172.33,4630.00
1998-01-09,33177.54,17.35,143.76,0.00,15.82,6.81,984.47,3120.00
1998-01-10,33177.61,10.67,171.57,0.00,10.91,-0.91,573.44,1590.00
1998-01-11,33177.61,0.00,163.63,0.00,3.36,-3.19,483.37,1040.00
1998-01-12,33177.61,0.00,244.44,0.00,3.99,-8.65,316.11,755.00
1998-01-13,33367.98,0.76,236.29,0.00,1.88,-7.71,340.98,614.00
1998-01-14,33523.21,1.37,261.03,0.00,1.84,-11.79,250.02,486.00
1998-01-15,33523.21,0.00,219.23,0.00,-3.50,-11.37,258.11,396.00
1998-01-16,33523.21,13.39,151.52,0.00,1.00,-6.07,390.96,473.00
1998-01-17,33713.60,4.25,98.60,0.00,-0.07,-4.37,445.23,405.00
1998-01-18,33868.82,6.01,96.90,0.00,-0.59,-4.79,433.01,355.00
1998-01-19,33868.82,0.00,239.35,0.00,-0.59,-9.45,297.15,313.00
1998-01-20,33876.23,2.00,232.33,0.00,-1.14,-9.48,296.68,287.00
1998-01-21,34214.41,0.00,268.01,0.00,-1.54,-11.50,253.88,254.00
1998-01-22,34214.41,0.00,222.02,0.00,-3.59,-10.87,266.24,241.00
1998-01-23,34214.41,13.75,155.07,0.00,-0.95,-7.49,347.95,239.00
1998-01-24,34559.92,10.38,91.60,0.00,1.57,-1.91,527.57,279.00
1998-01-25,34559.98,0.00,169.69,0.00,-0.22,-5.31,413.67,253.00
1998-01-26,34559.98,0.00,228.61,0.00,-1.98,-9.16,302.76,221.00
1998-01-27,34905.62,0.00,270.62,0.00,0.50,-8.61,317.87,208.00
1998-01-28,34905.62,2.08,175.35,0.00,0.28,-5.04,427.82,205.00
1998-01-29,34905.62,0.02,280.95,0.00,1.31,-8.17,328.43,197.00
1998-01-30,35251.20,1.70,329.35,0.00,7.50,-7.16,356.84,214.00
1998-01-31,35251.20,0.00,177.07,0.00,0.89,-4.01,453.76,214.00
1998-02-01,35317.09,0.00,313.14,0.00,0.70,-9.85,285.40,193.00
1998-02-02,35596.80,0.00,339.39,0.00,5.53,-7.71,341.24,194.00
1998-02-03,35596.80,0.00,281.24,0.00,4.97,-3.74,460.92,190.00
1998-02-04,35942.39,0.00,180.87,0.00,1.21,-3.54,468.86,186.00
1998-02-05,35942.39,11.74,88.07,0.00,-0.79,-3.65,465.12,190.00
1998-02-06,35949.80,0.00,353.43,0.00,1.61,-11.36,256.90,179.00
1998-02-07,36287.99,0.00,364.30,0.00,3.59,-10.88,266.82,168.00
1998-02-08,36287.99,0.00,364.63,0.00,3.92,-10.30,281.60,163.00
1998-02-09,36633.62,0.00,364.38,0.00,5.08,-8.86,315.85,160.00
1998-02-10,36633.62,0.00,379.83,0.00,10.32,-6.94,360.00,161.00
1998-02-11,36823.99,0.00,369.46,0.00,9.88,-4.86,440.00,169.00
1998-02-12,36979.21,10.87,178.86,0.00,5.84,-0.82,574.26,406.00
1998-02-13,36979.21,4.08,203.88,0.00,4.57,-2.61,506.31,379.00
1998-02-14,37324.80,0.00,302.24,0.00,-0.43,-8.85,311.60,298.00
1998-02-15,37324.80,0.00,370.09,0.00,-3.09,-15.18,189.79,247.00
1998-02-16,37670.39,0.00,387.85,0.00,0.19,-13.79,212.36,243.00
1998-02-17,37670.39,8.88,241.59,0.00,3.00,-6.45,365.01,305.00
1998-02-18,38015.92,39.19,132.86,0.00,3.64,-0.83,576.92,4070.00
1998-02-19,38015.99,10.74,138.13,0.00,5.75,1.15,660.01,2880.00
1998-02-20,38081.87,5.70,142.72,0.00,5.70,1.11,657.98,1680.00
1998-02-21,38361.61,0.92,154.39,0.00,4.21,0.55,634.31,1190.00
1998-02-22,38361.61,0.00,181.37,0.00,4.10,-0.21,601.41,878.00
1998-02-23,38707.19,6.39,246.21,0.00,6.42,-2.64,503.93,713.00
1998-02-24,38707.19,22.30,196.34,0.00,4.81,-1.84,534.23,686.00
1998-02-25,39052.80,12.50,105.67,0.00,0.97,-2.30,518.04,604.00
1998-02-26,39052.80,0.00,343.01,0.00,6.83,-2.67,504.02,591.00
1998-02-27,39398.39,0.00,400.42,0.00,8.42,-4.71,438.61,597.00
1998-02-28,39398.39,0.00,421.42,0.00,13.16,-2.74,498.49,1440.00
1998-03-01,39744.00,21.13,213.86,0.00,9.12,1.85,708.20,2300.00
1998-03-02,39744.00,4.40,234.92,0.00,7.57,-0.35,599.46,1420.00
1998-03-03,40089.59,5.32,272.46,0.00,8.57,-1.44,552.60,1020.00
1998-03-04,40089.59,0.80,261.12,0.00,3.41,-2.78,498.86,779.00
1998-03-05,40435.20,0.75,242.19,0.00,3.05,-2.59,506.04,634.00
1998-03-06,40435.20,0.00,304.42,0.00,2.44,-4.98,427.64,521.00
1998-03-07,40780.78,0.00,347.64,0.00,5.63,-3.53,469.38,442.00
1998-03-08,40780.78,0.00,379.90,0.00,8.48,-2.25,522.82,494.00
1998-03-09,41126.39,16.00,139.32,0.00,6.36,2.12,716.91,1160.00
1998-03-10,41126.39,10.38,327.64,0.00,13.36,-3.31,480.23,1260.00
1998-03-11,41472.02,0.00,387.99,0.00,-1.64,-11.92,247.26,873.00
1998-03-12,41472.02,0.00,359.14,0.00,-4.86,-13.40,218.34,668.00
1998-03-13,41817.59,0.00,339.66,0.00,-4.39,-12.01,245.46,553.00
1998-03-14,41817.59,4.17,297.42,0.00,0.37,-8.05,331.26,490.00
1998-03-15,42163.20,1.72,325.75,0.00,0.39,-6.97,362.51,414.00
1998-03-16,42163.20,0.00,484.49,0.00,0.96,-11.35,257.27,356.00
1998-03-17,42508.79,0.00,483.60,0.00,1.40,-10.63,275.82,314.00
1998-03-18,42508.79,7.11,356.02,0.00,5.25,-6.12,385.20,305.00
1998-03-19,42854.41,4.79,182.85,0.00,3.63,-0.72,581.79,325.00
1998-03-20,42854.41,6.39,246.72,0.00,7.34,0.95,650.97,352.00
1998-03-21,43200.02,20.53,236.13,0.00,5.50,-0.50,589.44,954.00
1998-03-22,43200.02,10.08,215.31,0.00,0.61,-4.65,436.62,877.00
1998-03-23,43200.02,0.76,316.18,0.00,-1.13,-6.96,362.48,702.00
1998-03-24,43545.59,0.00,506.93,0.00,3.60,-9.29,297.41,611.00
1998-03-25,43545.59,0.00,503.34,0.00,3.81,-8.78,316.17,516.00
1998-03-26,43891.20,0.00,500.54,0.00,8.89,-4.00,446.22,478.00
1998-03-27,43891.20,0.00,485.45,0.00,19.12,4.37,834.40,455.00
1998-03-28,44236.80,0.00,454.41,0.00,23.48,8.82,1145.80,408.00
1998-03-29,44236.80,0.00,443.42,0.00,24.45,10.33,1266.01,368.00
1998-03-30,44582.39,0.00,467.59,0.00,23.86,7.84,1067.60,331.00
1998-03-31,44582.39,0.00,474.82,0.00,27.37,8.95,1156.28,299.00
1998-04-01,44928.00,0.00,460.02,0.00,27.20,10.63,1290.23,424.00
1998-04-02,44928.00,18.66,298.99,0.00,17.97,7.14,1011.07,516.00
1998-04-03,45273.61,1.30,318.06,0.00,11.91,3.85,807.08,415.00
1998-04-04,45273.61,0.00,360.43,0.00,9.42,0.63,637.30,374.00
1998-04-05,45619.20,0.00,251.65,0.00,4.21,-1.35,556.23,335.00
1998-04-06,45619.20,0.00,436.74,0.00,9.09,-2.53,509.15,300.00
1998-04-07,45964.79,0.00,500.67,0.00,11.59,-4.55,441.38,271.00
1998-04-08,45964.79,0.00,510.47,0.00,16.14,-2.21,520.97,254.00
1998-04-09,46310.38,19.82,256.61,0.00,12.63,4.24,821.20,671.00
1998-04-10,46310.38,39.39,213.91,0.00,6.10,-0.36,595.69,1600.00
1998-04-11,46655.99,0.00,476.56,0.00,9.61,-4.03,448.95,1050.00
1998-04-12,46655.99,0.00,504.42,0.00,13.32,-2.95,491.74,792.00
1998-04-13,47001.60,0.00,513.64,0.00,15.68,-2.00,527.82,634.00
1998-04-14,47001.60,0.00,492.93,0.00,18.58,2.21,719.93,532.00
1998-04-15,47347.20,2.23,363.43,0.00,17.74,7.30,1023.88,471.00
1998-04-16,47347.20,0.00,395.65,0.00,17.09,6.39,959.05,399.00
1998-04-17,47692.79,0.00,337.60,0.00,17.60,8.87,1149.53,350.00
1998-04-18,47692.79,0.34,514.97,0.00,18.70,-0.78,576.51,299.00
1998-04-19,48038.40,15.44,329.32,0.00,15.48,2.70,737.58,435.00
1998-04-20,48038.40,28.10,125.47,0.00,5.84,1.93,702.23,1180.00
1998-04-21,48318.11,0.00,455.32,0.00,13.23,-0.13,603.18,784.00
1998-04-22,48383.99,0.00,482.02,0.00,17.26,1.79,702.48,646.00
1998-04-23,48384.06,0.00,448.94,0.00,17.56,3.97,807.60,548.00
1998-04-24,48729.59,0.00,464.76,0.00,16.01,1.76,695.39,461.00
1998-04-25,48729.59,0.00,506.10,0.00,19.98,2.49,733.22,387.00
1998-04-26,49075.21,10.48,372.80,0.00,15.34,1.96,704.98,439.00
1998-04-27,49075.21,18.98,237.75,0.00,5.07,-2.86,495.22,551.00
1998-04-28,49420.81,0.00,441.79,0.00,8.98,-3.25,481.17,403.00
1998-04-29,49420.81,0.00,487.84,0.00,13.91,-0.87,575.10,359.00
1998-04-30,49576.01,0.00,521.34,0.00,21.10,3.09,767.27,333.00
1998-05-01,49766.39,1.20,311.87,0.00,18.64,10.59,1286.80,311.00
1998-05-02,49766.39,4.31,285.46,0.00,19.97,9.69,1215.34,323.00
1998-05-03,50112.00,6.49,168.79,0.00,14.81,9.36,1188.55,343.00
1998-05-04,50112.00,7.16,229.83,0.00,16.88,9.22,1177.42,311.00
1998-05-05,50450.20,11.42,216.96,0.00,18.47,11.18,1334.70,331.00
1998-05-06,50457.60,5.60,176.61,0.00,15.39,9.75,1219.79,485.00
1998-05-07,50457.60,3.05,365.91,0.00,20.31,7.67,1053.56,492.00
1998-05-08,50803.21,7.65,336.98,0.00,22.46,9.87,1229.86,518.00
1998-05-09,50803.21,14.79,91.77,0.00,14.08,11.50,1359.92,880.00
1998-05-10,51082.91,12.42,194.03,0.00,16.56,10.58,1286.06,1000.00
1998-05-11,51148.79,25.73,146.12,0.00,13.63,9.41,1193.16,1700.00
1998-05-12,51148.79,15.30,185.78,0.00,12.78,7.52,1041.60,2200.00
1998-05-13,51494.41,0.00,510.85,0.00,17.40,3.61,794.42,1500.00
1998-05-14,51494.41,0.00,554.60,0.00,23.31,4.70,856.22,1100.00
1998-05-15,51494.41,0.00,544.80,0.00,26.36,7.63,1050.36,780.00
1998-05-16,51839.98,0.00,524.11,0.00,27.74,10.42,1274.00,563.00
1998-05-17,51839.98,2.25,437.92,0.00,30.63,13.79,1581.18,472.00
1998-05-18,51840.05,0.00,526.89,0.00,26.57,9.30,1183.65,363.00
1998-05-19,52185.59,0.00,483.71,0.00,25.86,11.56,1364.79,296.00
1998-05-20,52185.59,0.00,498.74,0.00,28.33,12.30,1423.93,255.00
1998-05-21,52185.59,0.00,514.42,0.00,28.30,11.06,1324.99,219.00
1998-05-22,52523.80,0.00,497.35,0.00,20.64,6.16,937.42,192.00
1998-05-23,52531.21,0.00,507.17,0.00,15.62,1.23,661.85,174.00
1998-05-24,52531.21,0.00,560.03,0.00,21.11,1.64,686.35,157.00
1998-05-25,52686.43,2.35,458.98,0.00,23.94,8.24,1099.54,143.00
1998-05-26,52876.81,0.81,418.44,0.00,21.92,10.08,1246.16,134.00
1998-05-27,52876.81,0.00,525.74,0.00,24.53,7.28,1022.11,123.00
1998-05-28,52876.81,0.00,497.28,0.00,25.31,9.70,1216.35,114.00
1998-05-29,53032.03,0.17,468.84,0.00,26.51,12.13,1410.50,110.00
1998-05-30,53222.40,13.08,366.57,0.00,28.87,13.02,1491.13,119.00
1998-05-31,53222.40,0.54,400.42,0.00,26.28,14.76,1680.18,108.00
1998-06-01,53222.40,15.18,395.22,0.00,27.45,8.92,1153.47,182.00
1998-06-02,53222.47,0.00,471.15,0.00,18.89,5.15,887.15,132.00
1998-06-03,53502.11,14.72,389.77,0.00,23.38,5.96,934.20,129.00
1998-06-04,53567.98,0.00,441.18,0.00,14.68,2.23,720.65,109.00
1998-06-05,53567.98,0.00,463.56,0.00,16.74,2.95,755.03,97.00
1998-06-06,53567.98,0.47,460.67,0.00,16.95,3.25,773.13,91.00
1998-06-07,53567.98,0.00,473.27,0.00,16.99,2.66,742.32,86.00
1998-06-08,53611.84,3.00,241.21,0.00,13.57,4.88,866.36,83.00
1998-06-09,53847.71,0.00,421.71,0.00,16.48,4.08,814.89,80.00
1998-06-10,53913.61,0.00,420.58,0.00,20.69,7.79,1062.94,76.00
1998-06-11,53913.61,5.54,193.46,0.00,18.23,10.93,1314.54,78.00
1998-06-12,53913.61,23.53,95.76,0.00,15.54,12.29,1426.18,162.00
1998-06-13,53913.61,10.85,142.25,0.00,19.76,14.63,1665.12,180.00
1998-06-14,53913.61,10.02,243.04,0.00,22.11,13.12,1505.71,137.00
1998-06-15,53913.61,4.19,303.17,0.00,22.33,11.00,1319.96,122.00
1998-06-16,53913.61,6.33,178.28,0.00,19.21,13.11,1498.90,128.00
1998-06-17,53913.61,9.90,286.82,0.00,24.45,13.83,1581.61,132.00
1998-06-18,53913.61,8.87,302.43,0.00,24.13,13.63,1561.06,164.00
1998-06-19,53913.67,0.00,437.27,0.00,24.59,12.12,1409.72,129.00
1998-06-20,53913.67,0.00,414.86,0.00,25.82,14.20,1621.05,111.00
1998-06-21,53913.67,0.00,444.57,0.00,27.48,14.44,1646.56,101.00
1998-06-22,53913.67,0.00,405.61,0.00,28.45,16.88,1918.96,92.00
1998-06-23,53913.67,13.61,196.17,0.00,23.87,17.41,1984.24,94.00
1998-06-24,53913.67,18.14,299.28,0.00,27.16,16.43,1862.17,104.00
1998-06-25,53913.61,0.00,432.60,0.00,28.01,15.90,1800.94,108.00
1998-06-26,53913.61,7.09,323.55,0.00,30.16,18.00,2072.64,102.00
1998-06-27,53913.61,8.89,279.54,0.00,27.33,17.93,2061.82,109.00
1998-06-28,53913.61,0.00,427.90,0.00,24.81,13.76,1574.05,100.00
1998-06-29,53913.61,0.00,362.69,0.00,25.61,16.74,1900.50,90.00
1998-06-30,53913.61,12.53,275.54,0.00,27.32,18.12,2087.63,269.00
1998-07-01,53913.61,33.72,350.82,0.00,24.20,12.02,1404.00,445.00
1998-07-02,53913.61,0.00,479.13,0.00,21.92,9.67,1213.26,199.00
1998-07-03,53906.19,0.00,517.32,0.00,25.14,10.36,1269.04,142.00
1998-07-04,53723.20,0.00,498.45,0.00,26.75,12.68,1454.54,114.00
1998-07-05,53568.05,4.59,295.43,0.00,22.89,13.71,1575.50,110.00
1998-07-06,53567.98,0.00,521.81,0.00,22.85,8.31,1104.84,98.00
1998-07-07,53567.98,0.00,465.08,0.00,24.49,12.61,1449.15,86.00
1998-07-08,53567.98,5.11,278.71,0.00,23.68,15.09,1720.88,85.00
1998-07-09,53567.98,12.83,157.33,0.00,18.73,14.44,1646.61,101.00
1998-07-10,53377.61,0.00,487.90,0.00,25.82,12.86,1480.01,85.00
1998-07-11,53222.40,0.00,522.14,0.00,23.21,8.60,1127.78,71.00
1998-07-12,53222.40,0.00,517.71,0.00,23.21,8.49,1119.49,62.00
1998-07-13,53222.40,0.00,502.41,0.00,25.42,10.85,1307.88,57.00
1998-07-14,53214.98,0.00,480.85,0.00,27.48,13.49,1547.07,51.00
1998-07-15,52876.88,0.00,434.97,0.00,27.61,15.69,1778.30,46.00
1998-07-16,52876.81,1.09,343.64,0.00,26.32,17.16,1951.53,42.00
1998-07-17,52876.81,0.25,355.79,0.00,26.71,17.49,1995.63,39.00
1998-07-18,52869.40,0.00,465.60,0.00,27.57,14.13,1615.09,38.00
1998-07-19,52531.21,0.00,486.22,0.00,25.47,11.31,1345.17,34.00
1998-07-20,52531.21,9.84,301.55,0.00,27.02,16.16,1826.30,85.00
1998-07-21,52531.21,6.54,323.83,0.00,27.29,15.41,1753.89,97.00
1998-07-22,52340.82,20.33,273.57,0.00,25.92,16.59,1883.20,125.00
1998-07-23,52185.59,0.00,387.46,0.00,28.47,17.93,2059.43,76.00
1998-07-24,52185.59,13.24,359.47,0.00,26.93,12.53,1452.14,63.00
1998-07-25,52119.70,0.00,463.79,0.00,22.54,9.73,1218.03,53.00
1998-07-26,51839.98,0.00,459.14,0.00,22.84,10.14,1251.24,46.00
1998-07-27,51839.98,0.00,430.99,0.00,24.57,12.70,1455.75,39.00
1998-07-28,51774.12,0.00,427.97,0.00,25.62,13.65,1566.45,35.00
1998-07-29,51494.41,0.00,407.24,0.00,26.96,15.55,1766.19,32.00
1998-07-30,51494.41,0.00,477.85,0.00,26.56,11.82,1386.29,31.00
1998-07-31,51304.00,0.09,373.01,0.00,24.33,14.31,1625.02,28.00
1998-08-01,51148.79,0.00,514.04,0.00,23.35,6.82,986.24,26.00
1998-08-02,51148.79,0.00,500.52,0.00,23.86,8.07,1085.53,23.00
1998-08-03,50803.21,0.00,489.66,0.00,26.53,10.76,1300.62,21.00
1998-08-04,50803.21,0.00,465.59,0.00,26.87,12.22,1417.79,20.00
1998-08-05,50795.79,0.00,421.78,0.00,28.08,15.33,1746.20,19.00
1998-08-06,50457.60,0.00,396.00,0.00,28.04,16.34,1854.86,18.00
1998-08-07,50457.60,0.00,475.27,0.00,27.89,12.16,1413.88,17.00
1998-08-08,50112.00,0.00,452.98,0.00,28.56,13.61,1564.02,16.00
1998-08-09,50112.00,0.00,383.21,0.00,27.17,15.63,1774.28,16.00
1998-08-10,50104.59,11.42,263.00,0.00,27.62,17.25,1961.50,24.00
1998-08-11,49766.39,15.08,191.72,0.00,22.71,15.89,1804.25,42.00
1998-08-12,49766.39,0.00,408.37,0.00,27.56,15.18,1731.73,34.00
1998-08-13,49420.81,0.00,489.04,0.00,24.40,8.21,1097.20,27.00
1998-08-14,49420.81,0.00,454.81,0.00,25.49,11.01,1321.15,23.00
1998-08-15,49075.28,1.93,209.42,0.00,22.41,16.30,1846.51,31.00
1998-08-16,49075.21,0.00,296.60,0.00,25.16,16.85,1914.12,40.00
1998-08-17,49067.80,3.76,275.23,0.00,28.31,17.39,1983.95,29.00
1998-08-18,48729.59,4.70,174.37,0.00,21.79,15.73,1783.35,29.00
1998-08-19,48729.59,3.01,397.08,0.00,21.53,5.75,923.74,29.00
1998-08-20,48383.99,0.00,477.60,0.00,19.62,4.52,842.16,26.00
1998-08-21,48383.99,0.00,467.76,0.00,23.58,8.14,1091.45,24.00
1998-08-22,48038.40,0.18,441.60,0.00,28.46,13.22,1513.45,23.00
1998-08-23,48038.40,0.00,388.32,0.00,28.38,15.97,1809.07,22.00
1998-08-24,47692.79,0.00,333.45,0.00,27.44,17.32,1971.16,18.00
1998-08-25,47692.79,6.63,287.52,0.00,27.79,15.62,1773.85,17.00
1998-08-26,47347.27,6.14,218.34,0.00,23.91,15.59,1772.00,16.00
1998-08-27,47347.20,0.00,455.10,0.00,28.72,12.33,1431.58,16.00
1998-08-28,47156.81,0.00,451.28,0.00,27.16,11.17,1333.38,15.00
1998-08-29,47001.60,0.00,423.39,0.00,29.06,14.25,1620.21,14.00
1998-08-30,46994.19,2.81,257.97,0.00,24.04,15.08,1720.95,13.00
1998-08-31,46655.99,0.09,400.17,0.00,26.11,12.95,1487.91,13.00
1998-09-01,46655.99,0.00,456.41,0.00,24.84,8.59,1127.06,12.00
1998-09-02,46310.38,0.55,398.39,0.00,24.81,11.62,1369.26,14.00
1998-09-03,46310.38,11.56,328.92,0.00,21.59,6.81,991.41,18.00
1998-09-04,45964.79,0.00,426.56,0.00,22.75,8.41,1113.02,16.00
1998-09-05,45964.79,0.00,454.13,0.00,24.92,8.03,1082.65,14.00
1998-09-06,45619.20,0.00,440.72,0.00,25.28,9.15,1171.72,12.00
1998-09-07,45619.20,5.93,321.71,0.00,29.56,12.95,1481.16,12.00
1998-09-08,45273.61,16.05,309.28,0.00,21.48,7.26,1021.56,14.00
1998-09-09,45273.61,3.58,245.56,0.00,16.59,6.94,995.12,13.00
1998-09-10,44928.00,1.15,323.67,0.00,16.55,6.19,945.15,13.00
1998-09-11,44928.00,0.00,395.49,0.00,19.96,6.47,958.48,13.00
1998-09-12,44582.39,0.00,420.29,0.00,25.22,9.25,1180.19,12.00
1998-09-13,44582.39,0.00,416.23,0.00,29.22,12.43,1435.04,12.00
1998-09-14,44236.80,0.00,350.72,0.00,26.61,13.94,1595.73,11.00
1998-09-15,44236.80,0.00,339.85,0.00,29.28,16.48,1868.39,10.00
1998-09-16,43891.20,0.13,270.00,0.00,27.63,18.05,2082.87,9.40
1998-09-17,43891.20,0.54,246.81,0.00,22.47,13.81,1581.33,11.00
1998-09-18,43545.59,0.00,431.76,0.00,24.95,6.30,948.28,11.00
1998-09-19,43545.59,0.00,433.25,0.00,26.14,6.55,970.38,10.00
1998-09-20,43200.02,0.00,224.10,0.00,21.12,13.56,1565.11,9.60
1998-09-21,43200.02,4.58,188.34,0.00,24.56,15.81,1784.94,9.60
1998-09-22,42854.41,6.42,241.89,0.00,25.77,13.75,1574.63,11.00
1998-09-23,42854.41,6.53,315.77,0.00,19.31,2.92,754.84,10.00
1998-09-24,42508.79,0.00,381.00,0.00,14.93,0.51,632.59,9.20
1998-09-25,42508.79,0.08,393.62,0.00,17.96,1.77,694.01,12.00
1998-09-26,42163.20,1.40,166.53,0.00,16.98,10.98,1318.51,15.00
1998-09-27,42163.20,0.25,267.03,0.00,25.53,15.33,1746.05,13.00
1998-09-28,41817.59,8.34,285.47,0.00,28.06,10.80,1304.14,17.00
1998-09-29,41817.59,0.00,384.92,0.00,19.56,3.27,774.92,13.00
1998-09-30,41472.02,0.00,371.50,0.00,20.39,4.72,855.63,12.00
1998-10-01,41472.02,1.85,333.28,0.00,23.73,10.01,1240.77,14.00
1998-10-02,41126.39,0.00,368.67,0.00,15.19,-0.06,609.73,13.00
1998-10-03,41126.39,0.00,322.75,0.00,14.33,1.94,710.80,14.00
1998-10-04,40780.78,7.11,134.98,0.00,10.63,4.51,841.83,19.00
1998-10-05,40780.78,0.00,201.56,0.00,12.59,5.69,918.36,17.00
1998-10-06,40435.20,0.00,385.49,0.00,18.40,0.65,638.88,14.00
1998-10-07,40435.20,0.00,301.71,0.00,14.86,3.52,789.51,13.00
1998-10-08,40089.59,20.48,105.18,0.00,15.09,10.35,1267.65,50.00
1998-10-09,40089.59,24.07,166.21,0.00,16.19,8.35,1107.77,90.00
1998-10-10,39744.00,13.67,66.65,0.00,11.14,8.40,1111.81,82.00
1998-10-11,39744.00,0.63,133.17,0.00,13.47,8.91,1152.53,70.00
1998-10-12,39405.81,0.00,318.46,0.00,18.00,5.49,906.88,50.00
1998-10-13,39398.39,0.00,328.63,0.00,19.05,5.64,914.55,40.00
1998-10-14,39243.18,3.99,250.94,0.00,17.90,3.90,811.99,36.00
1998-10-15,39052.80,0.00,190.27,0.00,11.09,4.72,857.44,33.00
1998-10-16,39052.80,0.00,320.14,0.00,11.69,-0.93,573.06,28.00
1998-10-17,38707.19,0.00,347.16,0.00,15.73,-0.11,605.13,24.00
1998-10-18,38707.19,0.00,343.08,0.00,19.98,3.57,799.79,23.00
1998-10-19,38361.61,1.96,331.33,0.00,23.07,7.07,1005.87,22.00
1998-10-20,38361.61,0.00,315.50,0.00,17.04,3.07,765.21,21.00
1998-10-21,38015.99,0.00,278.50,0.00,14.83,3.38,789.00,21.00
1998-10-22,38015.99,5.45,195.14,0.00,9.20,-0.94,571.89,20.00
1998-10-23,37670.39,0.00,234.03,0.00,6.35,-2.35,516.67,19.00
1998-10-24,37670.39,0.00,337.37,0.00,15.25,-2.09,524.97,18.00
1998-10-25,37390.68,0.00,331.72,0.00,18.86,1.09,648.80,18.00
1998-10-26,37324.80,0.00,312.20,0.00,19.66,3.51,793.62,18.00
1998-10-27,37324.73,0.00,273.09,0.00,18.89,6.07,930.10,18.00
1998-10-28,36979.21,0.65,117.43,0.00,13.01,8.14,1091.12,18.00
1998-10-29,36979.21,3.83,207.34,0.00,16.53,3.69,799.99,18.00
1998-10-30,36633.62,0.00,275.65,0.00,9.80,-2.46,512.23,18.00
1998-10-31,36633.62,0.00,291.44,0.00,11.48,-2.47,511.93,18.00
1998-11-01,36295.40,0.00,288.81,0.00,11.83,-2.12,521.83,18.00
1998-11-02,36287.99,0.00,218.91,0.00,9.56,0.46,632.02,18.00
1998-11-03,36287.99,0.00,223.22,0.00,7.05,-2.33,517.14,18.00
1998-11-04,35942.39,0.00,283.72,0.00,6.04,-8.00,332.29,17.00
1998-11-05,35942.39,0.00,221.54,0.00,3.25,-6.10,385.21,17.00
1998-11-06,35604.21,0.00,141.47,0.00,3.93,-1.63,546.27,17.00
1998-11-07,35596.80,0.00,131.55,0.00,3.05,-2.15,524.00,17.00
1998-11-08,35596.80,3.43,94.08,0.00,4.57,0.37,627.43,17.00
1998-11-09,35251.20,0.00,97.45,0.00,4.72,0.86,641.93,17.00
1998-11-10,35251.20,4.97,147.92,0.00,6.46,-2.21,520.23,22.00
1998-11-11,35207.35,12.67,172.05,0.00,13.70,2.46,720.00,40.00
1998-11-12,34905.62,0.00,249.68,0.00,10.96,-1.76,536.67,60.00
1998-11-13,34905.62,0.00,231.43,0.00,9.48,-1.73,541.57,50.00
1998-11-14,34625.88,0.00,190.21,0.00,6.98,-1.70,543.82,40.00
1998-11-15,34559.98,0.00,248.97,0.00,12.66,-0.89,568.87,33.00
1998-11-16,34559.98,0.00,218.28,0.00,8.70,-1.90,530.01,32.00
1998-11-17,34280.28,0.97,129.67,0.00,6.26,0.74,641.47,31.00
1998-11-18,34214.41,2.01,208.23,0.00,6.33,-3.78,456.10,30.00
1998-11-19,34214.41,0.00,225.66,0.00,6.53,-4.45,440.00,29.00
1998-11-20,34059.20,0.00,160.37,0.00,7.61,0.62,638.39,29.00
1998-11-21,33868.82,8.33,137.49,0.00,6.98,-1.27,558.90,29.00
1998-11-22,33868.82,0.00,165.65,0.00,2.20,-4.94,426.88,28.00
1998-11-23,33868.82,0.00,219.66,0.00,7.65,-3.11,481.31,27.00
1998-11-24,33530.62,0.00,246.52,0.00,14.80,0.23,618.38,27.00
1998-11-25,33523.21,0.00,253.21,0.00,10.85,-4.56,440.72,32.00
1998-11-26,33523.21,5.90,161.46,0.00,7.82,-2.84,496.26,36.00
1998-11-27,33523.14,2.38,149.65,0.00,9.51,1.89,711.07,46.00
1998-11-28,33185.02,0.00,211.21,0.00,7.06,-3.50,479.90,45.00
1998-11-29,33177.61,0.00,244.14,0.00,15.41,-0.52,592.28,39.00
1998-11-30,33177.61,0.00,212.69,0.00,15.32,3.68,800.28,36.00
1998-12-01,33177.61,4.81,151.73,0.00,15.45,5.04,883.48,35.00
1998-12-02,33022.39,0.00,220.27,0.00,10.30,-1.95,524.37,33.00
1998-12-03,32831.99,0.00,227.49,0.00,14.79,0.68,640.00,31.00
1998-12-04,32831.99,0.00,203.93,0.00,15.75,4.29,823.05,28.00
1998-12-05,32831.99,3.31,144.74,0.00,18.41,8.04,1083.10,26.00
1998-12-06,32831.99,0.23,181.30,0.00,18.62,8.27,1101.78,27.00
1998-12-07,32831.92,0.00,160.64,0.00,17.71,9.06,1164.89,25.00
1998-12-08,32676.78,1.30,221.02,0.00,16.82,1.86,701.08,25.00
1998-12-09,32493.81,0.79,162.95,0.00,4.92,-3.50,469.16,25.00
1998-12-10,32486.40,0.00,208.64,0.00,6.41,-6.11,389.21,25.00
1998-12-11,32486.40,0.00,190.28,0.00,5.57,-5.16,426.11,25.00
1998-12-12,32486.40,0.00,177.83,0.00,3.67,-5.93,397.41,23.00
1998-12-13,32486.40,0.00,179.40,0.00,3.30,-6.41,372.57,21.00
1998-12-14,32486.40,0.00,212.12,0.00,5.77,-7.41,352.06,21.00
1998-12-15,32486.40,0.00,187.82,0.00,2.59,-7.87,330.14,19.00
1998-12-16,32486.40,0.00,213.60,0.00,6.54,-6.98,360.00,19.00
1998-12-17,32486.40,2.03,144.03,0.00,3.05,-4.56,440.00,19.00
1998-12-18,32486.33,1.57,183.69,0.00,1.67,-7.20,356.99,19.00
1998-12-19,32486.33,0.00,180.25,0.00,1.69,-6.85,366.27,19.00
1998-12-20,32486.33,0.41,96.29,0.00,5.07,0.19,617.26,19.00
1998-12-21,32486.33,6.88,53.45,0.00,3.99,0.60,636.41,21.00
1998-12-22,32486.33,21.64,136.86,0.00,10.36,-0.10,607.50,62.00
1998-12-23,32486.33,0.00,225.96,0.00,0.24,-14.78,196.91,114.00
1998-12-24,32486.40,0.00,133.01,0.00,-7.41,-13.83,210.95,82.00
1998-12-25,32486.40,0.00,206.85,0.00,-2.64,-14.40,202.57,64.00
1998-12-26,32486.40,0.00,193.25,0.00,-2.37,-12.81,239.92,56.00
1998-12-27,32486.40,0.00,192.42,0.00,-0.89,-11.43,245.65,45.00
1998-12-28,32486.40,0.00,185.01,0.00,0.30,-9.54,286.14,37.00
1998-12-29,32486.40,0.00,179.35,0.00,1.52,-7.71,341.43,32.00
1998-12-30,32486.40,7.01,185.16,0.00,0.69,-12.66,231.64,28.00
1998-12-31,32486.40,0.00,94.99,0.00,-9.41,-13.16,222.36,26.00
1999-01-01,32486.40,0.00,129.67,0.00,-8.12,-13.69,207.57,24.00
1999-01-02,32552.27,0.00,243.90,0.00,-7.55,-20.44,122.46,22.00
1999-01-03,32788.14,22.07,207.53,0.00,2.02,-15.99,172.46,37.00
1999-01-04,32831.99,0.00,263.39,0.00,2.20,-12.67,234.20,50.00
1999-01-05,32831.99,0.00,202.00,0.00,-8.18,-17.14,163.23,45.00
1999-01-06,32831.99,0.00,227.49,0.00,-6.98,-17.58,160.00,38.00
1999-01-07,32831.99,4.94,174.56,0.00,-5.00,-15.49,186.24,36.00
1999-01-08,32897.87,0.01,202.05,0.00,-6.06,-14.89,199.94,34.00
1999-01-09,33177.54,14.96,204.39,0.00,1.00,-13.68,211.38,36.00
1999-01-10,33177.61,11.52,223.85,0.00,0.03,-17.34,159.99,38.00
1999-01-11,33177.61,0.38,191.09,0.00,-8.19,-16.17,164.74,40.00
1999-01-12,33177.61,4.97,180.86,0.00,-3.88,-14.52,201.83,42.00
1999-01-13,33367.98,7.18,144.06,0.00,1.76,-6.01,398.11,46.00
1999-01-14,33523.21,15.55,223.03,0.00,-2.07,-17.54,159.58,47.00
1999-01-15,33523.21,25.18,214.45,0.00,-2.35,-15.49,184.95,65.00
1999-01-16,33523.21,2.11,264.51,0.00,-0.47,-14.20,202.97,67.00
1999-01-17,33713.60,0.00,277.70,0.00,3.00,-9.21,303.54,66.00
1999-01-18,33868.82,5.88,194.12,0.00,6.24,-4.64,440.00,78.00
1999-01-19,33868.82,15.13,160.93,0.00,6.69,-1.58,549.47,333.00
1999-01-20,33876.23,0.00,260.04,0.00,4.31,-6.21,381.92,213.00
1999-01-21,34214.41,0.00,290.49,0.00,5.54,-7.03,360.00,171.00
1999-01-22,34214.41,6.77,151.94,0.00,3.40,-3.99,452.77,196.00
1999-01-23,34214.41,8.99,106.04,0.00,6.36,1.38,670.41,860.00
1999-01-24,34559.92,20.48,175.41,0.00,12.67,3.55,795.82,5630.00
1999-01-25,34559.98,6.81,195.62,0.00,6.88,-2.00,530.40,2130.00
1999-01-26,34559.98,9.08,167.27,0.00,1.14,-6.71,368.81,1100.00
1999-01-27,34905.62,0.00,275.59,0.00,1.85,-8.49,321.85,722.00
1999-01-28,34905.62,1.12,261.55,0.00,5.19,-5.00,435.59,565.00
1999-01-29,34905.62,0.00,321.14,0.00,7.10,-6.29,381.20,520.00
1999-01-30,35251.20,0.00,237.99,0.00,-0.41,-8.47,319.13,394.00
1999-01-31,35251.20,0.00,340.38,0.00,-0.32,-14.73,199.06,303.00
1999-02-01,35317.09,0.00,341.22,0.00,1.74,-12.59,234.13,265.00
1999-02-02,35596.80,12.87,241.97,0.00,3.94,-8.36,324.91,490.00
1999-02-03,35596.80,0.00,270.12,0.00,4.80,-4.26,448.04,537.00
1999-02-04,35942.39,0.00,293.29,0.00,8.16,-2.09,520.00,473.00
1999-02-05,35942.39,0.00,349.73,0.00,6.56,-7.16,357.12,443.00
1999-02-06,35949.80,0.00,270.16,0.00,1.39,-7.27,353.84,379.00
1999-02-07,36287.99,0.16,211.29,0.00,3.54,-2.88,492.11,340.00
1999-02-08,36287.99,8.67,96.40,0.00,-0.19,-3.74,459.73,311.00
1999-02-09,36633.62,0.00,318.38,0.00,1.72,-8.24,323.98,269.00
1999-02-10,36633.62,0.00,317.04,0.00,6.35,-3.76,459.06,256.00
1999-02-11,36823.99,0.00,359.34,0.00,7.12,-5.20,424.32,248.00
1999-02-12,36979.21,0.00,369.26,0.00,10.50,-2.76,498.46,312.00
1999-02-13,36979.21,6.38,310.60,0.00,10.92,-6.99,361.73,368.00
1999-02-14,37324.80,2.23,279.61,0.00,-4.10,-13.60,214.83,279.00
1999-02-15,37324.80,0.00,376.45,0.00,-0.85,-12.82,231.07,247.00
1999-02-16,37670.39,0.00,415.52,0.00,6.79,-8.65,319.97,258.00
1999-02-17,37670.39,1.31,433.73,0.00,11.89,-6.38,381.01,292.00
1999-02-18,38015.92,0.00,290.95,0.00,6.52,-1.69,541.28,300.00
1999-02-19,38015.99,0.00,254.05,0.00,1.00,-5.68,401.02,262.00
1999-02-20,38081.87,0.00,330.65,0.00,-0.44,-9.48,295.75,236.00
1999-02-21,38361.61,1.32,320.38,0.00,-1.54,-10.23,281.56,214.00
1999-02-22,38361.61,0.00,375.96,0.00,-5.34,-16.05,173.72,170.00
1999-02-23,38707.19,0.00,400.33,0.00,-6.30,-18.12,150.86,170.00
1999-02-24,38707.19,0.00,415.35,0.00,-2.49,-15.17,190.06,164.00
1999-02-25,39052.80,0.00,368.44,0.00,0.27,-10.05,280.00,155.00
1999-02-26,39052.80,0.00,316.72,0.00,0.74,-7.56,349.19,150.00
1999-02-27,39398.39,0.00,420.92,0.00,4.25,-8.45,322.31,143.00
1999-02-28,39398.39,1.27,330.35,0.00,6.21,-3.37,478.87,166.00
1999-03-01,39744.00,5.25,188.24,0.00,3.72,-2.00,530.74,202.00
1999-03-02,39744.00,3.51,257.36,0.00,2.23,-4.37,444.69,174.00
1999-03-03,40089.59,0.08,379.45,0.00,6.44,-3.30,477.40,307.00
1999-03-04,40089.59,56.85,385.33,0.00,11.39,-6.70,369.49,3460.00
1999-03-05,40435.20,6.26,298.17,0.00,-2.95,-12.23,242.30,1360.00
1999-03-06,40435.20,0.30,397.05,0.00,0.51,-8.95,311.58,942.00
1999-03-07,40780.78,12.36,380.75,0.00,0.04,-13.63,212.28,652.00
1999-03-08,40780.78,0.00,487.13,0.00,-6.55,-19.13,131.17,481.00
1999-03-09,41126.39,0.00,477.96,0.00,-4.17,-16.31,166.36,409.00
1999-03-10,41126.39,0.07,364.78,0.00,-3.07,-11.24,258.23,381.00
1999-03-11,41472.02,0.00,444.85,0.00,-1.07,-11.75,248.71,325.00
1999-03-12,41472.02,0.00,347.06,0.00,-2.09,-9.61,289.43,290.00
1999-03-13,41817.59,0.00,364.03,0.00,-2.31,-10.11,284.82,258.00
1999-03-14,41817.59,0.01,476.20,0.00,1.69,-9.60,294.24,242.00
1999-03-15,42163.20,4.91,297.41,0.00,1.94,-6.28,380.94,231.00
1999-03-16,42163.20,0.00,445.69,0.00,2.56,-7.14,358.89,224.00
1999-03-17,42508.79,0.00,516.89,0.00,9.20,-3.64,468.85,291.00
1999-03-18,42508.79,0.00,524.95,0.00,15.23,1.70,696.26,653.00
1999-03-19,42854.41,0.00,518.32,0.00,9.34,-2.92,493.23,582.00
1999-03-20,42854.41,0.00,440.16,0.00,3.78,-5.27,415.16,499.00
1999-03-21,43200.02,0.00,513.89,0.00,7.25,-4.53,441.18,545.00
1999-03-22,43200.02,15.10,256.59,0.00,3.43,-3.11,485.12,556.00
1999-03-23,43200.02,0.00,301.17,0.00,1.27,-4.30,447.86,462.00
1999-03-24,43545.59,0.00,495.29,0.00,6.15,-4.43,440.00,470.00
1999-03-25,43545.59,0.00,560.62,0.00,9.95,-3.52,469.50,544.00
1999-03-26,43891.20,0.00,516.99,0.00,3.98,-7.01,361.68,472.00
1999-03-27,43891.20,0.00,555.75,0.00,6.61,-6.11,385.84,458.00
1999-03-28,44236.80,0.00,588.20,0.00,10.86,-4.03,456.05,520.00
1999-03-29,44236.80,0.00,567.12,0.00,11.79,-1.88,533.11,611.00
1999-03-30,44582.39,0.00,586.25,0.00,14.41,-0.69,581.52,681.00
1999-03-31,44582.39,0.00,591.75,0.00,14.70,-1.15,561.78,681.00
1999-04-01,44928.00,3.49,447.13,0.00,20.29,3.01,760.58,779.00
1999-04-02,44928.00,8.83,237.23,0.00,12.16,6.18,934.70,1040.00
1999-04-03,45273.61,0.00,443.16,0.00,18.40,8.76,1140.46,852.00
1999-04-04,45273.61,7.14,400.86,0.00,20.40,7.14,1011.28,802.00
1999-04-05,45619.20,0.96,555.07,0.00,10.93,-4.16,449.43,660.00
1999-04-06,45619.20,0.02,603.99,0.00,13.87,-2.34,517.80,515.00
1999-04-07,45964.79,3.02,429.39,0.00,14.39,2.08,720.00,445.00
1999-04-08,45964.79,0.00,534.92,0.00,18.01,5.03,882.57,377.00
1999-04-09,46310.38,0.09,606.71,0.00,22.00,3.94,805.36,514.00
1999-04-10,46310.38,17.92,263.91,0.00,5.57,-1.43,552.52,617.00
1999-04-11,46655.99,0.21,540.49,0.00,9.83,-2.81,496.88,482.00
1999-04-12,46655.99,5.25,164.11,0.00,4.81,0.61,637.99,524.00
1999-04-13,47001.60,0.00,534.82,0.00,10.04,-2.12,527.12,437.00
1999-04-14,47001.60,0.00,537.50,0.00,11.89,-0.65,583.10,383.00
1999-04-15,47347.20,0.00,592.86,0.00,15.22,-0.36,594.36,344.00
1999-04-16,47347.20,5.20,407.41,0.00,16.56,3.25,780.27,346.00
1999-04-17,47692.79,8.86,315.79,0.00,10.00,1.22,666.28,385.00
1999-04-18,47692.79,0.00,284.20,0.00,7.22,1.72,691.20,332.00
1999-04-19,48038.40,0.02,481.92,0.00,8.72,-1.54,548.36,293.00
1999-04-20,48038.40,3.53,361.85,0.00,9.51,-0.78,577.52,285.00
1999-04-21,48318.11,0.00,503.12,0.00,9.21,-1.78,536.95,256.00
1999-04-22,48383.99,1.70,486.23,0.00,13.37,2.34,721.12,238.00
1999-04-23,48384.06,4.07,327.61,0.00,15.41,5.98,920.22,245.00
1999-04-24,48729.59,16.18,397.06,0.00,8.68,-3.23,480.48,339.00
1999-04-25,48729.59,0.00,582.15,0.00,10.90,-3.42,475.23,261.00
1999-04-26,49075.21,0.00,612.61,0.00,15.81,-0.89,562.78,241.00
1999-04-27,49075.21,0.00,659.37,0.00,21.04,-1.46,513.79,225.00
1999-04-28,49420.81,0.00,583.58,0.00,14.26,-0.78,571.24,209.00
1999-04-29,49420.81,0.00,605.68,0.00,16.38,-0.13,595.64,196.00
1999-04-30,49576.01,0.00,585.47,0.00,16.83,1.38,659.73,183.00
1999-05-01,49766.39,0.00,623.52,0.00,19.32,1.11,631.53,172.00
1999-05-02,49766.39,0.00,615.52,0.00,21.54,3.06,713.17,161.00
1999-05-03,50112.00,0.00,619.48,0.00,22.72,3.37,724.42,152.00
1999-05-04,50112.00,0.00,525.22,0.00,20.95,7.10,978.10,145.00
1999-05-05,50450.20,0.00,536.20,0.00,24.04,9.33,1106.69,139.00
1999-05-06,50457.60,0.00,496.45,0.00,23.09,10.13,1202.01,132.00
1999-05-07,50457.60,0.00,365.69,0.00,20.74,12.11,1409.46,128.00
1999-05-08,50803.21,12.04,264.72,0.00,20.14,11.91,1392.52,142.00
1999-05-09,50803.21,13.45,305.74,0.00,17.75,8.37,1109.35,224.00
1999-05-10,51082.91,0.00,570.90,0.00,17.39,1.79,683.09,182.00
1999-05-11,51148.79,0.00,594.04,0.00,19.52,2.03,678.67,153.00
1999-05-12,51148.79,0.00,592.14,0.00,21.74,3.50,743.94,139.00
1999-05-13,51494.41,0.00,523.13,0.00,20.27,5.81,913.73,131.00
1999-05-14,51494.41,0.00,536.84,0.00,20.27,5.04,862.06,124.00
1999-05-15,51494.41,0.00,573.19,0.00,21.54,4.02,770.11,116.00
1999-05-16,51839.98,0.00,571.28,0.00,23.03,5.06,821.04,109.00
1999-05-17,51839.98,0.00,482.24,0.00,20.02,6.57,959.17,104.00
1999-05-18,51840.05,0.00,436.56,0.00,22.10,9.84,1218.43,99.00
1999-05-19,52185.59,0.00,419.97,0.00,23.61,11.69,1372.67,95.00
1999-05-20,52185.59,0.00,501.56,0.00,20.49,5.39,883.67,90.00
1999-05-21,52185.59,0.00,534.12,0.00,19.71,2.70,721.06,84.00
1999-05-22,52523.80,0.00,519.79,0.00,24.11,6.95,951.11,80.00
1999-05-23,52531.21,10.56,320.73,0.00,24.43,11.12,1329.51,81.00
1999-05-24,52531.21,7.30,195.42,0.00,19.02,11.67,1373.94,90.00
1999-05-25,52686.43,9.21,316.84,0.00,18.71,6.05,938.46,111.00
1999-05-26,52876.81,2.20,243.28,0.00,13.24,5.57,909.81,97.00
1999-05-27,52876.81,0.00,313.05,0.00,14.49,6.16,946.61,87.00
1999-05-28,52876.81,0.00,496.78,0.00,20.74,4.78,853.24,79.00
1999-05-29,53032.03,0.00,505.14,0.00,25.82,8.43,1090.27,73.00
1999-05-30,53222.40,0.00,527.66,0.00,28.15,8.51,1069.15,67.00
1999-05-31,53222.40,0.00,499.05,0.00,29.21,11.36,1301.40,62.00
1999-06-01,53222.40,0.00,459.85,0.00,28.43,13.06,1476.95,58.00
1999-06-02,53222.47,6.27,254.53,0.00,24.72,15.59,1767.52,56.00
1999-06-03,53502.11,10.21,282.33,0.00,26.21,15.01,1708.96,59.00
1999-06-04,53567.98,0.00,458.03,0.00,20.22,6.60,936.92,58.00
1999-06-05,53567.98,0.00,496.24,0.00,21.74,5.97,861.59,54.00
1999-06-06,53567.98,0.00,446.49,0.00,24.40,10.63,1176.02,50.00
1999-06-07,53567.98,0.00,445.92,0.00,28.69,14.23,1454.58,48.00
1999-06-08,53611.84,9.60,317.43,0.00,32.04,18.40,2071.29,46.00
1999-06-09,53847.71,0.00,475.88,0.00,29.94,13.63,1382.84,48.00
1999-06-10,53913.61,5.56,352.78,0.00,27.76,13.44,1515.43,53.00
1999-06-11,53913.61,0.08,321.89,0.00,24.50,15.25,1740.35,46.00
1999-06-12,53913.61,0.00,494.23,0.00,25.24,8.98,1038.15,40.00
1999-06-13,53913.61,0.00,438.94,0.00,27.74,13.86,1480.22,42.00
1999-06-14,53913.61,5.15,313.60,0.00,26.95,14.03,1604.13,44.00
1999-06-15,53913.61,6.08,319.51,0.00,22.75,10.23,1258.15,46.00
1999-06-16,53913.61,0.00,525.61,0.00,21.11,3.72,738.72,43.00
1999-06-17,53913.61,11.63,331.22,0.00,20.06,7.05,1003.97,49.00
1999-06-18,53913.61,21.75,198.07,0.00,12.15,5.47,906.36,72.00
1999-06-19,53913.67,0.00,488.41,0.00,20.16,5.17,879.97,68.00
1999-06-20,53913.67,0.00,454.11,0.00,22.34,8.81,1135.40,58.00
1999-06-21,53913.67,0.00,456.53,0.00,22.76,9.21,1147.79,51.00
1999-06-22,53913.67,0.00,490.07,0.00,24.16,8.73,1079.72,49.00
1999-06-23,53913.67,0.00,474.28,0.00,26.46,11.24,1276.21,49.00
1999-06-24,53913.67,0.00,462.07,0.00,26.56,11.86,1339.28,46.00
1999-06-25,53913.61,0.00,407.83,0.00,26.47,13.98,1578.69,44.00
1999-06-26,53913.61,0.00,369.61,0.00,26.78,15.62,1770.68,42.00
1999-06-27,53913.61,0.00,440.78,0.00,31.19,16.50,1803.24,38.00
1999-06-28,53913.61,18.76,266.57,0.00,29.87,18.90,2183.95,135.00
1999-06-29,53913.61,11.81,198.97,0.00,27.19,19.64,2289.46,105.00
1999-06-30,53913.61,4.81,385.20,0.00,26.11,8.69,1135.40,84.00
1999-07-01,53913.61,0.02,440.60,0.00,24.41,11.34,1349.07,66.00
1999-07-02,53913.61,5.37,211.02,0.00,25.16,17.40,1984.19,98.00
1999-07-03,53906.19,0.90,373.75,0.00,27.86,16.25,1839.09,82.00
1999-07-04,53723.20,0.00,362.98,0.00,30.07,19.16,2225.13,61.00
1999-07-05,53568.05,0.00,386.36,0.00,32.92,20.75,2438.70,50.00
1999-07-06,53567.98,0.00,421.13,0.00,33.34,19.63,2268.85,42.00
1999-07-07,53567.98,4.40,380.38,0.00,32.29,13.96,1594.42,38.00
1999-07-08,53567.98,0.00,449.50,0.00,27.38,13.48,1538.68,33.00
1999-07-09,53567.98,3.63,338.16,0.00,24.93,12.86,1479.66,31.00
1999-07-10,53377.61,13.95,336.65,0.00,27.69,13.82,1583.09,44.00
1999-07-11,53222.40,0.00,516.26,0.00,24.19,7.06,985.64,42.00
1999-07-12,53222.40,0.00,492.06,0.00,23.05,7.63,1036.08,36.00
1999-07-13,53222.40,0.00,443.92,0.00,23.87,10.67,1289.23,37.00
1999-07-14,53214.98,0.00,435.24,0.00,25.27,12.24,1418.54,32.00
1999-07-15,52876.88,0.00,434.62,0.00,25.32,12.25,1416.18,27.00
1999-07-16,52876.81,0.00,431.04,0.00,29.15,15.68,1756.13,25.00
1999-07-17,52876.81,0.00,444.08,0.00,31.73,17.17,1888.06,22.00
1999-07-18,52869.40,0.00,432.87,0.00,31.42,17.23,1912.99,20.00
1999-07-19,52531.21,0.00,423.30,0.00,32.20,18.28,2059.43,19.00
1999-07-20,52531.21,4.92,277.00,0.00,27.30,16.38,1857.20,20.00
1999-07-21,52531.21,0.00,447.16,0.00,26.73,12.77,1454.11,18.00
1999-07-22,52340.82,6.79,307.15,0.00,24.86,15.59,1768.98,20.00
1999-07-23,52185.59,0.00,408.75,0.00,28.61,16.19,1828.40,20.00
1999-07-24,52185.59,0.03,406.68,0.00,31.45,18.66,2092.29,19.00
1999-07-25,52119.70,7.14,383.00,0.00,30.13,15.68,1729.58,18.00
1999-07-26,51839.98,14.62,364.52,0.00,30.86,13.61,1555.22,25.00
1999-07-27,51839.98,0.00,392.07,0.00,27.98,16.14,1822.91,28.00
1999-07-28,51774.12,0.00,472.57,0.00,30.61,14.38,1586.05,22.00
1999-07-29,51494.41,0.00,432.99,0.00,30.71,16.29,1823.91,18.00
1999-07-30,51494.41,0.37,436.61,0.00,30.42,15.85,1770.43,17.00
1999-07-31,51304.00,5.69,316.47,0.00,30.05,16.18,1830.87,22.00
1999-08-01,51148.79,7.74,298.39,0.00,32.57,19.10,2216.13,36.00
1999-08-02,51148.79,0.00,490.55,0.00,30.19,12.11,1383.96,26.00
1999-08-03,50803.21,0.00,504.92,0.00,28.45,9.41,1159.91,21.00
1999-08-04,50803.21,0.00,454.96,0.00,26.19,10.69,1290.86,18.00
1999-08-05,50795.79,2.60,363.72,0.00,28.56,13.91,1590.70,15.00
1999-08-06,50457.60,0.00,443.92,0.00,25.39,10.60,1287.36,14.00
1999-08-07,50457.60,0.00,486.52,0.00,26.82,9.14,1148.51,12.00
1999-08-08,50112.00,2.44,374.52,0.00,28.60,13.95,1582.17,12.00
1999-08-09,50112.00,0.07,445.00,0.00,24.48,9.36,1178.69,14.00
1999-08-10,50104.59,0.00,409.79,0.00,21.77,8.81,1144.77,11.00
1999-08-11,49766.39,0.00,329.79,0.00,21.96,12.05,1404.24,11.00
1999-08-12,49766.39,0.00,426.91,0.00,27.95,13.31,1520.80,9.10
1999-08-13,49420.81,0.00,425.27,0.00,29.38,14.46,1634.68,8.50
1999-08-14,49420.81,8.83,247.75,0.00,29.17,18.31,2104.92,14.00
1999-08-15,49075.28,14.77,304.23,0.00,27.14,13.46,1542.21,16.00
1999-08-16,49075.21,0.00,472.64,0.00,25.08,8.01,1079.11,12.00
1999-08-17,49067.80,0.00,449.20,0.00,28.26,11.87,1388.03,11.00
1999-08-18,48729.59,0.00,423.68,0.00,29.79,14.43,1643.40,10.00
1999-08-19,48729.59,0.00,364.49,0.00,23.64,11.88,1390.37,10.00
1999-08-20,48383.99,19.32,270.93,0.00,25.43,13.57,1561.51,26.00
1999-08-21,48383.99,29.32,144.85,0.00,17.34,11.77,1381.51,39.00
1999-08-22,48038.40,5.26,254.42,0.00,17.86,9.39,1190.84,34.00
1999-08-23,48038.40,0.00,416.94,0.00,23.52,9.41,1193.07,26.00
1999-08-24,47692.79,0.00,410.20,0.00,26.48,12.22,1417.22,20.00
1999-08-25,47692.79,0.00,323.56,0.00,23.80,13.65,1563.69,18.00
1999-08-26,47347.27,12.71,245.58,0.00,24.62,14.20,1620.89,19.00
1999-08-27,47347.20,6.94,177.89,0.00,23.76,16.58,1881.38,24.00
1999-08-28,47156.81,0.17,332.09,0.00,24.67,14.11,1613.16,21.00
1999-08-29,47001.60,0.00,389.91,0.00,27.58,14.34,1633.36,19.00
1999-08-30,46994.19,0.00,456.65,0.00,22.74,6.40,955.36,17.00
1999-08-31,46655.99,0.00,453.99,0.00,21.44,5.27,894.15,14.00
1999-09-01,46655.99,0.00,460.65,0.00,24.54,7.19,1015.22,13.00
1999-09-02,46310.38,0.00,473.49,0.00,28.86,9.09,1167.49,12.00
1999-09-03,46310.38,0.00,476.85,0.00,30.20,9.20,1176.26,9.60
1999-09-04,45964.79,0.00,419.52,0.00,29.59,13.36,1534.94,8.50
1999-09-05,45964.79,0.01,373.01,0.00,28.47,15.02,1713.17,7.90
1999-09-06,45619.20,7.96,175.04,0.00,25.50,18.00,2070.57,10.00
1999-09-07,45619.20,83.12,220.61,0.00,27.54,17.77,2036.01,1240.00
1999-09-08,45273.61,22.65,175.93,0.00,22.88,15.70,1783.70,301.00
1999-09-09,45273.61,0.00,325.08,0.00,24.93,14.39,1640.29,167.00
1999-09-10,44928.00,13.31,252.54,0.00,26.27,14.95,1702.33,149.00
1999-09-11,44928.00,0.00,442.67,0.00,24.96,7.64,1050.99,125.00
1999-09-12,44582.39,0.00,426.36,0.00,23.59,7.58,1046.64,101.00
1999-09-13,44582.39,0.00,422.45,0.00,25.17,8.79,1143.06,87.00
1999-09-14,44236.80,8.21,223.80,0.00,23.45,13.60,1567.97,97.00
1999-09-15,44236.80,6.60,195.81,0.00,18.25,10.28,1262.78,131.00
1999-09-16,43891.20,21.36,181.14,0.00,16.80,9.68,1214.51,800.00
1999-09-17,43891.20,49.64,118.94,0.00,13.19,8.82,1145.69,1850.00
1999-09-18,43545.59,0.00,373.40,0.00,18.02,5.84,922.76,626.00
1999-09-19,43545.59,0.00,387.85,0.00,20.56,7.14,1011.03,391.00
1999-09-20,43200.02,0.01,354.95,0.00,21.34,9.26,1181.06,304.00
1999-09-21,43200.02,11.38,261.04,0.00,19.33,7.57,1045.61,341.00
1999-09-22,42854.41,5.78,178.51,0.00,10.00,3.90,810.29,283.00
1999-09-23,42854.41,0.00,350.32,0.00,13.75,2.44,730.14,231.00
1999-09-24,42508.79,0.00,420.55,0.00,20.67,3.62,796.08,200.00
1999-09-25,42508.79,0.00,412.10,0.00,21.22,4.35,837.36,177.00
1999-09-26,42163.20,0.00,385.33,0.00,19.20,4.34,828.81,159.00
1999-09-27,42163.20,0.00,378.85,0.00,21.63,6.51,967.08,148.00
1999-09-28,41817.59,1.08,122.64,0.00,17.96,13.87,1590.06,145.00
1999-09-29,41817.59,8.75,92.70,0.00,19.47,15.85,1795.17,150.00
1999-09-30,41472.02,34.08,207.60,0.00,19.06,9.87,1229.42,1970.00
1999-10-01,41472.02,0.00,351.28,0.00,16.14,3.70,800.00,946.00
1999-10-02,41126.39,0.00,387.51,0.00,19.01,3.67,797.19,561.00
1999-10-03,41126.39,0.00,347.63,0.00,20.08,7.53,1042.26,424.00
1999-10-04,40780.78,14.04,197.14,0.00,15.19,7.01,1001.01,534.00
1999-10-05,40780.78,0.00,256.08,0.00,11.14,3.49,788.39,445.00
1999-10-06,40435.20,0.00,296.75,0.00,9.78,0.44,630.63,367.00
1999-10-07,40435.20,0.00,401.92,0.00,14.42,-3.07,488.18,317.00
1999-10-08,40089.59,0.00,326.27,0.00,8.92,-2.30,521.12,281.00
1999-10-09,40089.59,5.91,259.59,0.00,13.11,0.11,617.48,273.00
1999-10-10,39744.00,10.43,174.83,0.00,17.98,10.14,1250.84,311.00
1999-10-11,39744.00,4.83,190.13,0.00,17.61,9.68,1214.37,344.00
1999-10-12,39405.81,0.00,364.87,0.00,16.46,1.31,666.30,282.00
1999-10-13,39398.39,0.00,355.32,0.00,16.26,1.80,698.22,258.00
1999-10-14,39243.18,10.93,267.42,0.00,17.75,2.27,723.95,323.00
1999-10-15,39052.80,0.00,314.16,0.00,9.45,-2.16,523.65,293.00
1999-10-16,39052.80,0.00,344.49,0.00,13.72,-0.89,574.79,261.00
1999-10-17,38707.19,0.00,277.51,0.00,16.25,5.48,912.14,243.00
1999-10-18,38707.19,0.16,325.69,0.00,20.00,5.32,901.64,230.00
1999-10-19,38361.61,0.07,343.66,0.00,10.97,-4.67,435.50,211.00
1999-10-20,38361.61,1.93,294.45,0.00,10.78,-1.08,566.10,203.00
1999-10-21,38015.99,0.00,284.56,0.00,10.71,-0.71,579.83,198.00
1999-10-22,38015.99,0.00,272.60,0.00,11.08,0.04,603.72,192.00
1999-10-23,37670.39,4.97,187.84,0.00,11.60,1.71,693.22,188.00
1999-10-24,37670.39,1.05,146.84,0.00,6.63,1.27,666.85,177.00
1999-10-25,37390.68,0.00,210.98,0.00,8.03,0.34,626.08,164.00
1999-10-26,37324.80,0.00,277.44,0.00,12.16,0.69,639.66,152.00
1999-10-27,37324.73,0.00,300.25,0.00,14.42,0.97,640.36,145.00
1999-10-28,36979.21,0.00,278.17,0.00,8.12,-3.59,465.69,136.00
1999-10-29,36979.21,0.00,297.91,0.00,13.13,-1.19,560.00,130.00
1999-10-30,36633.62,0.00,322.37,0.00,22.40,2.08,719.46,124.00
1999-10-31,36633.62,0.00,301.71,0.00,21.02,3.87,805.17,120.00
1999-11-01,36295.40,0.00,293.32,0.00,19.85,3.60,798.75,117.00
1999-11-02,36287.99,0.01,241.52,0.00,17.36,5.81,918.76,114.00
1999-11-03,36287.99,17.30,209.58,0.00,15.93,0.83,645.08,194.00
1999-11-04,35942.39,0.00,156.49,0.00,4.86,-1.78,539.86,167.00
1999-11-05,35942.39,0.00,249.17,0.00,9.32,-2.98,482.14,143.00
1999-11-06,35604.21,0.00,278.03,0.00,15.01,-0.65,587.68,132.00
1999-11-07,35596.80,0.00,267.26,0.00,14.00,-0.75,579.76,126.00
1999-11-08,35596.80,0.00,221.32,0.00,6.22,-4.38,443.87,120.00
1999-11-09,35251.20,0.00,221.28,0.00,8.60,-2.39,519.26,116.00
1999-11-10,35251.20,0.00,238.02,0.00,18.29,4.91,872.72,117.00
1999-11-11,35207.35,7.08,204.11,0.00,16.75,-0.36,596.92,112.00
1999-11-12,34905.62,0.00,194.10,0.00,4.18,-5.29,414.89,107.00
1999-11-13,34905.62,0.00,145.22,0.00,7.12,0.28,621.97,102.00
1999-11-14,34625.88,0.00,189.52,0.00,12.13,2.59,727.72,101.00
1999-11-15,34559.98,0.00,237.04,0.00,11.87,-1.39,554.81,98.00
1999-11-16,34559.98,0.00,186.03,0.00,2.77,-6.27,383.74,95.00
1999-11-17,34280.28,0.00,153.18,0.00,0.75,-6.34,380.76,90.00
1999-11-18,34214.41,0.00,205.29,0.00,3.11,-7.17,360.00,85.00
1999-11-19,34214.41,0.00,228.02,0.00,7.57,-4.91,439.98,80.00
1999-11-20,34059.20,0.00,236.17,0.00,14.88,0.70,641.26,79.00
1999-11-21,33868.82,3.55,145.93,0.00,10.84,1.08,651.75,79.00
1999-11-22,33868.82,2.95,168.20,0.00,15.01,3.42,790.87,79.00
1999-11-23,33868.82,0.00,108.74,0.00,14.80,9.19,1175.15,78.00
1999-11-24,33530.62,0.00,84.54,0.00,14.72,10.40,1272.07,77.00
1999-11-25,33523.21,11.56,162.27,0.00,15.24,2.11,713.63,81.00
1999-11-26,33523.21,27.40,110.67,0.00,9.69,2.15,714.57,1430.00
1999-11-27,33523.14,28.16,153.38,0.00,14.08,2.07,710.74,2880.00
1999-11-28,33185.02,0.00,203.25,0.00,9.93,-1.59,545.30,1260.00
1999-11-29,33177.61,0.00,177.12,0.00,5.16,-3.92,452.17,842.00
1999-11-30,33177.61,2.19,204.31,0.00,2.20,-8.27,325.86,637.00
1999-12-01,33177.61,0.00,216.55,0.00,-2.24,-12.23,242.18,516.00
1999-12-02,33022.39,0.00,219.41,0.00,-1.17,-11.48,252.71,441.00
1999-12-03,32831.99,0.00,255.42,0.00,4.34,-9.72,291.07,400.00
1999-12-04,32831.99,1.86,174.02,0.00,9.83,0.93,640.19,378.00
1999-12-05,32831.99,0.00,160.86,0.00,12.05,3.59,800.00,348.00
1999-12-06,32831.99,3.93,131.15,0.00,15.77,6.16,932.92,341.00
1999-12-07,32831.92,0.00,196.32,0.00,10.81,-0.03,608.28,318.00
1999-12-08,32676.78,0.00,194.18,0.00,4.00,-6.32,374.45,284.00
1999-12-09,32493.81,0.00,224.16,0.00,8.26,-5.85,398.76,265.00
1999-12-10,32486.40,0.00,210.32,0.00,10.09,-2.44,519.90,256.00
1999-12-11,32486.40,1.31,146.46,0.00,5.57,-1.53,555.83,249.00
1999-12-12,32486.40,0.00,198.21,0.00,4.80,-5.99,393.19,230.00
1999-12-13,32486.40,5.57,131.98,0.00,4.59,-3.87,450.17,223.00
1999-12-14,32486.40,16.52,64.91,0.00,2.42,-1.51,548.72,507.00
1999-12-15,32486.40,29.17,59.18,0.00,2.50,-0.96,571.50,909.00
1999-12-16,32486.40,5.75,80.33,0.00,4.38,-0.37,597.68,707.00
1999-12-17,32486.40,0.00,158.82,0.00,1.71,-5.75,398.35,595.00
1999-12-18,32486.33,0.00,157.73,0.00,1.47,-5.87,395.14,516.00
1999-12-19,32486.33,0.00,161.21,0.00,-0.09,-7.52,344.94,452.00
1999-12-20,32486.33,0.34,197.44,0.00,4.90,-5.29,416.90,469.00
1999-12-21,32486.33,9.23,165.33,0.00,5.92,-5.52,406.01,657.00
1999-12-22,32486.33,0.00,114.85,0.00,-1.58,-6.13,383.93,502.00
1999-12-23,32486.33,0.00,177.31,0.00,-1.38,-9.02,316.73,444.00
1999-12-24,32486.40,0.27,235.19,0.00,-2.84,-15.76,177.44,402.00
1999-12-25,32486.40,0.00,202.06,0.00,-5.93,-15.10,191.73,345.00
1999-12-26,32486.40,0.00,163.27,0.00,-4.78,-11.68,243.52,343.00
1999-12-27,32486.40,0.00,114.75,0.00,-2.86,-7.35,352.26,326.00
1999-12-28,32486.40,1.74,247.86,0.00,-3.81,-16.12,171.67,290.00
1999-12-29,32486.40,0.00,203.54,0.00,-6.18,-14.45,200.45,276.00
1999-12-30,32486.40,0.00,220.96,0.00,1.88,-7.70,342.27,262.00
1999-12-31,32486.40,0.00,218.31,0.00,2.66,-6.69,369.03,249.00
2000-01-01,32486.40,0.00,241.12,0.00,5.12,-6.95,360.00,231.00
2000-01-02,32552.27,4.72,188.92,0.00,7.90,-4.89,440.00,223.00
2000-01-03,32788.14,3.11,163.87,0.00,12.13,3.14,771.58,231.00
2000-01-04,32831.99,13.29,111.22,0.00,12.75,6.23,938.49,379.00
2000-01-05,32831.99,6.05,220.08,0.00,12.61,-5.75,399.50,400.00
2000-01-06,32831.99,0.00,174.04,0.00,-2.21,-9.37,295.21,304.00
2000-01-07,32831.99,0.00,186.44,0.00,1.21,-6.59,368.00,288.00
2000-01-08,32897.87,0.00,237.19,0.00,3.21,-7.77,339.78,275.00
2000-01-09,33177.54,0.00,197.80,0.00,2.73,-5.61,405.56,268.00
2000-01-10,33177.61,7.58,165.07,0.00,7.52,-2.29,520.00,347.00
2000-01-11,33177.61,13.88,85.78,0.00,5.01,0.50,640.00,533.00
2000-01-12,33177.61,0.00,185.01,0.00,5.82,-1.76,539.56,410.00
2000-01-13,33367.98,5.71,145.38,0.00,3.51,-4.39,440.00,389.00
2000-01-14,33523.21,4.72,210.13,0.00,-3.67,-17.41,159.75,328.00
2000-01-15,33523.21,0.00,227.93,0.00,-8.40,-17.66,157.19,310.00
2000-01-16,33523.21,0.00,276.17,0.00,-1.61,-14.66,199.69,290.00
2000-01-17,33713.60,0.00,316.24,0.00,3.27,-19.70,126.70,260.00
2000-01-18,33868.82,0.00,197.91,0.00,-13.75,-21.15,119.97,250.00
2000-01-19,33868.82,0.00,243.17,0.00,-10.21,-19.91,126.33,240.00
2000-01-20,33876.23,3.79,186.82,0.00,-3.21,-13.29,216.06,230.00
2000-01-21,34214.41,5.95,224.36,0.00,-4.23,-18.36,148.37,220.00
2000-01-22,34214.41,0.00,231.93,0.00,-12.63,-21.28,120.00,200.00
2000-01-23,34214.41,0.00,264.84,0.00,-9.19,-19.58,128.60,190.00
2000-01-24,34559.92,0.00,149.03,0.00,-5.72,-10.82,280.00,170.00
2000-01-25,34559.98,0.00,289.40,0.00,-0.63,-12.72,236.14,160.00
2000-01-26,34559.98,7.18,78.86,0.00,-8.14,-11.51,252.32,150.00
2000-01-27,34905.62,1.48,289.24,0.00,-6.45,-18.67,138.75,140.00
2000-01-28,34905.62,0.00,232.46,0.00,-11.15,-19.12,131.96,140.00
2000-01-29,34905.62,0.00,301.83,0.00,-7.17,-19.06,124.38,150.00
2000-01-30,35251.20,0.00,332.36,0.00,-2.61,-17.22,160.00,169.00
2000-01-31,35251.20,7.36,195.19,0.00,-0.98,-9.96,280.02,171.00
2000-02-01,35317.09,0.00,150.77,0.00,-3.71,-8.25,325.71,151.00
2000-02-02,35596.80,0.00,267.26,0.00,-2.95,-11.71,250.31,136.00
2000-02-03,35596.80,0.08,272.59,0.00,-4.99,-13.93,200.00,128.00
2000-02-04,35942.39,0.57,202.99,0.00,-4.84,-10.71,271.21,130.00
2000-02-05,35942.39,0.83,322.14,0.00,0.15,-11.05,264.27,125.00
2000-02-06,35949.80,0.00,286.12,0.00,-2.23,-11.26,255.84,119.00
2000-02-07,36287.99,0.00,287.56,0.00,0.70,-8.26,326.27,116.00
2000-02-08,36287.99,0.00,392.41,0.00,1.01,-18.48,145.61,110.00
2000-02-09,36633.62,0.00,377.62,0.00,-1.86,-17.44,160.12,111.00
2000-02-10,36633.62,0.00,346.36,0.00,4.98,-7.89,332.48,110.00
2000-02-11,36823.99,0.59,291.58,0.00,5.37,-4.14,440.00,112.00
2000-02-12,36979.21,0.00,392.23,0.00,3.47,-13.98,209.12,113.00
2000-02-13,36979.21,0.00,298.21,0.00,-4.00,-13.38,213.77,105.00
2000-02-14,37324.80,21.61,199.58,0.00,0.11,-7.77,336.65,172.00
2000-02-15,37324.80,6.83,221.67,0.00,1.80,-6.97,361.93,258.00
2000-02-16,37670.39,0.00,292.15,0.00,0.72,-7.44,348.16,211.00
2000-02-17,37670.39,0.00,390.99,0.00,3.73,-9.57,293.79,189.00
2000-02-18,38015.92,3.25,245.67,0.00,-2.51,-9.49,295.75,176.00
2000-02-19,38015.99,15.39,124.63,0.00,-2.09,-6.11,386.49,176.00
2000-02-20,38081.87,0.00,176.03,0.00,-3.20,-7.31,352.53,167.00
2000-02-21,38361.61,0.27,316.91,0.00,-0.95,-8.96,308.69,160.00
2000-02-22,38361.61,0.00,382.97,0.00,2.62,-8.10,326.67,157.00
2000-02-23,38707.19,0.00,378.87,0.00,8.10,-2.73,502.81,188.00
2000-02-24,38707.19,0.00,375.87,0.00,10.60,-0.01,600.09,301.00
2000-02-25,39052.80,3.00,295.30,0.00,13.29,1.36,669.08,714.00
2000-02-26,39052.80,0.00,369.48,0.00,12.04,1.71,695.08,1040.00
2000-02-27,39398.39,2.65,136.84,0.00,5.81,2.43,729.83,1310.00
2000-02-28,39398.39,12.82,270.40,0.00,8.75,-0.65,583.40,3110.00
2000-02-29,39744.00,0.00,405.84,0.00,6.23,-4.72,434.40,1530.00
2000-03-01,39744.00,0.05,455.59,0.00,10.30,-4.36,442.55,1050.00
2000-03-02,40089.59,3.88,265.39,0.00,8.87,-0.01,600.00,874.00
2000-03-03,40089.59,1.86,244.73,0.00,1.82,-4.33,446.83,653.00
2000-03-04,40435.20,0.00,417.67,0.00,5.35,-5.82,400.66,541.00
2000-03-05,40435.20,0.00,459.65,0.00,9.63,-4.38,444.16,471.00
2000-03-06,40780.78,0.00,438.45,0.00,9.95,-2.53,510.59,412.00
2000-03-07,40780.78,0.00,458.71,0.00,10.68,-3.18,480.02,367.00
2000-03-08,41126.39,0.00,496.11,0.00,19.38,0.07,610.12,348.00
2000-03-09,41126.39,0.00,489.53,0.00,24.10,4.65,851.83,333.00
2000-03-10,41472.02,6.30,382.69,0.00,21.22,-1.29,559.88,322.00
2000-03-11,41472.02,0.00,199.30,0.00,2.08,-2.34,516.64,342.00
2000-03-12,41817.59,16.79,167.40,0.00,3.73,-1.20,564.06,651.00
2000-03-13,41817.59,1.87,327.33,0.00,0.39,-8.10,331.66,495.00
2000-03-14,42163.20,0.00,457.22,0.00,4.82,-7.06,359.86,443.00
2000-03-15,42163.20,0.00,441.74,0.00,10.06,-1.49,558.79,413.00
2000-03-16,42508.79,0.02,493.26,0.00,16.70,1.41,672.91,412.00
2000-03-17,42508.79,17.91,402.95,0.00,13.67,-5.80,397.67,1160.00
2000-03-18,42854.41,0.00,417.31,0.00,-2.48,-12.40,239.38,708.00
2000-03-19,42854.41,0.00,474.98,0.00,3.70,-8.81,313.30,625.00
2000-03-20,43200.02,0.00,372.11,0.00,5.39,-3.38,474.66,549.00
2000-03-21,43200.02,13.30,323.42,0.00,10.84,-0.39,595.70,748.00
2000-03-22,43200.02,21.27,164.74,0.00,5.89,1.02,655.83,1440.00
2000-03-23,43545.59,0.00,432.76,0.00,13.32,2.11,710.90,945.00
2000-03-24,43545.59,0.00,484.11,0.00,12.68,-0.85,572.91,756.00
2000-03-25,43891.20,0.07,517.48,0.00,18.05,1.43,676.00,636.00
2000-03-26,43891.20,2.42,452.07,0.00,19.74,2.22,720.00,582.00
2000-03-27,44236.80,0.00,511.39,0.00,12.76,-2.69,504.59,484.00
2000-03-28,44236.80,7.46,339.55,0.00,13.61,0.96,642.18,506.00
2000-03-29,44582.39,1.58,419.26,0.00,10.88,-0.80,578.82,437.00
2000-03-30,44582.39,0.57,150.87,0.00,4.20,0.82,641.69,383.00
2000-03-31,44928.00,0.00,442.79,0.00,7.26,-4.21,440.00,342.00
2000-04-01,44928.00,0.00,518.19,0.00,12.16,-3.48,475.73,310.00
2000-04-02,45273.61,0.00,504.83,0.00,16.31,0.83,644.01,289.00
2000-04-03,45273.61,9.24,158.43,0.00,13.62,8.42,1113.75,301.00
2000-04-04,45619.20,38.34,287.72,0.00,18.68,8.51,1120.74,1450.00
2000-04-05,45619.20,3.33,406.86,0.00,11.60,-2.88,494.75,952.00
2000-04-06,45964.79,3.56,328.59,0.00,6.98,-3.40,474.99,732.00
2000-04-07,45964.79,0.08,548.56,0.00,18.37,-0.17,604.92,588.00
2000-04-08,46310.38,11.68,323.47,0.00,12.86,1.71,695.88,667.00
2000-04-09,46310.38,25.63,441.99,0.00,15.78,-6.05,389.68,1360.00
2000-04-10,46655.99,1.18,389.12,0.00,4.94,-4.73,433.36,986.00
2000-04-11,46655.99,0.00,421.61,0.00,8.16,-2.06,528.76,823.00
2000-04-12,47001.60,0.00,388.68,0.00,7.41,-1.74,539.94,692.00
2000-04-13,47001.60,0.00,432.04,0.00,5.37,-5.07,429.08,570.00
2000-04-14,47347.20,0.00,500.69,0.00,9.95,-3.27,481.09,493.00
2000-04-15,47347.20,0.00,513.59,0.00,16.53,2.18,718.08,434.00
2000-04-16,47692.79,0.00,488.96,0.00,21.72,8.04,1083.31,396.00
2000-04-17,47692.79,8.53,439.97,0.00,21.48,3.40,781.73,586.00
2000-04-18,48038.40,13.89,159.11,0.00,6.84,2.31,722.73,2080.00
2000-04-19,48038.40,13.07,147.30,0.00,6.17,2.01,707.88,1880.00
2000-04-20,48318.11,0.02,423.71,0.00,13.47,3.39,783.18,1200.00
2000-04-21,48383.99,8.74,225.08,0.00,13.57,6.77,982.01,1070.00
2000-04-22,48384.06,10.20,150.60,0.00,8.50,4.27,828.87,1180.00
2000-04-23,48729.59,4.95,214.28,0.00,7.23,1.24,666.53,894.00
2000-04-24,48729.59,0.00,378.60,0.00,8.41,0.25,618.45,712.00
2000-04-25,49075.21,0.00,550.31,0.00,15.72,0.58,635.50,575.00
2000-04-26,49075.21,0.00,542.33,0.00,14.18,-0.18,604.77,484.00
2000-04-27,49420.81,0.03,501.88,0.00,12.60,0.46,628.94,419.00
2000-04-28,49420.81,0.52,397.52,0.00,10.72,1.90,700.77,376.00
2000-04-29,49576.01,0.00,539.17,0.00,15.78,1.03,644.15,326.00
2000-04-30,49766.39,0.00,549.46,0.00,19.29,3.00,759.45,285.00
2000-05-01,49766.39,0.00,531.33,0.00,15.26,0.52,639.90,252.00
2000-05-02,50112.00,4.62,391.06,0.00,19.64,4.91,872.98,242.00
2000-05-03,50112.00,0.00,526.10,0.00,16.04,0.94,643.28,215.00
2000-05-04,50450.20,0.00,523.03,0.00,21.00,4.93,872.76,196.00
2000-05-05,50457.60,1.59,449.30,0.00,23.10,10.48,1278.11,182.00
2000-05-06,50457.60,0.00,480.12,0.00,27.08,12.00,1400.27,172.00
2000-05-07,50803.21,0.00,465.57,0.00,28.09,13.65,1572.17,161.00
2000-05-08,50803.21,0.00,474.52,0.00,29.70,14.29,1623.44,155.00
2000-05-09,51082.91,0.00,441.08,0.00,27.82,14.80,1688.28,146.00
2000-05-10,51148.79,0.01,455.66,0.00,29.44,15.32,1745.72,158.00
2000-05-11,51148.79,13.01,422.02,0.00,25.67,6.43,960.77,197.00
2000-05-12,51494.41,19.45,373.07,0.00,23.23,7.54,1043.24,150.00
2000-05-13,51494.41,3.66,316.10,0.00,23.12,12.64,1451.13,143.00
2000-05-14,51494.41,13.99,412.91,0.00,25.96,4.78,860.13,167.00
2000-05-15,51839.98,0.00,519.42,0.00,17.60,1.32,666.75,137.00
2000-05-16,51839.98,0.00,514.03,0.00,16.23,0.41,626.96,122.00
2000-05-17,51840.05,0.00,497.81,0.00,17.76,2.85,751.94,113.00
2000-05-18,52185.59,0.01,431.92,0.00,21.35,8.94,1155.07,112.00
2000-05-19,52185.59,32.77,364.31,0.00,24.39,8.59,1127.60,382.00
2000-05-20,52185.59,6.64,104.56,0.00,8.99,5.79,922.89,309.00
2000-05-21,52523.80,1.21,165.68,0.00,9.95,6.04,938.98,257.00
2000-05-22,52531.21,4.97,181.36,0.00,14.43,8.40,1112.33,318.00
2000-05-23,52531.21,10.48,83.56,0.00,12.53,10.10,1248.01,421.00
2000-05-24,52686.43,21.06,183.80,0.00,17.06,10.88,1310.44,1790.00
2000-05-25,52876.81,9.92,325.77,0.00,22.14,9.77,1221.45,1710.00
2000-05-26,52876.81,0.00,437.26,0.00,19.90,7.77,1061.80,858.00
2000-05-27,52876.81,0.00,493.19,0.00,20.61,5.75,923.85,515.00
2000-05-28,53032.03,0.00,458.05,0.00,16.82,3.95,813.61,368.00
2000-05-29,53222.40,0.00,282.71,0.00,16.16,9.15,1172.17,286.00
2000-05-30,53222.40,0.00,449.12,0.00,17.15,4.98,873.54,229.00
2000-05-31,53222.40,0.00,477.44,0.00,20.04,6.38,954.19,190.00
2000-06-01,53222.47,0.00,469.63,0.00,23.59,9.86,1228.45,166.00
2000-06-02,53502.11,0.31,472.25,0.00,26.14,11.60,1371.23,150.00
2000-06-03,53567.98,5.79,402.49,0.00,27.88,8.63,1130.41,156.00
2000-06-04,53567.98,0.00,466.53,0.00,18.27,5.27,896.12,128.00
2000-06-05,53567.98,6.65,335.36,0.00,20.29,7.92,1073.76,149.00
2000-06-06,53567.98,18.16,97.24,0.00,11.17,8.45,1115.62,268.00
2000-06-07,53611.84,5.98,197.61,0.00,12.56,6.64,971.89,228.00
2000-06-08,53847.71,0.00,479.28,0.00,21.14,7.96,1077.02,163.00
2000-06-09,53913.61,0.00,478.45,0.00,23.28,9.85,1227.64,136.00
2000-06-10,53913.61,0.00,444.14,0.00,26.37,14.10,1607.86,118.00
2000-06-11,53913.61,0.00,447.39,0.00,28.96,16.16,1825.10,123.00
2000-06-12,53913.61,18.69,316.99,0.00,30.12,18.12,2089.58,306.00
2000-06-13,53913.61,9.45,242.39,0.00,22.18,14.67,1672.91,433.00
2000-06-14,53913.61,9.28,153.69,0.00,17.87,13.56,1553.73,347.00
2000-06-15,53913.61,1.13,226.36,0.00,18.64,13.72,1570.03,304.00
2000-06-16,53913.61,6.60,264.90,0.00,22.41,14.69,1673.75,369.00
2000-06-17,53913.61,8.20,254.44,0.00,26.38,18.68,2148.54,309.00
2000-06-18,53913.67,8.67,340.56,0.00,24.29,13.47,1544.81,345.00
2000-06-19,53913.67,11.74,262.06,0.00,16.40,9.28,1182.49,430.00
2000-06-20,53913.67,0.00,497.01,0.00,21.67,9.09,1167.47,306.00
2000-06-21,53913.67,0.03,468.21,0.00,25.85,13.71,1570.42,275.00
2000-06-22,53913.67,15.09,258.36,0.00,24.25,16.42,1861.85,424.00
2000-06-23,53913.67,0.00,477.57,0.00,25.35,12.55,1448.04,294.00
2000-06-24,53913.61,0.00,472.60,0.00,24.33,11.93,1394.70,235.00
2000-06-25,53913.61,0.00,398.00,0.00,26.26,16.38,1857.14,200.00
2000-06-26,53913.61,13.39,274.31,0.00,28.10,19.14,2219.10,190.00
2000-06-27,53913.61,7.49,259.01,0.00,26.94,18.81,2170.57,232.00
2000-06-28,53913.61,4.70,350.80,0.00,23.29,11.43,1354.60,244.00
2000-06-29,53913.61,0.00,480.65,0.00,23.92,11.43,1354.69,224.00
2000-06-30,53913.61,0.00,491.33,0.00,22.76,9.97,1237.71,190.00
2000-07-01,53913.61,0.00,507.77,0.00,22.52,8.92,1153.43,158.00
2000-07-02,53906.19,0.00,478.20,0.00,24.35,11.93,1394.01,135.00
2000-07-03,53723.20,0.00,468.86,0.00,25.67,13.67,1568.88,119.00
2000-07-04,53568.05,2.33,233.05,0.00,21.82,16.51,1873.83,116.00
2000-07-05,53567.98,0.00,507.81,0.00,26.67,12.62,1456.32,100.00
2000-07-06,53567.98,0.00,550.96,0.00,25.35,7.81,1064.85,90.00
2000-07-07,53567.98,0.00,531.33,0.00,23.63,7.89,1071.46,85.00
2000-07-08,53567.98,0.00,533.92,0.00,22.71,6.93,994.04,80.00
2000-07-09,53377.61,0.00,489.57,0.00,23.09,9.87,1229.41,75.00
2000-07-10,53222.40,4.21,266.30,0.00,23.69,15.33,1745.74,75.00
2000-07-11,53222.40,0.00,507.53,0.00,26.58,11.71,1377.88,70.00
2000-07-12,53222.40,0.00,522.29,0.00,23.99,8.63,1130.58,60.00
2000-07-13,53214.98,0.00,488.72,0.00,23.97,10.38,1270.18,60.00
2000-07-14,52876.88,0.02,449.84,0.00,24.33,12.24,1420.65,70.00
2000-07-15,52876.81,8.14,309.88,0.00,25.76,14.68,1668.89,75.00
2000-07-16,52876.81,9.03,221.98,0.00,20.72,13.67,1563.96,90.00
2000-07-17,52869.40,0.00,401.68,0.00,23.63,13.19,1512.33,70.00
2000-07-18,52531.21,0.00,353.19,0.00,23.55,14.64,1663.49,65.00
2000-07-19,52531.21,0.00,489.17,0.00,25.03,10.40,1271.81,60.00
2000-07-20,52531.21,0.00,368.23,0.00,19.23,10.18,1254.13,55.00
2000-07-21,52340.82,0.00,464.90,0.00,23.08,10.07,1245.37,50.00
2000-07-22,52185.59,5.24,343.78,0.00,23.00,10.21,1256.52,55.00
2000-07-23,52185.59,0.00,460.80,0.00,21.20,8.45,1116.17,50.00
2000-07-24,52119.70,0.00,433.66,0.00,22.36,10.60,1287.95,45.00
2000-07-25,51839.98,0.00,383.99,0.00,22.83,12.76,1464.34,40.00
2000-07-26,51839.98,0.00,441.51,0.00,24.00,11.56,1366.20,35.00
2000-07-27,51774.12,0.44,290.04,0.00,21.33,14.08,1609.81,34.00
2000-07-28,51494.41,0.15,367.95,0.00,24.60,14.65,1665.31,33.00
2000-07-29,51494.41,11.79,302.16,0.00,26.57,15.75,1784.50,35.00
2000-07-30,51304.00,17.58,189.20,0.00,23.21,16.94,1922.93,45.00
2000-07-31,51148.79,11.90,154.41,0.00,23.92,18.87,2179.83,100.00
2000-08-01,51148.79,14.26,213.12,0.00,26.67,19.48,2268.45,120.00
2000-08-02,50803.21,6.48,273.08,0.00,26.97,17.45,1990.47,110.00
2000-08-03,50803.21,9.21,267.10,0.00,26.76,17.41,1985.36,110.00
2000-08-04,50795.79,0.00,441.41,0.00,24.43,12.35,1434.42,90.00
2000-08-05,50457.60,0.00,489.03,0.00,22.44,8.41,1113.18,75.00
2000-08-06,50457.60,0.00,482.79,0.00,23.89,9.92,1233.52,55.00
2000-08-07,50112.00,14.36,243.75,0.00,21.30,13.61,1562.03,95.00
2000-08-08,50112.00,0.00,374.99,0.00,25.76,16.25,1836.76,100.00
2000-08-09,50104.59,0.00,359.28,0.00,27.47,18.19,2095.85,75.00
2000-08-10,49766.39,1.56,402.09,0.00,27.82,15.49,1761.34,65.00
2000-08-11,49766.39,4.95,306.01,0.00,25.41,15.20,1731.79,60.00
2000-08-12,49420.81,4.07,323.81,0.00,23.26,12.12,1411.54,55.00
2000-08-13,49420.81,0.00,345.62,0.00,20.63,12.69,1460.32,50.00
2000-08-14,49075.28,0.00,400.79,0.00,22.42,12.63,1455.19,47.00
2000-08-15,49075.21,0.00,424.54,0.00,23.64,12.67,1459.10,45.00
2000-08-16,49067.80,0.00,462.66,0.00,27.55,13.86,1585.26,40.00
2000-08-17,48729.59,0.00,465.74,0.00,23.56,10.28,1262.80,38.00
2000-08-18,48729.59,0.00,378.79,0.00,19.15,10.11,1248.46,35.00
2000-08-19,48383.99,0.00,320.58,0.00,17.93,10.61,1289.04,32.00
2000-08-20,48383.99,0.00,498.33,0.00,21.83,6.76,981.96,30.00
2000-08-21,48038.40,0.00,502.32,0.00,19.15,4.12,821.08,28.00
2000-08-22,48038.40,0.00,485.00,0.00,20.58,6.32,949.86,25.00
2000-08-23,47692.79,0.02,452.20,0.00,23.71,10.72,1297.25,30.00
2000-08-24,47692.79,11.98,227.14,0.00,21.89,14.52,1652.00,38.00
2000-08-25,47347.27,0.00,473.90,0.00,24.67,10.00,1239.62,32.00
2000-08-26,47347.20,0.00,462.43,0.00,24.38,10.19,1255.11,26.00
2000-08-27,47156.81,0.00,445.41,0.00,24.84,11.35,1348.36,24.00
2000-08-28,47001.60,0.00,363.48,0.00,24.30,14.46,1644.27,24.00
2000-08-29,46994.19,4.42,283.63,0.00,25.63,15.16,1725.23,23.00
2000-08-30,46655.99,0.00,286.61,0.00,23.65,16.10,1821.71,21.00
2000-08-31,46655.99,0.00,338.93,0.00,25.26,15.81,1793.46,20.00
2000-09-01,46310.38,4.69,255.31,0.00,26.11,17.69,2025.79,24.00
2000-09-02,46310.38,0.00,237.77,0.00,26.00,19.53,2280.64,22.00
2000-09-03,45964.79,2.75,303.85,0.00,28.34,17.05,1939.58,25.00
2000-09-04,45964.79,0.00,363.00,0.00,27.78,16.99,1920.16,30.00
2000-09-05,45619.20,0.00,499.56,0.00,24.17,3.85,807.97,30.00
2000-09-06,45619.20,0.00,465.67,0.00,17.23,1.89,700.89,27.00
2000-09-07,45273.61,0.00,492.14,0.00,22.14,2.20,718.66,26.00
2000-09-08,45273.61,0.00,422.47,0.00,21.14,7.24,1019.57,19.00
2000-09-09,44928.00,0.00,415.18,0.00,24.62,10.42,1273.71,15.00
2000-09-10,44928.00,0.00,360.62,0.00,26.69,14.87,1690.95,14.00
2000-09-11,44582.39,0.00,334.53,0.00,26.74,15.95,1808.44,12.00
2000-09-12,44582.39,13.41,85.65,0.00,20.64,18.01,2070.55,12.00
2000-09-13,44236.80,28.78,270.99,0.00,24.75,12.92,1480.80,21.00
2000-09-14,44236.80,0.00,420.31,0.00,21.01,6.31,949.92,25.00
2000-09-15,43891.20,8.99,302.30,0.00,21.90,7.93,1074.36,23.00
2000-09-16,43891.20,6.86,281.11,0.00,17.92,5.98,932.48,20.00
2000-09-17,43545.59,0.00,369.38,0.00,15.39,3.69,800.44,17.00
2000-09-18,43545.59,0.00,384.12,0.00,19.84,6.62,969.76,13.00
2000-09-19,43200.02,0.00,386.66,0.00,22.17,8.41,1112.90,12.00
2000-09-20,43200.02,0.00,322.20,0.00,20.00,9.69,1215.49,11.00
2000-09-21,42854.41,3.43,300.75,0.00,25.54,10.27,1261.79,10.00
2000-09-22,42854.41,0.00,379.13,0.00,17.57,4.51,841.52,10.00
2000-09-23,42508.79,0.00,365.65,0.00,18.51,5.80,925.75,11.00
2000-09-24,42508.79,4.17,180.56,0.00,18.57,11.09,1326.92,12.00
2000-09-25,42163.20,0.17,340.80,0.00,14.95,3.67,799.14,14.00
2000-09-26,42163.20,5.17,237.46,0.00,14.04,4.01,813.17,18.00
2000-09-27,41817.59,8.08,249.87,0.00,12.65,1.86,698.99,22.00
2000-09-28,41817.59,0.00,385.46,0.00,17.95,3.43,791.57,24.00
2000-09-29,41472.02,0.00,391.33,0.00,11.26,-3.43,473.89,23.00
2000-09-30,41472.02,0.00,417.01,0.00,15.65,-2.71,501.25,21.00
2000-10-01,41126.39,0.00,376.41,0.00,17.66,2.38,720.56,20.00
2000-10-02,41126.39,0.00,362.93,0.00,19.71,4.72,856.65,18.00
2000-10-03,40780.78,0.00,343.39,0.00,21.78,7.55,1044.20,16.00
2000-10-04,40780.78,0.01,382.95,0.00,23.75,5.26,893.20,16.00
2000-10-05,40435.20,8.95,216.30,0.00,18.15,7.16,1013.16,20.00
2000-10-06,40435.20,24.13,110.85,0.00,14.23,9.21,1177.19,58.00
2000-10-07,40089.59,1.92,307.55,0.00,15.45,2.34,724.09,44.00
2000-10-08,40089.59,3.89,260.85,0.00,10.30,-2.82,498.42,28.00
2000-10-09,39744.00,0.00,337.47,0.00,8.29,-4.76,431.98,22.00
2000-10-10,39744.00,0.97,237.51,0.00,5.46,-3.18,483.19,18.00
2000-10-11,39405.81,0.00,290.14,0.00,10.68,-0.07,606.93,16.00
2000-10-12,39398.39,0.00,348.35,0.00,16.68,0.95,645.03,15.00
2000-10-13,39243.18,0.00,371.24,0.00,21.45,1.50,680.19,14.00
2000-10-14,39052.80,0.00,361.97,0.00,22.45,2.94,755.14,16.00
2000-10-15,39052.80,0.00,334.85,0.00,22.83,6.00,920.32,20.00
2000-10-16,38707.19,0.00,230.06,0.00,19.41,9.82,1225.90,22.00
2000-10-17,38707.19,9.28,153.81,0.00,14.81,6.66,982.36,27.00
2000-10-18,38361.61,25.95,52.79,0.00,10.92,8.60,1127.89,94.00
2000-10-19,38361.61,2.23,261.52,0.00,15.57,2.90,753.39,65.00
2000-10-20,38015.99,0.00,336.51,0.00,16.18,-1.10,565.58,41.00
2000-10-21,38015.99,0.00,351.05,0.00,20.16,-0.91,574.00,33.00
2000-10-22,37670.39,0.00,349.92,0.00,22.32,-0.28,600.16,28.00
2000-10-23,37670.39,0.00,325.86,0.00,14.17,-3.45,472.65,24.00
2000-10-24,37390.68,0.00,328.18,0.00,16.15,-3.02,489.75,22.00
2000-10-25,37324.80,0.00,181.49,0.00,15.38,7.16,1012.43,20.00
2000-10-26,37324.73,0.00,264.83,0.00,20.19,6.39,956.34,20.00
2000-10-27,36979.21,0.00,274.84,0.00,19.85,4.94,872.08,19.00
2000-10-28,36979.21,0.27,294.56,0.00,21.03,3.56,791.21,19.00
2000-10-29,36633.62,0.00,227.46,0.00,7.46,-3.43,475.32,18.00
2000-10-30,36633.62,0.00,239.30,0.00,8.76,-2.93,492.30,18.00
2000-10-31,36295.40,0.00,239.68,0.00,10.07,-1.79,535.24,17.00
2000-11-01,36287.99,0.00,252.86,0.00,10.60,-2.42,517.39,16.00
2000-11-02,36287.99,0.00,277.16,0.00,13.77,-1.92,527.67,15.00
2000-11-03,35942.39,0.00,277.51,0.00,15.89,-0.28,600.35,14.00
2000-11-04,35942.39,0.00,256.80,0.00,16.54,2.01,720.00,14.00
2000-11-05,35604.21,0.00,189.66,0.00,10.58,1.02,642.82,15.00
2000-11-06,35596.80,0.00,211.43,0.00,6.87,-3.99,445.10,16.00
2000-11-07,35596.80,0.00,240.97,0.00,9.65,-3.68,465.36,15.00
2000-11-08,35251.20,0.00,268.46,0.00,14.63,-2.28,518.62,15.00
2000-11-09,35251.20,3.96,207.61,0.00,18.05,3.54,790.59,18.00
2000-11-10,35207.35,14.22,53.68,0.00,12.65,9.11,1168.41,41.00
2000-11-11,34905.62,12.86,89.88,0.00,9.61,3.59,793.01,68.00
2000-11-12,34905.62,0.00,85.69,0.00,4.98,0.99,654.23,49.00
2000-11-13,34625.88,0.00,73.63,0.00,3.29,0.04,611.74,39.00
2000-11-14,34559.98,1.57,130.08,0.00,6.54,0.48,630.45,35.00
2000-11-15,34559.98,0.00,208.70,0.00,8.10,-2.63,505.10,33.00
2000-11-16,34280.28,0.00,142.09,0.00,1.36,-5.30,417.17,30.00
2000-11-17,34214.41,0.00,155.32,0.00,3.38,-4.18,447.14,29.00
2000-11-18,34214.41,0.76,104.31,0.00,3.14,-1.73,540.15,27.00
2000-11-19,34059.20,0.00,151.39,0.00,0.98,-6.13,385.74,25.00
2000-11-20,33868.82,0.00,177.88,0.00,1.47,-6.95,360.00,23.00
2000-11-21,33868.82,0.00,134.42,0.00,0.44,-5.42,410.14,23.00
2000-11-22,33868.82,1.08,178.71,0.00,-1.86,-8.85,310.42,20.00
2000-11-23,33530.62,1.38,205.59,0.00,-4.38,-12.45,236.49,18.00
2000-11-24,33523.21,0.00,227.79,0.00,-3.69,-13.14,220.63,14.00
2000-11-25,33523.21,0.00,227.88,0.00,-0.17,-9.73,284.94,15.00
2000-11-26,33523.14,11.67,180.82,0.00,6.40,-4.48,441.06,28.00
2000-11-27,33185.02,5.66,93.24,0.00,7.66,2.54,733.67,77.00
2000-11-28,33177.61,0.00,52.02,0.00,3.70,1.86,700.20,74.00
2000-11-29,33177.61,0.00,109.65,0.00,3.84,-0.47,590.96,65.00
2000-11-30,33177.61,2.28,110.24,0.00,3.12,-1.49,550.92,64.00
2000-12-01,33022.39,0.00,98.70,0.00,-0.47,-4.13,449.02,60.00
2000-12-02,32831.99,0.00,215.92,0.00,-0.50,-10.09,284.05,55.00
2000-12-03,32831.99,0.00,221.45,0.00,-3.33,-13.24,216.79,43.00
2000-12-04,32831.99,0.00,237.71,0.00,-0.72,-12.67,240.00,36.00
2000-12-05,32831.99,0.00,248.32,0.00,4.50,-10.83,269.89,38.00
2000-12-06,32831.92,1.21,240.77,0.00,0.60,-9.58,290.49,37.00
2000-12-07,32676.78,0.00,120.27,0.00,-6.60,-10.50,278.77,34.00
2000-12-08,32493.81,4.45,121.25,0.00,-4.21,-9.40,295.69,36.00
2000-12-09,32486.40,1.93,205.03,0.00,-2.87,-9.93,281.01,32.00
2000-12-10,32486.40,0.00,240.54,0.00,-3.10,-12.51,240.00,27.00
2000-12-11,32486.40,0.00,190.30,0.00,-1.21,-7.78,337.34,30.00
2000-12-12,32486.40,8.80,142.52,0.00,3.06,-3.68,467.20,59.00
2000-12-13,32486.40,0.00,263.79,0.00,-1.60,-14.50,202.21,57.00
2000-12-14,32486.40,15.45,195.91,0.00,-1.27,-13.91,210.68,71.00
2000-12-15,32486.40,0.00,219.92,0.00,0.72,-7.78,338.09,67.00
2000-12-16,32486.40,0.02,200.45,0.00,-0.74,-8.09,331.59,102.00
2000-12-17,32486.33,30.37,189.21,0.00,10.60,-2.10,520.00,2640.00
2000-12-18,32486.33,8.46,211.46,0.00,7.99,-9.78,288.79,1240.00
2000-12-19,32486.33,0.09,193.77,0.00,-4.00,-11.34,255.70,698.00
2000-12-20,32486.33,7.83,132.62,0.00,-4.51,-10.92,270.89,496.00
2000-12-21,32486.33,0.00,203.01,0.00,-5.90,-13.63,200.63,320.00
2000-12-22,32486.33,0.00,179.14,0.00,-5.35,-11.91,240.00,270.00
2000-12-23,32486.40,0.00,264.00,0.00,-6.03,-18.97,135.10,230.00
2000-12-24,32486.40,0.00,248.19,0.00,-5.52,-16.55,167.93,200.00
2000-12-25,32486.40,0.00,237.00,0.00,-4.50,-14.58,201.10,180.00
2000-12-26,32486.40,0.00,174.94,0.00,-9.52,-15.80,176.86,160.00
2000-12-27,32486.40,0.00,167.63,0.00,-5.85,-11.84,247.83,140.00
2000-12-28,32486.40,0.00,227.27,0.00,-5.46,-14.77,196.45,120.00
2000-12-29,32486.40,0.00,197.54,0.00,-8.65,-16.21,163.92,119.00
2000-12-30,32486.40,0.00,212.33,0.00,-6.99,-15.42,188.64,113.00
2000-12-31,32486.40,0.00,204.94,0.00,-7.82,-15.81,176.28,104.00
2001-01-01,32486.40,0.00,173.76,0.00,-4.60,-10.81,270.34,94.00
2001-01-02,32552.27,0.00,247.11,0.00,-3.03,-13.89,206.71,83.00
2001-01-03,32788.14,0.00,170.48,0.00,-6.75,-12.78,236.49,80.00
2001-01-04,32831.99,0.00,216.96,0.00,-3.54,-11.86,248.46,75.00
2001-01-05,32831.99,0.36,197.69,0.00,-2.54,-9.86,282.57,71.00
2001-01-06,32831.99,5.86,145.44,0.00,-2.05,-8.60,316.25,70.00
2001-01-07,32831.99,0.00,160.66,0.00,-1.33,-6.77,360.00,69.00
2001-01-08,32897.87,0.00,109.49,0.00,-0.34,-3.90,447.82,68.00
2001-01-09,33177.54,3.09,233.79,0.00,-0.12,-11.35,256.85,67.00
2001-01-10,33177.61,0.25,234.53,0.00,-2.13,-11.06,262.48,65.00
2001-01-11,33177.61,0.00,194.99,0.00,-0.32,-7.01,360.33,62.00
2001-01-12,33177.61,0.00,274.77,0.00,4.31,-8.02,320.00,61.00
2001-01-13,33367.98,0.00,259.69,0.00,1.62,-8.78,320.00,59.00
2001-01-14,33523.21,0.00,274.61,0.00,3.14,-8.58,320.00,58.00
2001-01-15,33523.21,1.52,207.39,0.00,2.57,-4.45,439.93,58.00
2001-01-16,33523.21,0.04,89.32,0.00,1.57,-1.14,561.69,59.00
2001-01-17,33713.60,0.00,133.68,0.00,2.23,-1.94,532.10,58.00
2001-01-18,33868.82,0.00,104.16,0.00,-0.64,-3.79,457.86,58.00
2001-01-19,33868.82,5.64,65.35,0.00,-0.38,-2.97,491.50,58.00
2001-01-20,33876.23,5.82,136.74,0.00,-0.05,-5.81,399.05,57.00
2001-01-21,34214.41,6.57,155.06,0.00,-5.10,-11.47,254.12,55.00
2001-01-22,34214.41,0.00,274.58,0.00,-3.17,-12.87,232.69,48.00
2001-01-23,34214.41,0.00,305.57,0.00,-1.16,-13.50,200.51,44.00
2001-01-24,34559.92,0.00,300.03,0.00,0.56,-11.00,280.00,55.00
2001-01-25,34559.98,0.00,251.06,0.00,2.07,-6.01,399.45,53.00
2001-01-26,34559.98,0.00,288.23,0.00,-2.80,-12.71,233.05,42.00
2001-01-27,34905.62,0.85,295.68,0.00,-1.14,-11.43,256.56,52.00
2001-01-28,34905.62,0.19,282.92,0.00,-0.45,-9.74,291.55,49.00
2001-01-29,34905.62,0.00,298.65,0.00,-1.39,-11.48,248.96,43.00
2001-01-30,35251.20,5.34,284.97,0.00,1.89,-11.46,255.24,51.00
2001-01-31,35251.20,10.23,137.00,0.00,3.38,-1.62,544.24,61.00
2001-02-01,35317.09,0.00,104.29,0.00,2.83,0.21,615.93,63.00
2001-02-02,35596.80,0.00,188.50,0.00,2.11,-2.86,491.40,61.00
2001-02-03,35596.80,0.00,336.59,0.00,0.88,-11.03,263.50,59.00
2001-02-04,35942.39,0.00,283.82,0.00,-3.66,-11.73,249.68,55.00
2001-02-05,35942.39,0.75,240.29,0.00,0.10,-6.29,381.45,59.00
2001-02-06,35949.80,2.10,142.96,0.00,1.11,-3.06,486.82,57.00
2001-02-07,36287.99,0.07,138.97,0.00,1.09,-2.31,518.80,57.00
2001-02-08,36287.99,0.00,317.67,0.00,2.18,-7.14,356.61,56.00
2001-02-09,36633.62,2.71,251.89,0.00,4.65,-4.04,454.58,56.00
2001-02-10,36633.62,2.72,286.58,0.00,11.23,-1.04,561.89,150.00
2001-02-11,36823.99,0.00,315.79,0.00,-1.91,-10.67,272.27,146.00
2001-02-12,36979.21,0.00,333.51,0.00,-4.37,-13.79,209.50,92.00
2001-02-13,36979.21,0.00,381.51,0.00,1.63,-12.01,244.71,102.00
2001-02-14,37324.80,2.75,299.18,0.00,7.44,-2.44,514.53,97.00
2001-02-15,37324.80,9.06,206.65,0.00,5.60,-1.61,546.46,227.00
2001-02-16,37670.39,0.57,174.53,0.00,0.51,-3.73,458.58,210.00
2001-02-17,37670.39,5.86,173.55,0.00,0.43,-5.21,422.01,194.00
2001-02-18,38015.92,0.00,296.37,0.00,-4.68,-12.31,239.52,143.00
2001-02-19,38015.99,0.00,341.84,0.00,-2.09,-11.77,243.48,130.00
2001-02-20,38081.87,0.00,393.24,0.00,4.41,-9.45,297.38,145.00
2001-02-21,38361.61,0.00,399.00,0.00,9.54,-5.40,411.34,154.00
2001-02-22,38361.61,0.28,378.96,0.00,-3.30,-15.21,190.86,90.00
2001-02-23,38707.19,3.61,250.31,0.00,-6.36,-14.79,196.73,121.00
2001-02-24,38707.19,0.00,393.96,0.00,-0.09,-11.54,252.32,100.00
2001-02-25,39052.80,3.74,271.51,0.00,-0.16,-9.70,292.76,111.00
2001-02-26,39052.80,0.01,322.52,0.00,6.52,-1.49,553.24,146.00
2001-02-27,39398.39,0.00,348.69,0.00,2.78,-5.98,395.10,137.00
2001-02-28,39398.39,0.00,443.22,0.00,4.73,-10.28,280.76,121.00
2001-03-01,39744.00,0.00,417.27,0.00,1.44,-10.44,277.82,105.00
2001-03-02,39744.00,3.94,261.78,0.00,-0.61,-9.04,307.99,108.00
2001-03-03,40089.59,0.00,238.54,0.00,1.29,-4.00,451.75,101.00
2001-03-04,40089.59,0.78,378.66,0.00,3.04,-6.84,365.55,100.00
2001-03-05,40435.20,16.35,201.75,0.00,-0.83,-6.60,367.41,103.00
2001-03-06,40435.20,3.95,278.67,0.00,-1.62,-10.24,282.16,97.00
2001-03-07,40780.78,1.96,311.75,0.00,-0.87,-8.02,333.48,94.00
2001-03-08,40780.78,0.00,409.47,0.00,3.69,-6.44,377.17,92.00
2001-03-09,41126.39,6.68,237.09,0.00,3.16,-3.85,454.03,98.00
2001-03-10,41126.39,1.74,347.99,0.00,1.61,-6.11,385.90,93.00
2001-03-11,41472.02,0.00,409.54,0.00,2.19,-7.60,350.08,88.00
2001-03-12,41472.02,0.00,491.34,0.00,2.98,-11.37,255.48,84.00
2001-03-13,41817.59,10.28,376.48,0.00,6.11,-9.38,299.01,238.00
2001-03-14,41817.59,3.44,227.92,0.00,5.29,-0.81,574.71,351.00
2001-03-15,42163.20,0.00,358.91,0.00,4.47,-3.27,480.00,309.00
2001-03-16,42163.20,0.38,395.36,0.00,5.81,-3.26,480.00,273.00
2001-03-17,42508.79,6.25,162.59,0.00,2.62,-1.58,548.79,342.00
2001-03-18,42508.79,4.57,304.78,0.00,3.34,-5.25,416.81,420.00
2001-03-19,42854.41,0.00,427.64,0.00,3.77,-5.92,393.93,389.00
2001-03-20,42854.41,0.00,517.44,0.00,8.06,-6.67,359.53,430.00
2001-03-21,43200.02,7.58,463.80,0.00,9.58,-3.85,455.88,534.00
2001-03-22,43200.02,18.01,162.93,0.00,2.87,-1.30,557.75,783.00
2001-03-23,43200.02,0.31,282.53,0.00,3.72,-1.78,537.78,646.00
2001-03-24,43545.59,0.00,462.98,0.00,7.91,-2.51,519.41,654.00
2001-03-25,43545.59,0.00,527.18,0.00,5.13,-8.52,319.67,505.00
2001-03-26,43891.20,1.74,407.32,0.00,-0.43,-9.32,297.50,406.00
2001-03-27,43891.20,0.00,477.82,0.00,-2.54,-12.78,229.96,325.00
2001-03-28,44236.80,0.00,481.95,0.00,0.69,-9.78,289.72,290.00
2001-03-29,44236.80,0.28,486.07,0.00,5.94,-5.24,417.84,274.00
2001-03-30,44582.39,27.79,257.77,0.00,5.29,-1.19,560.00,1370.00
2001-03-31,44582.39,5.49,199.74,0.00,3.36,-1.18,562.74,1020.00
2001-04-01,44928.00,0.00,225.23,0.00,2.45,-1.38,554.95,723.00
2001-04-02,44928.00,0.00,311.81,0.00,4.14,-1.31,557.67,583.00
2001-04-03,45273.61,0.00,401.78,0.00,3.52,-3.83,453.81,484.00
2001-04-04,45273.61,0.00,525.37,0.00,7.40,-4.25,445.22,480.00
2001-04-05,45619.20,0.00,560.94,0.00,10.97,-3.43,479.71,597.00
2001-04-06,45619.20,3.08,452.02,0.00,14.11,-1.68,540.46,897.00
2001-04-07,45964.79,4.06,270.32,0.00,10.42,3.62,799.52,1230.00
2001-04-08,45964.79,4.42,277.12,0.00,9.87,2.85,752.64,1430.00
2001-04-09,46310.38,0.14,513.35,0.00,15.00,2.68,737.14,1520.00
2001-04-10,46310.38,15.09,426.86,0.00,22.97,2.57,736.47,2260.00
2001-04-11,46655.99,2.76,471.54,0.00,15.55,2.68,743.20,1290.00
2001-04-12,46655.99,0.99,160.89,0.00,10.18,7.11,1009.07,958.00
2001-04-13,47001.60,0.00,455.08,0.00,17.45,6.91,992.93,755.00
2001-04-14,47001.60,0.00,554.90,0.00,17.71,-0.11,606.03,586.00
2001-04-15,47347.20,0.21,536.67,0.00,17.78,0.57,634.87,505.00
2001-04-16,47347.20,11.83,351.53,0.00,15.00,3.07,765.30,569.00
2001-04-17,47692.79,2.90,325.92,0.00,8.86,-0.52,590.49,511.00
2001-04-18,47692.79,1.86,296.18,0.00,3.12,-2.95,491.19,456.00
2001-04-19,48038.40,0.00,466.62,0.00,4.79,-6.13,384.58,410.00
2001-04-20,48038.40,0.28,530.31,0.00,10.91,-4.80,437.09,379.00
2001-04-21,48318.11,6.43,363.87,0.00,12.68,0.05,611.44,399.00
2001-04-22,48383.99,7.71,302.03,0.00,17.41,7.93,1074.04,537.00
2001-04-23,48384.06,0.00,487.38,0.00,26.00,10.94,1305.30,460.00
2001-04-24,48729.59,0.00,501.83,0.00,27.90,11.07,1302.41,420.00
2001-04-25,48729.59,0.00,549.43,0.00,20.65,0.15,615.35,376.00
2001-04-26,49075.21,0.00,494.88,0.00,12.14,-1.76,539.22,346.00
2001-04-27,49075.21,0.00,542.54,0.00,17.45,-1.17,562.13,325.00
2001-04-28,49420.81,0.00,543.44,0.00,19.97,0.39,627.02,300.00
2001-04-29,49420.81,0.00,509.86,0.00,12.57,-2.94,486.63,274.00
2001-04-30,49576.01,0.00,529.62,0.00,17.65,-0.50,598.61,254.00
2001-05-01,49766.39,0.00,539.49,0.00,24.43,3.32,756.49,238.00
2001-05-02,49766.39,0.00,511.61,0.00,27.74,8.33,1050.10,225.00
2001-05-03,50112.00,0.00,478.05,0.00,28.04,10.82,1263.47,210.00
2001-05-04,50112.00,0.00,465.82,0.00,28.86,12.14,1378.11,190.00
2001-05-05,50450.20,0.00,517.54,0.00,29.26,8.53,1050.34,178.00
2001-05-06,50457.60,1.41,461.91,0.00,18.87,2.30,722.37,164.00
2001-05-07,50457.60,0.00,487.84,0.00,19.43,2.62,737.68,150.00
2001-05-08,50803.21,0.00,448.29,0.00,19.36,4.59,846.46,140.00
2001-05-09,50803.21,1.43,434.78,0.00,20.45,6.20,950.90,136.00
2001-05-10,51082.91,0.00,440.06,0.00,22.57,7.96,1072.87,129.00
2001-05-11,51148.79,0.00,462.97,0.00,24.79,8.65,1105.65,118.00
2001-05-12,51148.79,1.84,410.63,0.00,26.88,10.30,1250.70,110.00
2001-05-13,51494.41,2.98,314.91,0.00,17.46,4.37,834.92,113.00
2001-05-14,51494.41,0.00,450.01,0.00,14.97,0.39,627.82,104.00
2001-05-15,51494.41,0.38,431.32,0.00,15.48,1.39,671.58,96.00
2001-05-16,51839.98,0.00,494.46,0.00,19.15,1.73,690.91,88.00
2001-05-17,51839.98,0.05,463.96,0.00,20.64,4.65,844.21,81.00
2001-05-18,51840.05,3.63,80.06,0.00,11.17,8.67,1133.39,81.00
2001-05-19,52185.59,0.43,242.70,0.00,17.26,10.09,1246.95,80.00
2001-05-20,52185.59,0.00,456.27,0.00,22.56,7.06,986.13,74.00
2001-05-21,52185.59,0.60,347.62,0.00,19.53,8.63,1130.16,68.00
2001-05-22,52523.80,8.76,107.57,0.00,13.00,9.14,1171.09,76.00
2001-05-23,52531.21,6.11,291.92,0.00,20.92,8.80,1143.84,88.00
2001-05-24,52531.21,0.00,420.21,0.00,20.33,7.13,1010.68,81.00
2001-05-25,52686.43,0.92,439.16,0.00,22.52,8.08,1077.06,68.00
2001-05-26,52876.81,18.90,196.86,0.00,18.96,11.54,1363.05,137.00
2001-05-27,52876.81,5.47,140.14,0.00,16.05,11.08,1326.49,157.00
2001-05-28,52876.81,6.64,286.00,0.00,18.27,7.57,1045.92,151.00
2001-05-29,53032.03,1.14,232.59,0.00,14.95,8.52,1121.85,125.00
2001-05-30,53222.40,0.00,463.93,0.00,18.25,4.71,855.48,105.00
2001-05-31,53222.40,0.00,474.83,0.00,15.19,1.65,686.86,90.00
2001-06-01,53222.40,0.00,502.42,0.00,18.25,3.17,773.41,80.00
2001-06-02,53222.47,12.47,231.23,0.00,14.95,7.35,1028.30,85.00
2001-06-03,53502.11,9.57,253.29,0.00,18.64,10.22,1257.79,121.00
2001-06-04,53567.98,0.21,284.71,0.00,16.12,9.46,1196.58,127.00
2001-06-05,53567.98,0.00,475.28,0.00,19.18,6.46,959.53,102.00
2001-06-06,53567.98,0.00,478.86,0.00,21.36,8.31,1103.91,88.00
2001-06-07,53567.98,0.00,437.02,0.00,19.94,8.88,1149.68,80.00
2001-06-08,53611.84,0.00,510.00,0.00,22.29,7.69,1027.31,73.00
2001-06-09,53847.71,0.00,525.65,0.00,23.20,7.45,994.66,67.00
2001-06-10,53913.61,0.07,519.94,0.00,23.30,7.93,1029.61,61.00
2001-06-11,53913.61,3.56,362.99,0.00,23.56,11.01,1317.08,60.00
2001-06-12,53913.61,5.38,344.89,0.00,24.30,12.18,1413.83,60.00
2001-06-13,53913.61,11.36,347.29,0.00,27.18,14.19,1620.28,84.00
2001-06-14,53913.61,0.00,460.94,0.00,28.58,15.55,1730.26,67.00
2001-06-15,53913.61,0.00,462.72,0.00,30.13,16.82,1864.85,59.00
2001-06-16,53913.61,1.57,399.40,0.00,28.53,17.83,2035.78,56.00
2001-06-17,53913.61,20.10,351.95,0.00,27.04,13.79,1578.01,75.00
2001-06-18,53913.61,0.00,494.29,0.00,26.26,11.80,1360.20,68.00
2001-06-19,53913.67,0.00,473.62,0.00,26.87,13.37,1514.42,58.00
2001-06-20,53913.67,2.25,460.29,0.00,29.25,15.46,1718.35,54.00
2001-06-21,53913.67,14.71,312.30,0.00,26.47,15.11,1718.60,66.00
2001-06-22,53913.67,14.57,232.66,0.00,23.71,16.08,1819.99,64.00
2001-06-23,53913.67,32.31,226.78,0.00,23.21,15.93,1798.48,476.00
2001-06-24,53913.67,15.99,272.62,0.00,18.24,10.02,1241.99,436.00
2001-06-25,53913.61,0.00,469.18,0.00,23.14,10.48,1278.59,237.00
2001-06-26,53913.61,0.00,452.66,0.00,25.17,12.68,1456.64,168.00
2001-06-27,53913.61,0.00,437.06,0.00,27.33,15.07,1723.55,133.00
2001-06-28,53913.61,0.00,455.47,0.00,29.23,15.65,1774.48,108.00
2001-06-29,53913.61,0.00,441.78,0.00,29.47,16.48,1867.55,95.00
2001-06-30,53913.61,0.00,392.02,0.00,28.93,18.04,2074.79,88.00
2001-07-01,53913.61,14.46,299.79,0.00,27.85,17.49,1997.88,110.00
2001-07-02,53913.61,17.91,422.66,0.00,25.53,6.61,973.54,164.00
2001-07-03,53906.19,0.00,451.50,0.00,18.72,6.62,970.07,109.00
2001-07-04,53723.20,3.66,358.25,0.00,21.25,11.12,1329.65,97.00
2001-07-05,53568.05,14.85,251.45,0.00,23.67,14.97,1711.52,93.00
2001-07-06,53567.98,3.88,406.82,0.00,24.04,7.35,1027.82,87.00
2001-07-07,53567.98,0.00,437.90,0.00,20.60,8.70,1136.25,81.00
2001-07-08,53567.98,3.94,350.27,0.00,24.23,10.62,1290.31,77.00
2001-07-09,53567.98,0.00,442.40,0.00,25.66,13.04,1495.30,75.00
2001-07-10,53377.61,0.43,453.54,0.00,28.40,14.68,1668.16,69.00
2001-07-11,53222.40,16.25,344.01,0.00,27.08,13.44,1542.18,80.00
2001-07-12,53222.40,0.00,489.00,0.00,24.76,9.93,1234.44,70.00
2001-07-13,53222.40,0.14,450.09,0.00,21.28,8.86,1149.10,62.00
2001-07-14,53214.98,0.00,483.94,0.00,24.15,9.64,1211.55,57.00
2001-07-15,52876.88,0.00,418.91,0.00,21.78,10.51,1280.65,52.00
2001-07-16,52876.81,0.50,445.64,0.00,25.08,11.98,1398.74,49.00
2001-07-17,52876.81,2.87,328.41,0.00,25.00,14.22,1621.64,49.00
2001-07-18,52869.40,6.13,288.97,0.00,25.66,15.17,1724.68,54.00
2001-07-19,52531.21,0.00,415.17,0.00,25.98,14.43,1643.77,49.00
2001-07-20,52531.21,0.00,436.64,0.00,26.02,13.63,1562.89,43.00
2001-07-21,52531.21,0.00,476.10,0.00,26.46,12.01,1401.13,37.00
2001-07-22,52340.82,0.00,455.83,0.00,26.60,12.93,1474.20,32.00
2001-07-23,52185.59,0.00,435.16,0.00,27.44,14.38,1632.14,28.00
2001-07-24,52185.59,0.07,426.35,0.00,30.04,16.76,1902.21,26.00
2001-07-25,52119.70,4.81,336.03,0.00,31.13,17.43,1991.30,37.00
2001-07-26,51839.98,10.69,340.11,0.00,30.24,15.40,1751.42,59.00
2001-07-27,51839.98,1.73,462.40,0.00,22.46,6.53,964.06,55.00
2001-07-28,51774.12,0.00,453.62,0.00,22.02,8.53,1122.14,41.00
2001-07-29,51494.41,0.00,446.40,0.00,23.87,10.41,1272.84,32.00
2001-07-30,51494.41,0.23,225.34,0.00,20.91,15.05,1715.14,27.00
2001-07-31,51304.00,0.00,295.44,0.00,22.18,14.33,1634.59,26.00
2001-08-01,51148.79,0.18,419.65,0.00,26.14,13.80,1582.85,31.00
2001-08-02,51148.79,0.00,444.22,0.00,28.61,14.65,1665.12,28.00
2001-08-03,50803.21,0.00,418.21,0.00,29.59,16.55,1877.01,23.00
2001-08-04,50803.21,2.75,244.45,0.00,26.26,18.83,2173.71,21.00
2001-08-05,50795.79,0.00,435.83,0.00,28.92,15.24,1735.67,19.00
2001-08-06,50457.60,0.00,427.62,0.00,30.19,16.51,1874.31,17.00
2001-08-07,50457.60,0.00,412.85,0.00,31.59,18.24,2099.31,15.00
2001-08-08,50112.00,0.00,403.39,0.00,33.26,19.93,2317.52,14.00
2001-08-09,50112.00,0.00,429.97,0.00,33.74,18.90,2184.57,13.00
2001-08-10,50104.59,6.06,327.80,0.00,33.78,20.62,2418.40,15.00
2001-08-11,49766.39,10.69,324.76,0.00,27.92,14.69,1672.35,19.00
2001-08-12,49766.39,0.00,365.96,0.00,26.68,16.01,1815.66,20.00
2001-08-13,49420.81,0.00,313.08,0.00,26.27,17.49,1997.30,21.00
2001-08-14,49420.81,0.00,428.22,0.00,27.74,14.35,1636.96,19.00
2001-08-15,49075.28,0.00,475.24,0.00,26.67,10.74,1299.45,15.00
2001-08-16,49075.21,0.63,480.35,0.00,28.49,10.81,1304.88,18.00
2001-08-17,49067.80,33.84,263.61,0.00,27.73,17.09,1937.12,265.00
2001-08-18,48729.59,0.49,391.33,0.00,25.58,13.34,1527.68,122.00
2001-08-19,48729.59,1.43,370.99,0.00,25.14,13.77,1578.39,88.00
2001-08-20,48383.99,10.32,275.54,0.00,26.47,15.39,1750.18,185.00
2001-08-21,48383.99,0.00,372.20,0.00,24.88,13.87,1586.34,88.00
2001-08-22,48038.40,0.00,417.44,0.00,24.40,11.51,1360.65,64.00
2001-08-23,48038.40,0.75,398.21,0.00,25.11,12.56,1448.52,57.00
2001-08-24,47692.79,9.47,141.81,0.00,19.05,14.13,1611.38,56.00
2001-08-25,47692.79,0.00,469.81,0.00,25.24,9.23,1178.06,47.00
2001-08-26,47347.27,0.00,438.22,0.00,25.56,11.40,1352.73,36.00
2001-08-27,47347.20,5.49,226.56,0.00,24.89,16.35,1852.85,37.00
2001-08-28,47156.81,4.42,356.81,0.00,25.50,13.79,1581.36,40.00
2001-08-29,47001.60,13.80,310.77,0.00,24.43,11.83,1388.58,66.00
2001-08-30,46994.19,0.00,427.50,0.00,24.84,10.84,1307.12,59.00
2001-08-31,46655.99,2.89,398.58,0.00,24.17,11.29,1345.74,53.00
2001-09-01,46655.99,11.79,278.02,0.00,24.84,13.37,1533.86,73.00
2001-09-02,46310.38,0.00,422.44,0.00,18.78,5.66,915.90,62.00
2001-09-03,46310.38,0.00,437.08,0.00,20.66,6.16,942.05,53.00
2001-09-04,45964.79,0.68,380.68,0.00,23.17,10.61,1289.11,49.00
2001-09-05,45964.79,5.29,321.23,0.00,23.75,11.99,1399.50,58.00
2001-09-06,45619.20,0.00,427.21,0.00,20.67,6.45,958.85,48.00
2001-09-07,45619.20,0.00,459.25,0.00,24.02,6.67,974.22,37.00
2001-09-08,45273.61,0.00,413.21,0.00,26.76,11.95,1396.20,30.00
2001-09-09,45273.61,0.00,373.69,0.00,26.83,14.07,1605.37,25.00
2001-09-10,44928.00,1.06,320.69,0.00,25.86,15.14,1729.64,34.00
2001-09-11,44928.00,9.17,291.87,0.00,22.29,9.85,1227.98,56.00
2001-09-12,44582.39,0.00,411.43,0.00,22.68,8.05,1083.63,41.00
2001-09-13,44582.39,1.58,400.50,0.00,22.85,8.03,1082.60,34.00
2001-09-14,44236.80,22.99,308.44,0.00,23.48,8.29,1103.34,206.00
2001-09-15,44236.80,0.00,373.93,0.00,15.43,3.42,783.05,146.00
2001-09-16,43891.20,0.00,398.26,0.00,16.91,3.29,775.90,99.00
2001-09-17,43891.20,0.00,425.43,0.00,20.20,4.06,818.27,79.00
2001-09-18,43545.59,0.00,418.13,0.00,22.31,6.01,933.77,68.00
2001-09-19,43545.59,0.00,380.35,0.00,22.47,8.42,1113.45,64.00
2001-09-20,43200.02,7.07,242.33,0.00,22.02,10.77,1301.86,87.00
2001-09-21,43200.02,11.30,145.04,0.00,19.24,13.25,1520.36,146.00
2001-09-22,42854.41,0.39,286.91,0.00,21.88,12.09,1407.10,95.00
2001-09-23,42854.41,0.00,350.96,0.00,21.39,8.61,1129.02,77.00
2001-09-24,42508.79,3.59,348.44,0.00,22.06,8.94,1155.01,267.00
2001-09-25,42508.79,59.88,197.68,0.00,19.62,10.84,1306.86,2840.00
2001-09-26,42163.20,8.80,244.68,0.00,13.37,3.57,791.74,1190.00
2001-09-27,42163.20,0.00,205.23,0.00,11.47,5.11,883.90,610.00
2001-09-28,41817.59,2.53,215.90,0.00,12.67,4.91,869.80,408.00
2001-09-29,41817.59,2.76,184.87,0.00,12.47,5.34,898.49,306.00
2001-09-30,41472.02,0.00,362.72,0.00,15.36,2.19,718.82,233.00
2001-10-01,41472.02,0.00,357.17,0.00,15.74,2.62,737.53,192.00
2001-10-02,41126.39,0.00,377.13,0.00,19.89,4.61,848.82,161.00
2001-10-03,41126.39,0.00,366.52,0.00,22.54,7.39,1031.57,138.00
2001-10-04,40780.78,0.00,349.33,0.00,23.59,9.20,1175.71,119.00
2001-10-05,40780.78,0.00,332.24,0.00,23.42,9.98,1238.79,105.00
2001-10-06,40435.20,4.27,268.82,0.00,22.55,7.31,1024.52,98.00
2001-10-07,40435.20,3.48,244.08,0.00,12.01,0.75,642.87,96.00
2001-10-08,40089.59,0.00,304.45,0.00,7.96,-2.72,501.22,86.00
2001-10-09,40089.59,0.00,328.23,0.00,9.21,-3.00,480.00,81.00
2001-10-10,39744.00,0.00,359.89,0.00,14.33,-0.89,572.87,79.00
2001-10-11,39744.00,0.00,357.93,0.00,19.45,3.31,784.43,73.00
2001-10-12,39405.81,0.00,342.18,0.00,21.45,6.12,929.78,70.00
2001-10-13,39398.39,0.00,233.88,0.00,19.75,10.89,1310.89,68.00
2001-10-14,39243.18,1.55,256.95,0.00,22.90,12.49,1439.26,69.00
2001-10-15,39052.80,14.94,246.54,0.00,19.41,4.89,869.93,166.00
2001-10-16,39052.80,0.82,299.07,0.00,15.42,2.97,757.72,149.00
2001-10-17,38707.19,10.39,213.74,0.00,14.37,3.52,800.00,209.00
2001-10-18,38707.19,0.00,277.33,0.00,8.18,-2.19,521.75,176.00
2001-10-19,38361.61,0.00,327.23,0.00,13.73,-0.49,600.00,144.00
2001-10-20,38361.61,0.00,298.04,0.00,15.71,3.18,774.65,131.00
2001-10-21,38015.99,0.00,300.86,0.00,17.32,3.98,800.00,123.00
2001-10-22,38015.99,2.00,301.53,0.00,20.86,6.68,974.22,118.00
2001-10-23,37670.39,4.09,130.39,0.00,13.01,6.41,952.68,117.00
2001-10-24,37670.39,8.92,156.67,0.00,18.18,9.69,1215.05,174.00
2001-10-25,37390.68,4.41,163.00,0.00,20.56,11.70,1376.18,194.00
2001-10-26,37324.80,1.90,252.04,0.00,16.43,3.96,812.56,171.00
2001-10-27,37324.73,0.16,173.01,0.00,6.99,0.41,628.19,157.00
2001-10-28,36979.21,0.00,149.30,0.00,4.70,-0.95,563.98,147.00
2001-10-29,36979.21,0.00,237.13,0.00,6.28,-3.58,473.39,139.00
2001-10-30,36633.62,0.00,293.51,0.00,13.48,-1.00,568.74,132.00
2001-10-31,36633.62,0.00,203.62,0.00,10.01,1.65,688.10,124.00
2001-11-01,36295.40,0.00,171.71,0.00,9.34,2.46,721.61,120.00
2001-11-02,36287.99,0.00,252.20,0.00,16.69,5.01,881.07,117.00
2001-11-03,36287.99,1.98,255.76,0.00,19.49,7.06,1004.83,115.00
2001-11-04,35942.39,0.00,279.23,0.00,15.70,1.53,680.11,110.00
2001-11-05,35942.39,1.46,273.00,0.00,14.67,0.99,652.54,107.00
2001-11-06,35604.21,0.00,125.32,0.00,4.90,0.03,612.05,103.00
2001-11-07,35596.80,0.00,223.68,0.00,10.20,0.35,627.65,98.00
2001-11-08,35596.80,0.00,249.49,0.00,14.71,2.63,731.66,95.00
2001-11-09,35251.20,0.22,275.20,0.00,16.42,1.31,665.72,91.00
2001-11-10,35251.20,0.00,209.10,0.00,7.66,-1.42,560.00,86.00
2001-11-11,35207.35,0.00,257.41,0.00,11.82,-1.01,560.00,84.00
2001-11-12,34905.62,0.00,203.52,0.00,3.82,-4.95,440.00,81.00
2001-11-13,34905.62,0.00,235.75,0.00,6.03,-5.03,437.32,81.00
2001-11-14,34625.88,0.00,264.88,0.00,10.26,-4.08,440.00,76.00
2001-11-15,34559.98,0.99,252.18,0.00,14.39,0.74,638.30,73.00
2001-11-16,34559.98,0.00,203.98,0.00,15.40,5.50,918.01,72.00
2001-11-17,34280.28,0.00,272.56,0.00,17.19,-1.32,560.99,69.00
2001-11-18,34214.41,0.00,254.58,0.00,12.31,-2.49,520.00,68.00
2001-11-19,34214.41,0.00,245.31,0.00,13.65,-0.50,599.90,66.00
2001-11-20,34059.20,4.14,189.85,0.00,14.75,-0.80,577.12,67.00
2001-11-21,33868.82,0.00,158.55,0.00,3.73,-3.53,473.98,68.00
2001-11-22,33868.82,0.00,179.26,0.00,5.15,-3.46,479.37,66.00
2001-11-23,33868.82,0.00,232.53,0.00,9.96,-3.33,480.00,66.00
2001-11-24,33530.62,0.88,215.23,0.00,12.54,-1.01,566.13,65.00
2001-11-25,33523.21,15.20,136.73,0.00,13.82,4.12,817.94,292.00
2001-11-26,33523.21,28.22,140.51,0.00,14.44,4.50,839.72,512.00
2001-11-27,33523.14,0.00,180.38,0.00,10.68,1.04,653.37,327.00
2001-11-28,33185.02,7.65,91.37,0.00,8.44,2.40,729.58,277.00
2001-11-29,33177.61,6.79,86.63,0.00,11.27,5.57,914.21,324.00
2001-11-30,33177.61,6.74,82.68,0.00,13.18,7.67,1053.64,554.00
2001-12-01,33177.61,12.68,124.20,0.00,15.34,6.60,967.99,1020.00
2001-12-02,33022.39,0.00,162.48,0.00,10.83,2.36,723.75,689.00
2001-12-03,32831.99,0.00,198.36,0.00,9.54,-1.57,554.47,546.00
2001-12-04,32831.99,0.00,209.99,0.00,10.94,-1.50,560.00,457.00
2001-12-05,32831.99,0.27,214.89,0.00,14.81,1.29,664.26,398.00
2001-12-06,32831.99,0.00,192.16,0.00,17.79,6.07,934.39,355.00
2001-12-07,32831.92,0.43,190.90,0.00,15.01,3.55,797.02,321.00
2001-12-08,32676.78,1.13,193.72,0.00,9.59,-2.00,520.00,291.00
2001-12-09,32493.81,11.35,57.84,0.00,1.55,-2.00,520.38,290.00
2001-12-10,32486.40,0.00,149.32,0.00,2.47,-5.08,427.69,276.00
2001-12-11,32486.40,0.00,164.28,0.00,3.19,-5.24,417.62,254.00
2001-12-12,32486.40,0.00,190.79,0.00,6.67,-4.01,440.00,245.00
2001-12-13,32486.40,4.57,119.05,0.00,6.19,-2.06,528.18,264.00
2001-12-14,32486.40,4.46,82.17,0.00,10.61,5.45,906.14,313.00
2001-12-15,32486.40,9.40,155.56,0.00,11.44,-0.59,587.26,476.00
2001-12-16,32486.40,0.00,166.49,0.00,2.22,-6.13,385.58,376.00
2001-12-17,32486.40,7.09,118.58,0.00,2.27,-5.05,423.57,391.00
2001-12-18,32486.33,15.01,89.52,0.00,5.11,-0.11,606.18,782.00
2001-12-19,32486.33,0.62,70.95,0.00,3.67,0.77,641.82,608.00
2001-12-20,32486.33,0.32,168.42,0.00,6.38,-1.14,563.19,527.00
2001-12-21,32486.33,0.00,82.17,0.00,0.70,-2.58,506.22,452.00
2001-12-22,32486.33,0.00,158.38,0.00,0.79,-5.98,393.53,387.00
2001-12-23,32486.33,0.23,188.22,0.00,2.48,-6.26,380.54,348.00
2001-12-24,32486.40,3.81,147.22,0.00,4.02,-4.80,433.30,340.00
2001-12-25,32486.40,0.00,197.32,0.00,0.45,-8.46,321.39,304.00
2001-12-26,32486.40,0.00,183.10,0.00,-3.08,-10.84,270.11,264.00
2001-12-27,32486.40,0.00,185.31,0.00,-3.30,-11.12,264.06,238.00
2001-12-28,32486.40,0.00,131.53,0.00,-4.99,-10.05,283.93,231.00
2001-12-29,32486.40,2.41,164.21,0.00,-2.28,-9.84,283.35,212.00
2001-12-30,32486.40,0.00,201.60,0.00,-3.15,-10.98,265.70,197.00
2001-12-31,32486.40,0.00,171.03,0.00,-6.08,-12.24,239.45,160.00
2002-01-01,32486.40,0.00,219.67,0.00,-5.13,-13.92,207.08,150.00
2002-01-02,32552.27,0.00,239.46,0.00,-3.39,-13.58,210.10,140.00
2002-01-03,32788.14,0.00,257.35,0.00,-1.74,-13.65,208.45,140.00
2002-01-04,32831.99,0.00,256.30,0.00,-0.54,-12.26,239.08,141.00
2002-01-05,32831.99,0.00,152.72,0.00,-0.60,-6.06,389.96,141.00
2002-01-06,32831.99,0.21,189.30,0.00,2.44,-4.63,438.56,138.00
2002-01-07,32831.99,12.72,90.68,0.00,1.38,-2.86,491.30,142.00
2002-01-08,32897.87,1.41,216.00,0.00,-1.93,-11.23,262.30,135.00
2002-01-09,33177.54,3.05,175.83,0.00,-2.08,-10.05,282.56,130.00
2002-01-10,33177.61,0.00,199.12,0.00,4.16,-3.22,480.47,129.00
2002-01-11,33177.61,2.82,190.48,0.00,8.59,-0.62,589.95,133.00
2002-01-12,33177.61,0.00,173.98,0.00,3.12,-3.07,486.07,133.00
2002-01-13,33367.98,0.00,183.25,0.00,3.30,-3.23,480.34,129.00
2002-01-14,33523.21,0.00,184.49,0.00,0.81,-5.72,401.38,123.00
2002-01-15,33523.21,0.00,212.52,0.00,3.29,-4.53,440.47,119.00
2002-01-16,33523.21,0.10,144.86,0.00,1.97,-2.90,494.01,116.00
2002-01-17,33713.60,2.10,107.13,0.00,0.50,-3.42,473.12,112.00
2002-01-18,33868.82,0.00,231.02,0.00,2.24,-6.33,379.15,108.00
2002-01-19,33868.82,2.32,210.87,0.00,-2.33,-11.38,256.34,102.00
2002-01-20,33876.23,7.83,181.82,0.00,-3.98,-12.47,240.00,95.00
2002-01-21,34214.41,1.76,235.94,0.00,-2.16,-10.96,268.82,101.00
2002-01-22,34214.41,2.72,156.65,0.00,1.49,-4.55,440.88,100.00
2002-01-23,34214.41,0.01,267.87,0.00,5.84,-4.00,450.20,97.00
2002-01-24,34559.92,1.82,130.78,0.00,5.90,1.71,696.91,115.00
2002-01-25,34559.98,2.29,236.93,0.00,7.45,-4.25,447.75,217.00
2002-01-26,34559.98,0.00,278.40,0.00,5.58,-4.61,440.00,186.00
2002-01-27,34905.62,0.00,306.28,0.00,8.59,-4.01,440.00,176.00
2002-01-28,34905.62,0.00,320.72,0.00,12.30,-2.71,503.16,187.00
2002-01-29,34905.62,0.00,303.96,0.00,12.02,-0.48,600.00,214.00
2002-01-30,35251.20,4.00,221.99,0.00,14.82,2.56,725.63,362.00
2002-01-31,35251.20,6.78,211.27,0.00,7.56,-2.70,501.97,431.00
2002-02-01,35317.09,3.60,167.39,0.00,4.93,-2.06,527.65,588.00
2002-02-02,35596.80,3.47,280.41,0.00,11.18,-7.55,345.71,577.00
2002-02-03,35596.80,0.00,250.96,0.00,-0.70,-8.40,320.06,450.00
2002-02-04,35942.39,0.00,300.23,0.00,2.71,-7.51,359.30,380.00
2002-02-05,35942.39,0.00,335.25,0.00,-0.94,-13.72,211.03,310.00
2002-02-06,35949.80,0.00,312.66,0.00,-0.70,-11.54,254.11,302.00
2002-02-07,36287.99,0.00,270.17,0.00,2.94,-5.58,406.00,274.00
2002-02-08,36287.99,0.00,293.47,0.00,7.18,-2.68,505.54,253.00
2002-02-09,36633.62,0.00,317.72,0.00,8.33,-2.95,484.28,229.00
2002-02-10,36633.62,0.37,308.87,0.00,8.45,-2.41,513.93,271.00
2002-02-11,36823.99,21.80,261.79,0.00,5.59,-7.02,360.18,1200.00
2002-02-12,36979.21,0.00,294.56,0.00,-1.96,-10.88,269.44,694.00
2002-02-13,36979.21,0.00,351.14,0.00,5.26,-7.08,359.21,571.00
2002-02-14,37324.80,0.00,314.46,0.00,-2.91,-12.68,239.20,433.00
2002-02-15,37324.80,0.00,382.35,0.00,3.14,-11.62,252.39,398.00
2002-02-16,37670.39,0.00,308.36,0.00,7.42,-2.49,509.68,368.00
2002-02-17,37670.39,0.00,298.93,0.00,6.45,-2.87,492.41,339.00
2002-02-18,38015.92,0.00,324.84,0.00,0.69,-9.52,294.02,295.00
2002-02-19,38015.99,0.00,374.79,0.00,3.71,-9.59,288.23,266.00
2002-02-20,38081.87,0.02,396.39,0.00,8.94,-6.66,373.38,254.00
2002-02-21,38361.61,6.74,183.05,0.00,11.02,3.62,800.00,278.00
2002-02-22,38361.61,1.45,287.67,0.00,8.77,-0.75,580.57,265.00
2002-02-23,38707.19,0.00,258.12,0.00,2.03,-5.43,411.54,238.00
2002-02-24,38707.19,0.00,371.17,0.00,3.78,-8.59,319.99,217.00
2002-02-25,39052.80,0.00,401.94,0.00,9.51,-5.37,411.18,207.00
2002-02-26,39052.80,0.11,377.54,0.00,12.37,-0.85,572.30,201.00
2002-02-27,39398.39,7.39,326.43,0.00,11.06,-6.84,366.53,215.00
2002-02-28,39398.39,1.74,236.51,0.00,-1.94,-8.95,308.99,197.00
2002-03-01,39744.00,0.00,347.68,0.00,0.22,-9.91,285.11,177.00
2002-03-02,39744.00,0.09,390.34,0.00,4.11,-8.15,327.54,172.00
2002-03-03,40089.59,10.53,227.01,0.00,8.11,-0.53,592.45,257.00
2002-03-04,40089.59,0.00,454.39,0.00,9.46,-8.00,320.20,249.00
2002-03-05,40435.20,3.23,283.70,0.00,-4.78,-14.70,197.69,190.00
2002-03-06,40435.20,0.00,422.86,0.00,0.81,-12.56,233.71,199.00
2002-03-07,40780.78,0.00,467.79,0.00,13.64,-4.93,429.95,202.00
2002-03-08,40780.78,0.00,409.32,0.00,9.98,-3.05,485.63,194.00
2002-03-09,41126.39,0.05,426.20,0.00,17.78,2.71,737.13,190.00
2002-03-10,41126.39,5.69,356.16,0.00,15.60,-4.26,446.11,218.00
2002-03-11,41472.02,0.00,301.05,0.00,-0.81,-8.97,308.50,200.00
2002-03-12,41472.02,0.00,351.55,0.00,2.24,-7.61,345.27,189.00
2002-03-13,41817.59,0.00,287.66,0.00,6.43,-1.27,560.06,187.00
2002-03-14,41817.59,0.00,251.21,0.00,7.20,0.61,636.38,186.00
2002-03-15,42163.20,0.01,410.04,0.00,15.94,3.00,757.36,178.00
2002-03-16,42163.20,11.12,318.38,0.00,18.51,4.19,815.25,215.00
2002-03-17,42508.79,0.45,420.76,0.00,5.97,-7.23,355.87,226.00
2002-03-18,42508.79,2.67,248.99,0.00,2.69,-5.04,424.32,210.00
2002-03-19,42854.41,0.00,112.71,0.00,1.70,-0.83,576.98,214.00
2002-03-20,42854.41,7.23,141.62,0.00,3.65,-0.90,575.18,241.00
2002-03-21,43200.02,8.56,190.69,0.00,3.87,-2.37,519.72,323.00
2002-03-22,43200.02,3.89,405.48,0.00,8.07,-11.86,248.55,344.00
2002-03-23,43200.02,0.00,342.20,0.00,-2.41,-10.54,276.36,309.00
2002-03-24,43545.59,0.00,456.72,0.00,5.60,-6.96,362.63,305.00
2002-03-25,43545.59,2.10,422.48,0.00,7.50,-4.44,443.24,296.00
2002-03-26,43891.20,20.62,122.03,0.00,-0.86,-4.34,447.02,1450.00
2002-03-27,43891.20,34.69,153.53,0.00,3.54,-0.91,571.45,2570.00
2002-03-28,44236.80,0.00,397.52,0.00,2.91,-6.54,374.04,1310.00
2002-03-29,44236.80,0.00,487.87,0.00,9.27,-4.51,442.18,892.00
2002-03-30,44582.39,0.51,451.61,0.00,16.13,3.30,775.79,677.00
2002-03-31,44582.39,0.04,477.27,0.00,15.57,0.92,646.24,535.00
2002-04-01,44928.00,2.96,295.63,0.00,13.00,3.02,761.65,500.00
2002-04-02,44928.00,0.00,432.22,0.00,8.90,-2.74,499.26,433.00
2002-04-03,45273.61,0.00,468.66,0.00,13.99,0.15,614.79,386.00
2002-04-04,45273.61,0.00,474.21,0.00,8.52,-5.15,420.39,342.00
2002-04-05,45619.20,0.00,441.27,0.00,4.78,-6.78,366.30,312.00
2002-04-06,45619.20,0.00,393.87,0.00,2.45,-6.89,364.64,290.00
2002-04-07,45964.79,0.00,468.61,0.00,3.15,-9.15,302.27,270.00
2002-04-08,45964.79,0.00,423.14,0.00,8.16,-2.18,521.84,255.00
2002-04-09,46310.38,0.25,409.20,0.00,13.57,3.46,787.18,243.00
2002-04-10,46310.38,9.68,354.28,0.00,16.45,3.11,765.15,265.00
2002-04-11,46655.99,0.00,492.76,0.00,14.48,-0.19,600.00,233.00
2002-04-12,46655.99,0.00,519.14,0.00,18.38,0.49,630.93,217.00
2002-04-13,47001.60,0.77,421.65,0.00,16.90,5.23,890.07,216.00
2002-04-14,47001.60,14.24,277.30,0.00,15.46,6.25,951.17,329.00
2002-04-15,47347.20,16.44,328.02,0.00,20.71,8.47,1117.34,513.00
2002-04-16,47347.20,0.00,424.20,0.00,23.94,11.91,1392.62,428.00
2002-04-17,47692.79,0.00,485.40,0.00,29.84,12.39,1422.32,382.00
2002-04-18,47692.79,0.00,463.04,0.00,30.50,14.35,1621.85,349.00
2002-04-19,48038.40,0.00,452.39,0.00,28.97,13.72,1571.35,324.00
2002-04-20,48038.40,1.82,497.07,0.00,28.47,9.20,1154.71,302.00
2002-04-21,48318.11,2.69,350.27,0.00,13.16,1.42,676.32,288.00
2002-04-22,48383.99,4.67,136.12,0.00,4.86,0.70,641.29,274.00
2002-04-23,48384.06,1.47,346.17,0.00,6.97,-2.08,526.54,259.00
2002-04-24,48729.59,0.00,480.39,0.00,9.93,-3.73,458.59,233.00
2002-04-25,48729.59,0.12,389.84,0.00,14.74,4.40,832.15,226.00
2002-04-26,49075.21,6.91,313.80,0.00,9.69,-1.43,553.88,237.00
2002-04-27,49075.21,0.00,511.90,0.00,12.43,-3.80,455.86,213.00
2002-04-28,49420.81,17.70,314.52,0.00,13.67,2.19,717.50,302.00
2002-04-29,49420.81,14.28,326.14,0.00,15.86,3.64,799.80,638.00
2002-04-30,49576.01,3.25,174.26,0.00,5.15,0.24,621.00,437.00
2002-05-01,49766.39,0.00,482.95,0.00,13.12,-0.83,574.00,401.00
2002-05-02,49766.39,11.11,301.76,0.00,16.73,5.96,923.89,500.00
2002-05-03,50112.00,4.04,407.55,0.00,21.29,2.15,714.88,467.00
2002-05-04,50112.00,0.00,475.33,0.00,10.84,-2.51,510.75,400.00
2002-05-05,50450.20,0.00,523.02,0.00,17.03,0.05,611.09,365.00
2002-05-06,50457.60,0.01,513.60,0.00,21.05,3.98,800.77,335.00
2002-05-07,50457.60,4.52,304.95,0.00,21.65,10.78,1302.24,320.00
2002-05-08,50803.21,0.00,477.51,0.00,21.89,6.98,998.75,291.00
2002-05-09,50803.21,11.42,261.98,0.00,15.95,6.76,981.82,306.00
2002-05-10,51082.91,6.19,216.49,0.00,12.85,5.67,918.35,324.00
2002-05-11,51148.79,0.00,534.22,0.00,18.69,0.77,644.29,273.00
2002-05-12,51148.79,15.94,333.02,0.00,16.65,4.30,830.81,407.00
2002-05-13,51494.41,29.79,198.42,0.00,15.18,8.70,1136.00,1530.00
2002-05-14,51494.41,21.22,342.21,0.00,17.01,4.19,825.18,1970.00
2002-05-15,51494.41,4.54,232.11,0.00,10.33,3.22,775.90,1190.00
2002-05-16,51839.98,0.00,480.54,0.00,17.43,3.60,800.00,826.00
2002-05-17,51839.98,2.72,381.06,0.00,21.93,8.88,1150.08,645.00
2002-05-18,51840.05,20.62,394.84,0.00,16.37,0.11,615.24,893.00
2002-05-19,52185.59,8.53,255.51,0.00,7.39,-0.51,590.08,745.00
2002-05-20,52185.59,4.56,309.92,0.00,9.26,0.09,612.70,593.00
2002-05-21,52185.59,0.00,448.67,0.00,8.07,-2.92,493.43,520.00
2002-05-22,52523.80,0.00,496.38,0.00,11.68,-1.80,535.38,462.00
2002-05-23,52531.21,0.00,532.94,0.00,17.81,1.24,659.53,411.00
2002-05-24,52531.21,0.00,502.99,0.00,22.32,6.97,997.66,368.00
2002-05-25,52686.43,0.00,556.66,0.00,23.33,3.11,765.20,329.00
2002-05-26,52876.81,1.31,364.69,0.00,18.71,9.25,1180.09,299.00
2002-05-27,52876.81,0.00,493.79,0.00,22.82,7.82,1065.85,270.00
2002-05-28,52876.81,0.13,475.35,0.00,24.88,10.46,1276.72,246.00
2002-05-29,53032.03,3.32,281.51,0.00,24.12,13.88,1590.84,229.00
2002-05-30,53222.40,4.18,252.27,0.00,22.21,14.25,1625.65,216.00
2002-05-31,53222.40,5.89,283.96,0.00,25.12,14.64,1663.11,204.00
2002-06-01,53222.40,4.48,367.15,0.00,25.84,10.52,1281.88,200.00
2002-06-02,53222.47,0.00,483.28,0.00,26.82,11.74,1379.26,177.00
2002-06-03,53502.11,0.00,531.51,0.00,21.03,3.87,809.34,157.00
2002-06-04,53567.98,0.01,456.14,0.00,18.52,5.96,934.50,146.00
2002-06-05,53567.98,15.11,252.00,0.00,22.34,13.71,1568.87,143.00
2002-06-06,53567.98,44.18,321.64,0.00,27.53,15.07,1725.60,276.00
2002-06-07,53567.98,23.93,239.97,0.00,15.50,7.87,1069.54,461.00
2002-06-08,53611.84,0.00,472.59,0.00,21.50,8.19,1095.53,259.00
2002-06-09,53847.71,0.00,454.19,0.00,23.75,10.76,1300.84,205.00
2002-06-10,53913.61,0.00,468.29,0.00,27.16,13.11,1501.21,177.00
2002-06-11,53913.61,0.00,403.97,0.00,26.57,15.32,1745.34,159.00
2002-06-12,53913.61,0.05,400.19,0.00,28.32,16.81,1905.54,147.00
2002-06-13,53913.61,4.83,318.79,0.00,25.64,14.23,1624.74,145.00
2002-06-14,53913.61,6.30,221.63,0.00,21.18,13.78,1577.88,170.00
2002-06-15,53913.61,24.34,102.66,0.00,15.04,12.03,1403.82,295.00
2002-06-16,53913.61,11.72,224.04,0.00,17.72,10.68,1294.11,316.00
2002-06-17,53913.61,5.24,305.21,0.00,18.52,8.76,1141.18,233.00
2002-06-18,53913.61,0.00,512.38,0.00,21.65,6.66,973.47,198.00
2002-06-19,53913.67,0.00,494.15,0.00,22.43,8.17,1093.60,245.00
2002-06-20,53913.67,0.00,477.81,0.00,24.39,10.54,1283.16,204.00
2002-06-21,53913.67,0.00,480.67,0.00,26.28,11.94,1395.86,177.00
2002-06-22,53913.67,0.00,440.06,0.00,27.12,14.60,1659.35,160.00
2002-06-23,53913.67,0.00,395.03,0.00,27.82,17.00,1922.89,148.00
2002-06-24,53913.67,0.03,384.89,0.00,28.80,18.43,2120.59,137.00
2002-06-25,53913.61,0.00,394.26,0.00,28.12,17.52,2000.53,142.00
2002-06-26,53913.61,0.00,406.29,0.00,28.80,17.74,2033.60,158.00
2002-06-27,53913.61,5.09,306.60,0.00,28.61,18.45,2125.42,147.00
2002-06-28,53913.61,4.39,292.68,0.00,26.63,16.54,1876.09,145.00
2002-06-29,53913.61,0.00,484.23,0.00,25.46,11.65,1372.05,131.00
2002-06-30,53913.61,0.00,450.18,0.00,26.25,13.80,1582.53,115.00
2002-07-01,53913.61,0.00,444.19,0.00,27.77,15.37,1749.87,103.00
2002-07-02,53913.61,0.00,420.54,0.00,29.21,17.57,2010.46,96.00
2002-07-03,53906.19,0.00,443.61,0.00,31.50,18.55,2138.21,88.00
2002-07-04,53723.20,0.00,438.15,0.00,32.01,19.17,2223.89,79.00
2002-07-05,53568.05,0.00,513.53,0.00,31.54,14.17,1618.38,77.00
2002-07-06,53567.98,0.00,471.56,0.00,24.76,11.61,1368.55,72.00
2002-07-07,53567.98,0.00,465.31,0.00,23.18,10.39,1270.94,65.00
2002-07-08,53567.98,0.00,470.44,0.00,25.97,12.44,1434.82,59.00
2002-07-09,53567.98,0.07,468.28,0.00,29.24,15.07,1716.87,53.00
2002-07-10,53377.61,3.93,289.20,0.00,25.19,15.17,1731.17,61.00
2002-07-11,53222.40,0.00,520.79,0.00,22.31,6.59,968.32,57.00
2002-07-12,53222.40,0.00,522.26,0.00,21.71,5.82,927.02,49.00
2002-07-13,53222.40,0.00,515.39,0.00,25.09,8.82,1145.30,42.00
2002-07-14,53214.98,0.00,454.26,0.00,25.44,12.25,1421.49,38.00
2002-07-15,52876.88,0.00,429.07,0.00,26.90,14.26,1624.25,35.00
2002-07-16,52876.81,0.00,468.15,0.00,29.08,13.99,1600.93,34.00
2002-07-17,52876.81,0.00,445.19,0.00,28.22,14.28,1622.52,33.00
2002-07-18,52869.40,0.00,434.95,0.00,32.33,18.03,2075.56,30.00
2002-07-19,52531.21,0.60,415.82,0.00,30.82,17.36,1977.22,28.00
2002-07-20,52531.21,13.46,310.21,0.00,28.09,15.69,1781.06,32.00
2002-07-21,52531.21,0.00,430.18,0.00,26.98,14.01,1602.97,44.00
2002-07-22,52340.82,0.00,376.53,0.00,28.93,17.77,2034.88,36.00
2002-07-23,52185.59,0.17,352.72,0.00,30.83,20.14,2342.92,38.00
2002-07-24,52185.59,16.98,362.92,0.00,29.06,12.80,1472.26,77.00
2002-07-25,52119.70,0.00,405.91,0.00,23.59,11.87,1394.00,72.00
2002-07-26,51839.98,5.17,276.18,0.00,22.21,13.08,1501.39,57.00
2002-07-27,51839.98,13.06,152.70,0.00,19.65,14.79,1686.04,49.00
2002-07-28,51774.12,13.54,241.24,0.00,26.06,17.04,1940.91,61.00
2002-07-29,51494.41,7.44,259.84,0.00,27.87,17.90,2054.52,81.00
2002-07-30,51494.41,1.34,315.02,0.00,30.14,20.08,2335.16,77.00
2002-07-31,51304.00,0.00,424.99,0.00,28.45,15.43,1755.04,56.00
2002-08-01,51148.79,0.00,429.94,0.00,30.75,16.96,1927.45,40.00
2002-08-02,51148.79,0.00,419.13,0.00,31.60,18.05,2080.40,31.00
2002-08-03,50803.21,3.36,342.51,0.00,31.88,18.19,2096.52,29.00
2002-08-04,50803.21,0.00,468.49,0.00,30.31,14.44,1645.36,26.00
2002-08-05,50795.79,8.33,316.22,0.00,31.08,17.41,1986.45,27.00
2002-08-06,50457.60,0.00,460.99,0.00,28.48,13.27,1520.84,34.00
2002-08-07,50457.60,0.00,398.94,0.00,20.24,9.09,1167.48,33.00
2002-08-08,50112.00,0.00,458.98,0.00,22.09,8.14,1090.84,30.00
2002-08-09,50112.00,0.00,474.81,0.00,23.33,8.12,1089.88,25.00
2002-08-10,50104.59,0.00,486.78,0.00,26.15,9.53,1202.60,20.00
2002-08-11,49766.39,0.00,473.06,0.00,28.84,12.40,1431.73,17.00
2002-08-12,49766.39,0.02,467.33,0.00,30.28,13.77,1575.08,15.00
2002-08-13,49420.81,0.00,445.22,0.00,31.81,16.12,1823.24,22.00
2002-08-14,49420.81,1.00,401.59,0.00,31.33,17.08,1940.79,16.00
2002-08-15,49075.28,0.00,407.32,0.00,32.57,18.58,2134.42,15.00
2002-08-16,49075.21,2.53,286.87,0.00,29.30,19.14,2220.48,14.00
2002-08-17,49067.80,1.52,338.57,0.00,29.70,17.76,2033.54,46.00
2002-08-18,48729.59,0.00,364.55,0.00,29.77,18.24,2101.05,29.00
2002-08-19,48729.59,0.00,483.06,0.00,30.69,12.21,1420.54,16.00
2002-08-20,48383.99,5.56,319.29,0.00,28.16,13.85,1586.83,15.00
2002-08-21,48383.99,0.00,452.77,0.00,24.75,9.46,1197.00,13.00
2002-08-22,48038.40,0.01,433.36,0.00,27.64,12.71,1471.02,13.00
2002-08-23,48038.40,10.41,267.66,0.00,28.90,17.33,1972.33,13.00
2002-08-24,47692.79,14.53,148.38,0.00,23.03,17.37,1979.12,16.00
2002-08-25,47692.79,6.83,241.24,0.00,24.04,14.54,1654.43,19.00
2002-08-26,47347.27,0.00,420.87,0.00,25.07,10.99,1318.85,16.00
2002-08-27,47347.20,0.00,414.54,0.00,26.37,12.17,1414.32,15.00
2002-08-28,47156.81,0.00,385.24,0.00,24.83,12.13,1412.75,14.00
2002-08-29,47001.60,0.78,326.56,0.00,20.51,10.58,1286.17,14.00
2002-08-30,46994.19,0.19,197.49,0.00,16.08,10.55,1284.16,14.00
2002-08-31,46655.99,0.00,395.35,0.00,23.34,10.35,1267.72,13.00
2002-09-01,46655.99,0.05,419.62,0.00,25.81,10.93,1314.04,12.00
2002-09-02,46310.38,6.19,163.40,0.00,18.87,12.65,1456.60,12.00
2002-09-03,46310.38,0.00,358.45,0.00,24.00,12.57,1447.12,12.00
2002-09-04,45964.79,0.00,386.76,0.00,28.62,15.12,1725.44,11.00
2002-09-05,45964.79,0.00,405.68,0.00,26.62,12.45,1437.74,10.00
2002-09-06,45619.20,0.00,456.98,0.00,24.27,6.83,977.93,10.00
2002-09-07,45619.20,0.00,463.49,0.00,25.51,6.86,974.57,9.60
2002-09-08,45273.61,0.00,454.73,0.00,28.75,9.68,1183.46,9.20
2002-09-09,45273.61,0.00,461.32,0.00,30.60,9.89,1193.72,8.60
2002-09-10,44928.00,0.00,459.24,0.00,32.74,11.01,1280.93,8.10
2002-09-11,44928.00,0.00,430.46,0.00,32.18,13.23,1503.61,8.70
2002-09-12,44582.39,0.00,397.90,0.00,20.04,5.75,922.80,9.70
2002-09-13,44582.39,0.00,415.01,0.00,22.24,6.34,945.91,9.90
2002-09-14,44236.80,0.00,434.87,0.00,26.53,8.07,1034.33,10.00
2002-09-15,44236.80,10.69,256.22,0.00,28.02,15.73,1782.97,23.00
2002-09-16,43891.20,28.82,126.68,0.00,21.23,15.65,1776.39,48.00
2002-09-17,43891.20,0.00,314.64,0.00,21.43,10.47,1277.50,38.00
2002-09-18,43545.59,0.00,404.05,0.00,24.94,8.58,1122.04,32.00
2002-09-19,43545.59,0.01,376.17,0.00,24.44,9.82,1225.80,31.00
2002-09-20,43200.02,0.00,236.56,0.00,22.20,14.16,1618.45,31.00
2002-09-21,43200.02,0.07,244.28,0.00,25.71,17.10,1946.25,29.00
2002-09-22,42854.41,23.25,152.16,0.00,23.31,16.44,1864.34,34.00
2002-09-23,42854.41,28.82,249.39,0.00,21.85,9.70,1216.35,145.00
2002-09-24,42508.79,0.00,376.95,0.00,18.40,3.97,814.00,99.00
2002-09-25,42508.79,0.00,399.72,0.00,21.69,4.82,862.48,65.00
2002-09-26,42163.20,0.22,350.20,0.00,20.52,6.96,998.52,57.00
2002-09-27,42163.20,24.44,108.27,0.00,14.91,10.21,1256.66,212.00
2002-09-28,41817.59,26.87,177.65,0.00,19.47,11.23,1338.16,437.00
2002-09-29,41817.59,0.00,391.35,0.00,20.11,3.19,769.50,193.00
2002-09-30,41472.02,0.00,376.06,0.00,19.82,3.86,808.66,133.00
2002-10-01,41472.02,0.00,305.23,0.00,20.53,8.73,1138.39,107.00
2002-10-02,41126.39,0.00,291.78,0.00,24.43,12.61,1451.41,87.00
2002-10-03,41126.39,0.60,249.11,0.00,25.79,15.77,1781.28,73.00
2002-10-04,40780.78,1.94,204.29,0.00,21.48,13.74,1572.28,63.00
2002-10-05,40780.78,3.96,114.71,0.00,19.67,14.09,1607.52,65.00
2002-10-06,40435.20,0.00,360.90,0.00,19.50,3.82,806.71,61.00
2002-10-07,40435.20,0.00,303.58,0.00,17.31,5.60,913.28,56.00
2002-10-08,40089.59,0.00,369.52,0.00,16.96,0.63,637.38,52.00
2002-10-09,40089.59,0.00,295.90,0.00,12.84,1.90,705.41,48.00
2002-10-10,39744.00,0.11,269.92,0.00,14.39,4.73,857.53,46.00
2002-10-11,39744.00,19.91,115.45,0.00,14.05,9.03,1162.12,61.00
2002-10-12,39405.81,34.94,52.24,0.00,12.60,10.70,1296.34,499.00
2002-10-13,39398.39,1.77,125.35,0.00,15.23,11.07,1325.32,430.00
2002-10-14,39243.18,2.48,321.20,0.00,14.51,-0.11,605.46,336.00
2002-10-15,39052.80,0.00,312.85,0.00,9.57,-1.47,554.47,264.00
2002-10-16,39052.80,16.01,243.11,0.00,11.67,-0.73,581.48,650.00
2002-10-17,38707.19,20.53,88.96,0.00,7.82,4.22,826.14,1070.00
2002-10-18,38707.19,0.00,310.79,0.00,10.39,-0.91,573.14,576.00
2002-10-19,38361.61,3.77,252.43,0.00,9.84,-0.88,575.56,441.00
2002-10-20,38361.61,4.31,197.05,0.00,9.81,0.86,639.94,380.00
2002-10-21,38015.99,0.00,302.38,0.00,11.16,-0.22,603.56,304.00
2002-10-22,38015.99,0.00,299.41,0.00,8.92,-2.46,512.81,257.00
2002-10-23,37670.39,0.00,314.96,0.00,12.36,-0.66,585.67,226.00
2002-10-24,37670.39,0.03,300.03,0.00,6.93,-4.69,436.79,202.00
2002-10-25,37390.68,5.73,204.84,0.00,5.19,-4.54,440.12,188.00
2002-10-26,37324.80,14.84,152.79,0.00,7.31,0.61,636.22,503.00
2002-10-27,37324.73,0.43,180.73,0.00,11.75,5.45,909.99,445.00
2002-10-28,36979.21,0.00,256.61,0.00,11.13,1.53,682.60,376.00
2002-10-29,36979.21,0.03,296.80,0.00,7.97,-4.10,449.56,329.00
2002-10-30,36633.62,5.63,130.66,0.00,2.29,-3.34,477.57,310.00
2002-10-31,36633.62,3.51,168.70,0.00,1.24,-5.58,405.21,296.00
2002-11-01,36295.40,0.00,282.16,0.00,6.08,-3.86,454.59,281.00
2002-11-02,36287.99,1.97,240.23,0.00,4.20,-4.13,451.55,268.00
2002-11-03,36287.99,0.00,157.58,0.00,2.01,-2.83,496.86,245.00
2002-11-04,35942.39,0.00,177.87,0.00,2.79,-3.04,480.00,227.00
2002-11-05,35942.39,0.47,153.59,0.00,2.81,-2.27,520.16,213.00
2002-11-06,35604.21,6.27,141.41,0.00,5.43,-0.82,576.50,273.00
2002-11-07,35596.80,1.65,169.02,0.00,5.13,-0.35,598.37,291.00
2002-11-08,35596.80,0.00,237.75,0.00,5.49,-3.02,480.00,255.00
2002-11-09,35251.20,0.00,280.94,0.00,13.69,0.97,640.09,242.00
2002-11-10,35251.20,0.00,228.41,0.00,14.72,5.85,921.60,231.00
2002-11-11,35207.35,7.28,137.38,0.00,16.90,9.95,1236.11,293.00
2002-11-12,34905.62,1.50,243.73,0.00,15.68,4.26,821.42,334.00
2002-11-13,34905.62,10.11,96.41,0.00,7.31,2.95,756.20,428.00
2002-11-14,34625.88,0.00,194.14,0.00,5.95,-1.09,561.99,379.00
2002-11-15,34559.98,0.00,265.56,0.00,11.64,-0.85,572.25,354.00
2002-11-16,34559.98,8.07,193.00,0.00,10.88,-1.35,555.47,349.00
2002-11-17,34280.28,19.31,74.45,0.00,1.97,-1.36,555.29,812.00
2002-11-18,34214.41,6.78,65.74,0.00,1.81,-1.07,565.92,861.00
2002-11-19,34214.41,0.02,164.32,0.00,1.72,-3.99,453.73,666.00
2002-11-20,34059.20,0.00,131.15,0.00,2.37,-2.06,525.93,562.00
2002-11-21,33868.82,0.05,239.64,0.00,9.73,-0.75,580.10,511.00
2002-11-22,33868.82,8.30,99.43,0.00,6.26,1.74,699.49,509.00
2002-11-23,33868.82,12.28,178.20,0.00,6.15,-4.01,456.25,535.00
2002-11-24,33530.62,0.00,172.14,0.00,2.90,-3.08,486.04,451.00
2002-11-25,33523.21,0.00,225.92,0.00,6.06,-3.18,481.65,414.00
2002-11-26,33523.21,0.19,212.04,0.00,5.41,-3.17,480.00,374.00
2002-11-27,33523.14,6.13,143.80,0.00,2.54,-4.61,439.55,347.00
2002-11-28,33185.02,0.00,233.04,0.00,-1.05,-10.87,269.00,317.00
2002-11-29,33177.61,0.00,174.58,0.00,-1.84,-8.11,330.00,295.00
2002-11-30,33177.61,0.00,184.56,0.00,3.73,-3.27,480.67,282.00
2002-12-01,33177.61,0.82,239.32,0.00,4.88,-7.69,340.52,265.00
2002-12-02,33022.39,0.23,178.90,0.00,-2.95,-9.38,297.53,236.00
2002-12-03,32831.99,3.79,212.97,0.00,-1.53,-16.66,167.00,208.00
2002-12-04,32831.99,0.00,241.05,0.00,-7.67,-17.07,162.75,170.00
2002-12-05,32831.99,4.38,203.95,0.00,-4.08,-15.12,191.51,186.00
2002-12-06,32831.99,9.53,122.12,0.00,-4.50,-10.04,280.00,183.00
2002-12-07,32831.92,0.00,240.08,0.00,-3.29,-13.20,224.62,168.00
2002-12-08,32676.78,0.00,238.56,0.00,-0.41,-10.37,280.00,164.00
2002-12-09,32493.81,0.00,283.01,0.00,0.50,-17.73,159.83,145.00
2002-12-10,32486.40,0.00,261.74,0.00,-4.98,-17.63,159.71,140.00
2002-12-11,32486.40,0.32,258.42,0.00,1.27,-11.75,240.25,144.00
2002-12-12,32486.40,14.75,117.77,0.00,0.91,-4.93,434.79,174.00
2002-12-13,32486.40,0.46,89.04,0.00,1.69,-1.47,550.73,181.00
2002-12-14,32486.40,15.01,58.23,0.00,1.76,-0.92,571.26,337.00
2002-12-15,32486.40,1.51,70.03,0.00,1.91,-0.41,594.61,426.00
2002-12-16,32486.40,1.42,112.24,0.00,1.19,-2.61,510.94,366.00
2002-12-17,32486.40,0.00,249.78,0.00,-0.86,-12.45,238.36,300.00
2002-12-18,32486.33,0.00,238.86,0.00,-4.42,-14.96,197.99,260.00
2002-12-19,32486.33,0.00,258.26,0.00,0.25,-13.14,220.28,285.00
2002-12-20,32486.33,11.12,175.82,0.00,7.87,-3.47,472.10,1070.00
2002-12-21,32486.33,5.12,167.15,0.00,8.60,-1.64,547.94,1020.00
2002-12-22,32486.33,0.00,133.36,0.00,2.61,-2.52,518.30,706.00
2002-12-23,32486.33,0.00,164.23,0.00,3.52,-2.96,491.57,557.00
2002-12-24,32486.40,0.00,141.72,0.00,1.41,-4.04,453.87,453.00
2002-12-25,32486.40,14.09,58.14,0.00,-1.47,-4.22,447.52,411.00
2002-12-26,32486.40,14.43,92.94,0.00,-1.82,-6.20,385.35,359.00
2002-12-27,32486.40,0.00,97.05,0.00,-1.73,-5.09,432.50,305.00
2002-12-28,32486.40,0.00,204.26,0.00,-2.99,-10.93,279.97,265.00
2002-12-29,32486.40,0.00,188.12,0.00,-0.88,-8.04,320.06,258.00
2002-12-30,32486.40,0.01,237.29,0.00,1.99,-8.38,321.79,233.00
2002-12-31,32486.40,1.00,227.68,0.00,1.51,-7.82,339.43,228.00
2003-01-01,32486.40,12.89,152.73,0.00,7.12,-0.77,577.50,396.00
2003-01-02,32552.27,22.64,136.76,0.00,-0.12,-6.53,375.16,961.00
2003-01-03,32788.14,9.75,92.89,0.00,-3.06,-7.08,359.67,555.00
2003-01-04,32831.99,11.35,81.16,0.00,-2.18,-5.64,402.31,459.00
2003-01-05,32831.99,0.83,157.29,0.00,-1.75,-7.25,354.76,395.00
2003-01-06,32831.99,3.25,114.17,0.00,-3.23,-7.83,337.17,357.00
2003-01-07,32831.99,4.15,195.30,0.00,-2.26,-12.32,239.96,317.00
2003-01-08,32897.87,2.15,247.41,0.00,-0.67,-11.89,248.19,304.00
2003-01-09,33177.54,0.00,125.94,0.00,2.95,-1.08,566.54,334.00
2003-01-10,33177.61,0.99,218.17,0.00,3.73,-3.89,451.97,375.00
2003-01-11,33177.61,0.00,214.99,0.00,-3.22,-10.40,278.24,303.00
2003-01-12,33177.61,0.00,151.28,0.00,-5.91,-10.57,273.15,263.00
2003-01-13,33367.98,0.00,230.36,0.00,-3.65,-11.49,240.83,234.00
2003-01-14,33523.21,0.00,288.66,0.00,-3.31,-14.90,195.74,200.00
2003-01-15,33523.21,0.00,198.73,0.00,-7.70,-13.91,206.84,210.00
2003-01-16,33523.21,0.00,214.05,0.00,-7.48,-14.22,204.66,190.00
2003-01-17,33713.60,1.14,204.39,0.00,-8.25,-14.61,200.00,170.00
2003-01-18,33868.82,0.00,322.13,0.00,-7.53,-22.39,104.15,160.00
2003-01-19,33868.82,0.00,287.26,0.00,-8.34,-18.59,143.06,170.00
2003-01-20,33876.23,0.33,202.01,0.00,-7.10,-13.11,222.15,176.00
2003-01-21,34214.41,0.00,293.94,0.00,-8.37,-18.79,136.36,147.00
2003-01-22,34214.41,0.00,296.25,0.00,-8.47,-18.84,135.05,144.00
2003-01-23,34214.41,0.00,301.78,0.00,-10.03,-20.56,121.60,143.00
2003-01-24,34559.92,0.94,292.48,0.00,-10.60,-20.26,124.91,145.00
2003-01-25,34559.98,0.00,309.73,0.00,-6.39,-17.19,162.55,147.00
2003-01-26,34559.98,0.00,192.83,0.00,-5.96,-11.31,255.03,136.00
2003-01-27,34905.62,6.31,263.08,0.00,-4.99,-19.97,121.50,115.00
2003-01-28,34905.62,0.63,280.51,0.00,-12.54,-21.14,120.00,114.00
2003-01-29,34905.62,2.63,247.14,0.00,-6.57,-15.41,185.63,121.00
2003-01-30,35251.20,0.00,357.20,0.00,-1.31,-15.67,184.10,112.00
2003-01-31,35251.20,0.00,358.16,0.00,-1.52,-15.66,179.04,106.00
2003-02-01,35317.09,2.69,203.05,0.00,0.53,-6.31,378.87,104.00
2003-02-02,35596.80,2.66,81.23,0.00,1.81,-0.60,591.84,102.00
2003-02-03,35596.80,0.00,163.56,0.00,1.15,-3.10,486.16,97.00
2003-02-04,35942.39,12.29,210.53,0.00,5.50,-2.71,501.56,146.00
2003-02-05,35942.39,3.52,281.73,0.00,3.38,-8.71,317.19,191.00
2003-02-06,35949.80,0.00,309.63,0.00,-5.08,-14.07,205.71,150.00
2003-02-07,36287.99,3.77,248.05,0.00,-3.93,-13.78,212.22,137.00
2003-02-08,36287.99,0.73,350.82,0.00,-1.72,-14.61,200.00,122.00
2003-02-09,36633.62,0.00,279.40,0.00,-4.86,-12.49,240.00,120.00
2003-02-10,36633.62,0.01,250.17,0.00,-2.50,-8.99,307.67,115.00
2003-02-11,36823.99,4.02,312.99,0.00,-1.94,-18.84,134.48,110.00
2003-02-12,36979.21,2.31,324.07,0.00,-5.48,-18.45,144.25,108.00
2003-02-13,36979.21,0.00,243.75,0.00,-8.76,-14.93,196.26,101.00
2003-02-14,37324.80,0.00,291.85,0.00,-8.44,-16.14,167.54,99.00
2003-02-15,37324.80,0.00,359.50,0.00,-3.56,-14.06,201.42,86.00
2003-02-16,37670.39,0.04,303.37,0.00,-10.80,-18.74,137.81,75.00
2003-02-17,37670.39,18.44,192.43,0.00,-11.40,-17.51,157.54,80.00
2003-02-18,38015.92,9.13,152.77,0.00,-7.43,-12.02,245.54,101.00
2003-02-19,38015.99,0.00,322.70,0.00,-1.62,-9.53,295.67,106.00
2003-02-20,38081.87,0.00,304.71,0.00,2.44,-4.91,435.53,98.00
2003-02-21,38361.61,0.00,452.96,0.00,5.86,-9.84,280.00,94.00
2003-02-22,38361.61,6.54,326.72,0.00,6.87,-6.77,368.03,111.00
2003-02-23,38707.19,12.61,166.32,0.00,4.42,-0.54,596.74,412.00
2003-02-24,38707.19,2.68,375.60,0.00,3.07,-11.20,259.60,467.00
2003-02-25,39052.80,5.40,225.02,0.00,-3.99,-10.68,275.87,367.00
2003-02-26,39052.80,0.00,424.96,0.00,-5.29,-16.17,172.40,320.00
2003-02-27,39398.39,0.00,408.67,0.00,-5.27,-15.25,188.54,305.00
2003-02-28,39398.39,0.00,238.19,0.00,-3.67,-8.56,318.05,287.00
2003-03-01,39744.00,0.00,231.90,0.00,-0.84,-5.44,410.80,266.00
2003-03-02,39744.00,0.00,180.51,0.00,0.53,-2.87,492.59,255.00
2003-03-03,40089.59,0.70,528.15,0.00,3.01,-19.89,125.49,240.00
2003-03-04,40089.59,0.00,433.92,0.00,-8.38,-18.53,142.06,230.00
2003-03-05,40435.20,0.03,465.65,0.00,2.12,-9.96,286.93,223.00
2003-03-06,40435.20,2.58,422.17,0.00,5.45,-6.69,360.06,218.00
2003-03-07,40780.78,8.16,388.65,0.00,-5.65,-19.92,120.00,200.00
2003-03-08,40780.78,0.00,537.03,0.00,-0.13,-17.60,156.72,200.00
2003-03-09,41126.39,5.69,352.61,0.00,5.36,-6.19,385.74,202.00
2003-03-10,41126.39,0.00,499.95,0.00,-0.97,-14.05,207.77,200.00
2003-03-11,41472.02,0.00,419.98,0.00,-5.41,-14.83,200.00,170.00
2003-03-12,41472.02,0.00,511.14,0.00,1.49,-12.16,243.12,187.00
2003-03-13,41817.59,6.03,330.51,0.00,7.49,-2.80,496.08,195.00
2003-03-14,41817.59,8.42,389.14,0.00,-0.01,-13.18,220.51,186.00
2003-03-15,42163.20,0.00,525.68,0.00,2.91,-10.86,268.80,193.00
2003-03-16,42163.20,0.00,516.00,0.00,12.04,-2.01,520.00,324.00
2003-03-17,42508.79,0.00,529.66,0.00,15.50,0.13,610.62,1190.00
2003-03-18,42508.79,0.00,548.42,0.00,18.79,1.22,657.56,2280.00
2003-03-19,42854.41,0.00,470.23,0.00,8.54,-3.10,486.04,2180.00
2003-03-20,42854.41,11.90,339.83,0.00,7.86,-3.19,482.45,2570.00
2003-03-21,43200.02,20.11,250.52,0.00,5.33,-1.99,530.23,4500.00
2003-03-22,43200.02,4.99,379.09,0.00,15.42,1.81,696.63,3140.00
2003-03-23,43200.02,1.53,359.33,0.00,9.50,0.50,639.69,2020.00
2003-03-24,43545.59,0.00,508.22,0.00,10.71,-2.39,519.23,1480.00
2003-03-25,43545.59,0.00,520.88,0.00,15.29,0.89,644.32,1180.00
2003-03-26,43891.20,2.48,474.95,0.00,20.17,4.23,818.80,1040.00
2003-03-27,43891.20,6.86,316.74,0.00,7.83,-2.06,527.97,887.00
2003-03-28,44236.80,0.00,527.51,0.00,14.42,-0.04,608.75,689.00
2003-03-29,44236.80,6.66,214.07,0.00,14.76,8.29,1103.41,677.00
2003-03-30,44582.39,9.84,415.02,0.00,14.37,-1.82,534.64,753.00
2003-03-31,44582.39,9.94,235.99,0.00,-1.25,-8.03,331.14,638.00
2003-04-01,44928.00,3.92,346.19,0.00,0.35,-10.26,281.17,576.00
2003-04-02,44928.00,8.80,401.36,0.00,8.27,-5.47,408.16,757.00
2003-04-03,45273.61,0.00,581.51,0.00,21.15,2.99,758.99,847.00
2003-04-04,45273.61,0.00,471.01,0.00,12.97,1.47,675.80,712.00
2003-04-05,45619.20,15.04,205.83,0.00,5.42,-0.38,595.65,1100.00
2003-04-06,45619.20,0.00,548.44,0.00,7.90,-6.02,390.72,906.00
2003-04-07,45964.79,0.44,441.65,0.00,4.20,-5.51,406.60,761.00
2003-04-08,45964.79,10.96,92.07,0.00,-2.19,-4.24,448.31,664.00
2003-04-09,46310.38,0.00,186.82,0.00,0.37,-3.08,487.13,582.00
2003-04-10,46310.38,0.00,273.11,0.00,3.50,-1.68,543.51,572.00
2003-04-11,46655.99,0.79,559.65,0.00,12.07,-1.54,548.08,823.00
2003-04-12,46655.99,13.29,293.91,0.00,8.76,0.99,652.98,1120.00
2003-04-13,47001.60,0.00,634.80,0.00,16.49,-2.52,508.37,838.00
2003-04-14,47001.60,0.00,601.75,0.00,12.79,-2.89,488.62,683.00
2003-04-15,47347.20,0.00,612.67,0.00,20.81,2.97,753.62,579.00
2003-04-16,47347.20,0.00,604.13,0.00,26.78,8.01,1052.31,503.00
2003-04-17,47692.79,0.09,656.14,0.00,26.44,-1.02,546.88,436.00
2003-04-18,47692.79,1.26,359.08,0.00,6.30,-1.31,557.81,390.00
2003-04-19,48038.40,2.71,311.55,0.00,7.35,-0.26,600.65,385.00
2003-04-20,48038.40,0.00,549.13,0.00,17.26,3.60,797.55,359.00
2003-04-21,48318.11,0.06,482.53,0.00,18.40,7.17,1013.55,330.00
2003-04-22,48383.99,6.37,156.64,0.00,11.95,7.78,1062.52,341.00
2003-04-23,48384.06,0.00,518.81,0.00,11.50,-0.23,602.11,323.00
2003-04-24,48729.59,0.00,450.23,0.00,6.14,-3.16,484.68,295.00
2003-04-25,48729.59,0.00,609.93,0.00,13.85,-2.21,523.02,272.00
2003-04-26,49075.21,5.56,371.43,0.00,18.59,7.28,1022.26,269.00
2003-04-27,49075.21,1.37,492.07,0.00,13.89,1.66,688.55,276.00
2003-04-28,49420.81,0.00,602.82,0.00,19.46,2.46,719.30,252.00
2003-04-29,49420.81,0.02,597.91,0.00,24.69,6.84,980.99,239.00
2003-04-30,49576.01,0.00,585.82,0.00,20.98,4.45,836.19,224.00
2003-05-01,49766.39,0.00,516.41,0.00,19.65,6.65,980.12,214.00
2003-05-02,49766.39,10.60,406.64,0.00,25.65,12.36,1428.72,213.00
2003-05-03,50112.00,0.96,540.79,0.00,19.05,3.58,793.81,205.00
2003-05-04,50112.00,0.00,534.87,0.00,15.09,1.67,688.36,191.00
2003-05-05,50450.20,0.03,538.85,0.00,17.93,3.76,801.48,182.00
2003-05-06,50457.60,2.98,272.36,0.00,10.75,3.72,799.48,182.00
2003-05-07,50457.60,0.69,521.56,0.00,19.08,5.10,881.30,175.00
2003-05-08,50803.21,8.19,374.89,0.00,22.98,9.38,1190.64,178.00
2003-05-09,50803.21,1.04,417.97,0.00,18.35,7.22,1017.91,171.00
2003-05-10,51082.91,0.00,404.12,0.00,17.28,7.12,1009.50,161.00
2003-05-11,51148.79,0.36,458.32,0.00,23.48,10.75,1300.37,169.00
2003-05-12,51148.79,8.39,358.06,0.00,22.80,9.23,1178.36,221.00
2003-05-13,51494.41,2.66,170.76,0.00,10.23,5.76,922.62,198.00
2003-05-14,51494.41,0.73,173.65,0.00,9.35,5.58,913.91,179.00
2003-05-15,51494.41,0.28,430.10,0.00,13.24,2.91,753.12,167.00
2003-05-16,51839.98,7.40,297.04,0.00,15.74,6.54,967.23,193.00
2003-05-17,51839.98,9.41,150.11,0.00,10.48,6.45,957.67,339.00
2003-05-18,51840.05,0.00,330.60,0.00,13.46,6.43,960.91,281.00
2003-05-19,52185.59,0.00,568.09,0.00,19.80,2.57,725.10,256.00
2003-05-20,52185.59,0.00,560.89,0.00,22.54,4.92,860.59,239.00
2003-05-21,52185.59,5.08,370.89,0.00,20.89,7.38,1030.42,235.00
2003-05-22,52523.80,0.00,380.65,0.00,12.36,3.46,786.23,224.00
2003-05-23,52531.21,0.00,407.60,0.00,15.86,5.99,936.08,205.00
2003-05-24,52531.21,13.16,217.82,0.00,16.02,9.37,1189.52,338.00
2003-05-25,52686.43,6.14,215.74,0.00,15.25,8.81,1144.90,410.00
2003-05-26,52876.81,5.03,265.73,0.00,18.66,10.39,1271.21,357.00
2003-05-27,52876.81,3.11,265.34,0.00,14.55,7.27,1021.58,330.00
2003-05-28,52876.81,1.05,384.24,0.00,18.15,8.38,1110.27,304.00
2003-05-29,53032.03,3.71,400.66,0.00,17.69,6.85,987.97,303.00
2003-05-30,53222.40,0.00,487.70,0.00,20.43,8.03,1081.51,265.00
2003-05-31,53222.40,9.93,360.58,0.00,21.28,8.98,1158.41,290.00
2003-06-01,53222.40,34.57,283.30,0.00,14.16,6.15,943.30,1600.00
2003-06-02,53222.47,1.67,431.94,0.00,13.39,2.77,742.67,1060.00
2003-06-03,53502.11,0.07,520.68,0.00,18.91,5.36,904.56,733.00
2003-06-04,53567.98,6.65,251.26,0.00,14.34,7.62,1049.25,686.00
2003-06-05,53567.98,2.92,191.96,0.00,13.79,9.07,1165.49,606.00
2003-06-06,53567.98,0.00,370.07,0.00,17.49,9.95,1235.73,486.00
2003-06-07,53567.98,7.08,365.00,0.00,21.67,9.96,1236.86,487.00
2003-06-08,53611.84,7.97,193.43,0.00,16.80,11.88,1390.77,523.00
2003-06-09,53847.71,2.24,405.89,0.00,21.20,11.63,1370.12,423.00
2003-06-10,53913.61,0.00,523.78,0.00,21.29,8.07,1085.92,381.00
2003-06-11,53913.61,1.32,479.21,0.00,23.62,11.74,1384.77,343.00
2003-06-12,53913.61,8.98,224.90,0.00,22.35,16.28,1842.21,349.00
2003-06-13,53913.61,5.55,145.31,0.00,20.48,16.72,1899.22,366.00
2003-06-14,53913.61,4.30,266.25,0.00,23.69,16.26,1840.42,331.00
2003-06-15,53913.61,0.00,517.77,0.00,24.81,11.20,1336.09,280.00
2003-06-16,53913.61,0.00,566.04,0.00,24.07,6.09,936.23,241.00
2003-06-17,53913.61,0.02,522.25,0.00,23.71,9.31,1184.53,218.00
2003-06-18,53913.61,7.60,302.81,0.00,20.37,11.59,1366.91,240.00
2003-06-19,53913.67,0.00,288.65,0.00,17.54,11.96,1399.18,234.00
2003-06-20,53913.67,13.74,354.05,0.00,22.12,11.19,1334.99,217.00
2003-06-21,53913.67,43.97,171.89,0.00,15.24,11.04,1323.04,1810.00
2003-06-22,53913.67,10.78,206.77,0.00,16.29,11.20,1336.18,1350.00
2003-06-23,53913.67,0.00,511.99,0.00,24.50,11.40,1352.01,871.00
2003-06-24,53913.67,0.00,537.16,0.00,28.34,12.03,1402.09,581.00
2003-06-25,53913.61,0.00,535.50,0.00,30.25,13.08,1495.78,438.00
2003-06-26,53913.61,0.00,502.01,0.00,31.05,16.00,1807.00,358.00
2003-06-27,53913.61,0.00,469.49,0.00,30.10,17.09,1934.59,313.00
2003-06-28,53913.61,0.00,512.20,0.00,24.42,10.33,1266.37,268.00
2003-06-29,53913.61,0.00,497.14,0.00,25.61,12.06,1404.67,231.00
2003-06-30,53913.61,0.00,401.80,0.00,25.90,16.25,1839.47,207.00
2003-07-01,53913.61,0.00,497.29,0.00,23.56,10.33,1266.33,189.00
2003-07-02,53913.61,0.00,505.89,0.00,26.07,11.73,1378.95,169.00
2003-07-03,53906.19,0.00,458.54,0.00,26.63,14.55,1650.00,154.00
2003-07-04,53723.20,0.00,452.53,0.00,28.03,15.79,1789.15,144.00
2003-07-05,53568.05,0.00,422.73,0.00,29.34,17.90,2056.59,132.00
2003-07-06,53567.98,0.00,400.75,0.00,28.72,18.11,2086.11,120.00
2003-07-07,53567.98,0.03,440.84,0.00,29.06,16.80,1910.33,156.00
2003-07-08,53567.98,4.24,264.49,0.00,26.61,17.85,2048.47,238.00
2003-07-09,53567.98,0.24,412.93,0.00,29.49,17.95,2071.59,163.00
2003-07-10,53377.61,12.09,297.64,0.00,20.99,11.37,1349.69,162.00
2003-07-11,53222.40,22.14,219.53,0.00,20.49,13.84,1585.53,250.00
2003-07-12,53222.40,0.00,456.19,0.00,24.89,12.63,1454.92,204.00
2003-07-13,53222.40,0.00,466.42,0.00,23.39,10.65,1291.83,154.00
2003-07-14,53214.98,0.00,456.85,0.00,24.13,11.52,1361.56,132.00
2003-07-15,52876.88,0.00,434.89,0.00,25.93,14.00,1600.31,121.00
2003-07-16,52876.81,4.27,288.12,0.00,25.53,15.65,1780.23,128.00
2003-07-17,52876.81,0.00,510.00,0.00,26.27,10.66,1292.55,116.00
2003-07-18,52869.40,8.45,355.90,0.00,25.97,12.16,1418.52,112.00
2003-07-19,52531.21,9.04,387.15,0.00,25.37,8.82,1145.24,146.00
2003-07-20,52531.21,0.00,478.92,0.00,23.64,9.68,1214.27,120.00
2003-07-21,52531.21,8.37,261.91,0.00,24.31,15.00,1720.16,112.00
2003-07-22,52340.82,41.10,298.35,0.00,25.58,14.39,1641.12,561.00
2003-07-23,52185.59,5.76,183.10,0.00,21.52,15.42,1754.12,365.00
2003-07-24,52185.59,11.98,237.14,0.00,23.68,15.64,1774.14,614.00
2003-07-25,52119.70,2.02,407.31,0.00,22.21,11.43,1354.63,363.00
2003-07-26,51839.98,0.00,457.42,0.00,26.00,12.89,1476.63,267.00
2003-07-27,51839.98,19.60,259.55,0.00,26.37,17.74,2037.85,253.00
2003-07-28,51774.12,17.35,274.40,0.00,25.28,15.89,1798.13,372.00
2003-07-29,51494.41,0.00,475.03,0.00,23.56,10.21,1256.66,260.00
2003-07-30,51494.41,0.00,483.05,0.00,24.91,10.72,1297.62,209.00
2003-07-31,51304.00,0.00,481.46,0.00,26.39,11.91,1392.76,178.00
2003-08-01,51148.79,20.07,272.89,0.00,23.75,14.52,1654.06,617.00
2003-08-02,51148.79,13.36,230.42,0.00,23.56,16.05,1820.39,549.00
2003-08-03,50803.21,7.49,277.58,0.00,26.53,16.89,1920.94,435.00
2003-08-04,50803.21,7.00,223.96,0.00,26.03,18.61,2142.06,852.00
2003-08-05,50795.79,6.88,288.75,0.00,26.69,17.61,2015.93,3510.00
2003-08-06,50457.60,9.07,225.09,0.00,23.28,16.16,1831.16,2070.00
2003-08-07,50457.60,1.37,345.86,0.00,23.95,15.00,1706.26,1110.00
2003-08-08,50112.00,0.00,389.16,0.00,26.17,16.13,1825.45,737.00
2003-08-09,50112.00,10.79,288.52,0.00,26.99,16.89,1922.43,594.00
2003-08-10,50104.59,12.81,210.10,0.00,24.76,17.98,2066.27,581.00
2003-08-11,49766.39,7.08,326.52,0.00,26.10,17.38,1981.44,502.00
2003-08-12,49766.39,5.80,178.29,0.00,22.75,17.31,1972.63,609.00
2003-08-13,49420.81,0.00,389.26,0.00,26.61,16.65,1891.13,431.00
2003-08-14,49420.81,0.00,428.62,0.00,28.98,17.01,1936.22,367.00
2003-08-15,49075.28,0.00,438.21,0.00,28.90,16.37,1855.21,309.00
2003-08-16,49075.21,0.58,397.63,0.00,28.47,17.72,2031.35,272.00
2003-08-17,49067.80,12.01,318.73,0.00,27.39,15.81,1791.40,311.00
2003-08-18,48729.59,0.00,463.40,0.00,23.65,11.03,1322.64,247.00
2003-08-19,48729.59,0.00,447.81,0.00,23.55,11.71,1376.86,214.00
2003-08-20,48383.99,0.00,472.54,0.00,26.54,12.54,1447.29,188.00
2003-08-21,48383.99,0.00,463.02,0.00,27.24,13.49,1544.60,170.00
2003-08-22,48038.40,0.00,392.56,0.00,27.94,17.20,1957.48,158.00
2003-08-23,48038.40,0.00,489.57,0.00,29.00,12.08,1406.49,148.00
2003-08-24,47692.79,0.00,492.79,0.00,23.16,7.40,1032.00,134.00
2003-08-25,47692.79,0.00,435.25,0.00,23.42,11.04,1323.00,124.00
2003-08-26,47347.27,0.01,455.70,0.00,28.06,13.30,1527.13,117.00
2003-08-27,47347.20,2.68,242.36,0.00,24.06,16.46,1867.63,116.00
2003-08-28,47156.81,0.00,481.32,0.00,26.57,10.02,1241.78,108.00
2003-08-29,47001.60,0.12,420.06,0.00,24.12,11.70,1375.87,100.00
2003-08-30,46994.19,5.49,293.24,0.00,27.42,15.91,1792.87,103.00
2003-08-31,46655.99,2.07,416.45,0.00,19.75,7.12,1009.56,102.00
2003-09-01,46655.99,19.87,304.14,0.00,21.00,9.36,1188.54,122.00
2003-09-02,46310.38,37.71,128.57,0.00,17.40,13.29,1521.83,357.00
2003-09-03,46310.38,7.35,124.77,0.00,17.74,13.76,1576.27,292.00
2003-09-04,45964.79,21.37,153.59,0.00,19.02,14.02,1603.67,815.00
2003-09-05,45964.79,11.16,311.43,0.00,22.99,10.61,1288.81,666.00
2003-09-06,45619.20,0.00,362.33,0.00,17.49,7.84,1067.52,431.00
2003-09-07,45619.20,0.00,441.97,0.00,21.47,7.45,1036.28,340.00
2003-09-08,45273.61,0.00,439.21,0.00,23.88,9.28,1182.63,285.00
2003-09-09,45273.61,0.00,348.37,0.00,20.87,10.96,1316.86,247.00
2003-09-10,44928.00,0.00,393.72,0.00,20.52,8.55,1124.05,219.00
2003-09-11,44928.00,0.00,418.46,0.00,21.98,8.14,1090.88,193.00
2003-09-12,44582.39,0.00,411.41,0.00,23.85,9.87,1229.51,171.00
2003-09-13,44582.39,4.90,198.99,0.00,20.18,12.77,1466.33,161.00
2003-09-14,44236.80,6.83,167.54,0.00,20.82,14.55,1656.05,187.00
2003-09-15,44236.80,0.26,256.99,0.00,23.98,16.41,1862.93,180.00
2003-09-16,43891.20,14.29,304.32,0.00,23.06,9.26,1180.50,334.00
2003-09-17,43891.20,0.00,404.63,0.00,21.52,7.91,1072.62,228.00
2003-09-18,43545.59,0.00,395.73,0.00,21.63,8.34,1107.53,187.00
2003-09-19,43545.59,10.50,247.70,0.00,19.98,9.98,1238.34,303.00
2003-09-20,43200.02,9.58,130.84,0.00,19.18,14.35,1627.89,552.00
2003-09-21,43200.02,0.00,409.37,0.00,21.26,6.92,994.40,377.00
2003-09-22,42854.41,0.01,383.87,0.00,20.77,8.03,1082.65,330.00
2003-09-23,42854.41,37.66,141.89,0.00,18.50,13.31,1529.48,2630.00
2003-09-24,42508.79,0.00,396.08,0.00,19.65,6.33,948.81,1250.00
2003-09-25,42508.79,0.02,374.41,0.00,19.21,7.14,1011.51,811.00
2003-09-26,42163.20,5.14,287.83,0.00,17.91,5.09,880.91,617.00
2003-09-27,42163.20,0.01,382.56,0.00,19.65,6.68,983.16,478.00
2003-09-28,41817.59,15.96,275.14,0.00,22.10,9.47,1197.43,771.00
2003-09-29,41817.59,0.00,352.52,0.00,17.57,6.25,946.47,516.00
2003-09-30,41472.02,0.00,316.86,0.00,12.59,3.22,774.36,415.00
2003-10-01,41472.02,1.61,313.80,0.00,13.59,4.27,822.51,362.00
2003-10-02,41126.39,0.33,298.64,0.00,10.96,2.19,720.16,325.00
2003-10-03,41126.39,0.00,332.90,0.00,8.21,-2.18,522.38,296.00
2003-10-04,40780.78,8.66,262.30,0.00,10.50,-1.24,560.82,331.00
2003-10-05,40780.78,10.25,183.35,0.00,8.32,1.12,654.67,368.00
2003-10-06,40435.20,0.00,334.11,0.00,8.94,-2.03,530.27,300.00
2003-10-07,40435.20,0.00,367.36,0.00,11.79,-1.57,546.03,272.00
2003-10-08,40089.59,0.00,387.39,0.00,16.33,0.21,617.78,251.00
2003-10-09,40089.59,0.00,379.68,0.00,20.95,4.18,822.78,235.00
2003-10-10,39744.00,0.00,358.10,0.00,24.10,8.45,1116.21,221.00
2003-10-11,39744.00,0.00,364.86,0.00,22.97,6.45,959.46,209.00
2003-10-12,39405.81,0.00,371.65,0.00,22.97,5.08,882.28,198.00
2003-10-13,39398.39,0.00,369.64,0.00,22.93,4.44,836.49,191.00
2003-10-14,39243.18,0.17,333.93,0.00,18.87,4.31,826.97,184.00
2003-10-15,39052.80,22.04,168.92,0.00,14.24,5.98,926.92,589.00
2003-10-16,39052.80,4.10,207.14,0.00,12.34,2.55,723.85,364.00
2003-10-17,38707.19,0.00,308.52,0.00,11.68,-0.78,578.39,316.00
2003-10-18,38707.19,0.00,264.80,0.00,8.73,-1.14,564.75,303.00
2003-10-19,38361.61,0.47,281.94,0.00,10.04,-0.96,571.85,286.00
2003-10-20,38361.61,0.00,280.57,0.00,9.98,-1.30,558.13,270.00
2003-10-21,38015.99,0.00,327.11,0.00,14.92,-0.47,593.10,257.00
2003-10-22,38015.99,0.99,305.27,0.00,18.45,4.25,820.69,249.00
2003-10-23,37670.39,0.87,152.03,0.00,4.51,-1.07,566.43,245.00
2003-10-24,37670.39,0.00,160.25,0.00,3.10,-2.74,501.13,232.00
2003-10-25,37390.68,0.00,252.00,0.00,8.33,-1.89,528.98,220.00
2003-10-26,37324.80,0.04,265.70,0.00,12.98,1.62,686.62,212.00
2003-10-27,37324.73,30.95,157.36,0.00,15.41,6.87,989.83,1110.00
2003-10-28,36979.21,20.43,180.28,0.00,8.09,-1.65,543.35,1100.00
2003-10-29,36979.21,8.58,189.22,0.00,10.11,-0.53,588.94,1050.00
2003-10-30,36633.62,5.56,153.75,0.00,8.81,0.59,639.66,884.00
2003-10-31,36633.62,0.00,277.93,0.00,14.19,1.02,652.85,681.00
2003-11-01,36295.40,0.00,286.81,0.00,20.90,5.50,920.00,565.00
2003-11-02,36287.99,1.00,242.43,0.00,19.95,8.21,1096.65,486.00
2003-11-03,36287.99,0.00,160.91,0.00,16.44,9.47,1197.66,424.00
2003-11-04,35942.39,0.99,263.55,0.00,22.28,8.05,1083.72,382.00
2003-11-05,35942.39,6.90,193.64,0.00,21.17,8.28,1102.79,394.00
2003-11-06,35604.21,6.77,138.74,0.00,14.37,6.01,935.27,463.00
2003-11-07,35596.80,0.53,157.85,0.00,7.15,0.34,624.51,378.00
2003-11-08,35596.80,0.00,260.77,0.00,9.85,-3.11,484.21,342.00
2003-11-09,35251.20,0.00,236.00,0.00,0.61,-10.03,283.53,315.00
2003-11-10,35251.20,0.00,245.33,0.00,2.93,-8.51,320.00,301.00
2003-11-11,35207.35,0.00,257.58,0.00,6.17,-6.46,368.34,291.00
2003-11-12,34905.62,2.73,166.16,0.00,8.68,0.22,616.45,290.00
2003-11-13,34905.62,2.28,208.67,0.00,14.88,3.07,765.57,290.00
2003-11-14,34625.88,0.00,187.42,0.00,4.60,-3.33,477.45,270.00
2003-11-15,34559.98,0.00,157.18,0.00,3.58,-2.86,495.17,253.00
2003-11-16,34559.98,0.35,185.61,0.00,6.87,-1.05,566.31,240.00
2003-11-17,34280.28,1.37,131.05,0.00,6.51,0.60,635.26,231.00
2003-11-18,34214.41,0.00,188.29,0.00,9.55,1.32,665.74,221.00
2003-11-19,34214.41,23.99,144.53,0.00,12.52,3.79,803.25,1940.00
2003-11-20,34059.20,46.93,174.18,0.00,15.47,3.45,796.33,3380.00
2003-11-21,33868.82,0.00,196.47,0.00,7.62,-1.14,560.00,1500.00
2003-11-22,33868.82,0.00,253.92,0.00,15.92,0.37,629.23,960.00
2003-11-23,33868.82,0.00,241.14,0.00,15.85,1.72,697.82,715.00
2003-11-24,33530.62,0.07,217.24,0.00,14.05,2.50,720.24,593.00
2003-11-25,33523.21,7.91,185.79,0.00,10.37,-4.72,434.28,587.00
2003-11-26,33523.21,0.00,119.79,0.00,0.91,-4.28,447.78,471.00
2003-11-27,33523.14,0.00,176.71,0.00,4.53,-3.72,463.23,416.00
2003-11-28,33185.02,5.48,174.76,0.00,10.58,-2.87,496.18,547.00
2003-11-29,33177.61,16.41,161.85,0.00,11.06,-0.97,571.59,1000.00
2003-11-30,33177.61,0.00,103.59,0.00,2.51,-2.04,527.89,678.00
2003-12-01,33177.61,0.00,178.37,0.00,6.35,-2.15,522.96,588.00
2003-12-02,33022.39,2.41,195.76,0.00,4.18,-5.89,398.37,506.00
2003-12-03,32831.99,0.71,212.37,0.00,-2.12,-11.86,246.80,426.00
2003-12-04,32831.99,0.00,199.88,0.00,-2.85,-11.66,246.54,373.00
2003-12-05,32831.99,0.05,248.65,0.00,3.00,-10.37,279.12,342.00
2003-12-06,32831.99,7.04,156.88,0.00,0.48,-8.80,311.73,327.00
2003-12-07,32831.92,1.98,114.40,0.00,-5.52,-10.00,286.22,300.00
2003-12-08,32676.78,0.00,219.09,0.00,-3.66,-13.40,209.75,256.00
2003-12-09,32493.81,0.00,227.77,0.00,-1.89,-12.35,238.89,261.00
2003-12-10,32486.40,0.08,171.32,0.00,1.07,-5.97,394.36,245.00
2003-12-11,32486.40,35.40,163.80,0.00,9.50,-0.84,576.36,3660.00
2003-12-12,32486.40,13.01,163.82,0.00,7.19,-3.10,486.74,1960.00
2003-12-13,32486.40,1.71,189.46,0.00,-0.91,-9.82,290.29,1100.00
2003-12-14,32486.40,10.26,101.81,0.00,-3.65,-8.90,309.43,817.00
2003-12-15,32486.40,22.82,89.77,0.00,-2.92,-7.41,349.40,665.00
2003-12-16,32486.40,0.00,172.69,0.00,-1.14,-8.02,320.00,539.00
2003-12-17,32486.40,0.14,253.45,0.00,4.93,-8.31,323.53,509.00
2003-12-18,32486.33,6.28,139.27,0.00,1.71,-5.99,391.36,472.00
2003-12-19,32486.33,0.00,116.86,0.00,-2.92,-7.31,352.64,401.00
2003-12-20,32486.33,0.36,148.19,0.00,-1.88,-7.53,348.51,354.00
2003-12-21,32486.33,0.00,175.65,0.00,-1.91,-8.72,315.68,312.00
2003-12-22,32486.33,0.00,222.53,0.00,1.73,-7.68,342.57,294.00
2003-12-23,32486.33,0.00,228.71,0.00,6.11,-3.89,458.41,329.00
2003-12-24,32486.40,2.69,195.35,0.00,10.68,2.07,719.56,1280.00
2003-12-25,32486.40,14.21,180.50,0.00,7.36,-3.58,468.38,1340.00
2003-12-26,32486.40,0.00,131.45,0.00,0.23,-4.43,443.02,870.00
2003-12-27,32486.40,0.00,195.01,0.00,3.46,-4.11,441.13,667.00
2003-12-28,32486.40,0.00,254.66,0.00,5.69,-6.40,367.94,547.00
2003-12-29,32486.40,0.00,272.16,0.00,8.30,-7.01,360.89,472.00
2003-12-30,32486.40,6.68,198.67,0.00,10.68,-4.06,450.55,513.00
2003-12-31,32486.40,0.35,198.90,0.00,3.08,-4.81,434.06,453.00
2004-01-01,32486.40,0.00,219.69,0.00,5.15,-4.20,443.84,387.00
2004-01-02,32552.27,4.84,163.79,0.00,5.79,-3.47,471.10,370.00
2004-01-03,32788.14,5.02,132.12,0.00,7.19,0.30,624.39,439.00
2004-01-04,32831.99,10.18,159.09,0.00,10.84,1.77,696.47,691.00
2004-01-05,32831.99,19.47,92.26,0.00,2.91,-1.56,547.36,1520.00
2004-01-06,32831.99,1.92,194.29,0.00,1.66,-5.83,400.00,1190.00
2004-01-07,32831.99,0.00,262.13,0.00,-2.27,-14.55,199.71,824.00
2004-01-08,32897.87,0.40,145.12,0.00,-8.43,-13.53,215.85,650.00
2004-01-09,33177.54,0.00,273.61,0.00,-4.08,-17.20,160.06,510.00
2004-01-10,33177.61,0.00,201.34,0.00,-15.52,-22.85,95.57,417.00
2004-01-11,33177.61,0.00,248.55,0.00,-12.33,-22.36,104.32,380.00
2004-01-12,33177.61,1.97,281.28,0.00,-3.55,-16.87,164.25,340.00
2004-01-13,33367.98,0.00,157.37,0.00,1.04,-4.46,440.00,300.00
2004-01-14,33523.21,2.85,248.16,0.00,-0.87,-19.84,127.54,260.00
2004-01-15,33523.21,7.26,160.21,0.00,-13.02,-20.51,120.73,240.00
2004-01-16,33523.21,0.00,252.25,0.00,-13.26,-22.74,97.98,220.00
2004-01-17,33713.60,0.01,260.47,0.00,-9.05,-18.99,134.06,220.00
2004-01-18,33868.82,2.97,232.97,0.00,-4.11,-17.30,161.00,210.00
2004-01-19,33868.82,0.00,265.92,0.00,-1.25,-11.47,254.04,206.00
2004-01-20,33876.23,0.00,107.83,0.00,-7.90,-11.20,259.68,180.00
2004-01-21,34214.41,0.00,190.45,0.00,-6.55,-12.69,232.99,165.00
2004-01-22,34214.41,0.05,204.92,0.00,-5.96,-12.64,236.67,159.00
2004-01-23,34214.41,0.00,325.62,0.00,-2.17,-18.46,143.90,130.00
2004-01-24,34559.92,0.01,217.35,0.00,-11.67,-18.59,141.54,120.00
2004-01-25,34559.98,0.00,314.90,0.00,-9.63,-22.57,103.13,110.00
2004-01-26,34559.98,4.85,219.29,0.00,-10.63,-21.23,118.18,110.00
2004-01-27,34905.62,9.59,116.62,0.00,-8.64,-13.16,220.98,110.00
2004-01-28,34905.62,7.91,73.86,0.00,-6.32,-9.02,309.59,110.00
2004-01-29,34905.62,0.00,210.64,0.00,-6.35,-12.55,234.53,100.00
2004-01-30,35251.20,0.00,317.61,0.00,-7.48,-18.78,137.61,96.00
2004-01-31,35251.20,0.00,278.32,0.00,-10.15,-18.83,135.64,96.00
2004-02-01,35317.09,0.00,267.14,0.00,-6.83,-14.91,194.25,90.00
2004-02-02,35596.80,0.00,340.72,0.00,-2.74,-15.64,188.61,89.00
2004-02-03,35596.80,0.38,352.05,0.00,0.99,-13.30,216.01,74.00
2004-02-04,35942.39,24.42,114.61,0.00,0.39,-3.85,452.07,72.00
2004-02-05,35942.39,0.00,363.14,0.00,-0.10,-14.97,196.07,63.00
2004-02-06,35949.80,17.53,254.62,0.00,-2.40,-14.11,207.91,82.00
2004-02-07,36287.99,5.45,115.10,0.00,1.16,-3.02,480.00,86.00
2004-02-08,36287.99,0.00,381.71,0.00,0.09,-15.21,190.34,97.00
2004-02-09,36633.62,0.00,363.75,0.00,-2.02,-15.03,200.00,92.00
2004-02-10,36633.62,0.00,324.24,0.00,1.27,-9.04,311.11,86.00
2004-02-11,36823.99,0.45,326.68,0.00,3.06,-7.25,358.28,86.00
2004-02-12,36979.21,0.00,329.71,0.00,-1.39,-11.58,247.83,86.00
2004-02-13,36979.21,0.00,349.08,0.00,1.40,-9.43,294.51,80.00
2004-02-14,37324.80,0.00,292.91,0.00,0.55,-7.55,346.61,76.00
2004-02-15,37324.80,0.00,391.89,0.00,-0.55,-13.97,204.65,71.00
2004-02-16,37670.39,0.00,396.81,0.00,-8.55,-21.94,118.71,66.00
2004-02-17,37670.39,0.00,412.48,0.00,-6.03,-20.70,120.34,60.00
2004-02-18,38015.92,0.00,379.33,0.00,-2.22,-14.11,200.00,66.00
2004-02-19,38015.99,0.00,394.04,0.00,0.91,-12.11,243.82,69.00
2004-02-20,38081.87,0.00,341.49,0.00,4.26,-5.84,397.21,81.00
2004-02-21,38361.61,1.80,328.28,0.00,5.90,-3.60,468.32,86.00
2004-02-22,38361.61,0.00,255.72,0.00,3.21,-3.38,475.81,93.00
2004-02-23,38707.19,0.00,391.55,0.00,2.22,-9.78,286.13,92.00
2004-02-24,38707.19,3.66,296.45,0.00,3.25,-8.80,313.79,92.00
2004-02-25,39052.80,4.41,284.65,0.00,-1.87,-12.54,239.91,85.00
2004-02-26,39052.80,0.00,398.44,0.00,0.44,-11.37,251.99,82.00
2004-02-27,39398.39,0.00,411.22,0.00,1.91,-10.77,276.25,88.00
2004-02-28,39398.39,0.00,445.36,0.00,4.91,-10.51,278.09,85.00
2004-02-29,39744.00,0.00,461.36,0.00,9.75,-7.66,346.56,97.00
2004-03-01,39744.00,0.00,460.16,0.00,11.41,-5.93,391.96,118.00
2004-03-02,40089.59,0.04,383.10,0.00,10.29,-1.43,560.00,169.00
2004-03-03,40089.59,0.00,372.18,0.00,12.03,0.87,639.73,477.00
2004-03-04,40435.20,3.95,213.62,0.00,8.90,1.28,662.38,790.00
2004-03-05,40435.20,1.00,244.60,0.00,8.51,2.12,719.21,1450.00
2004-03-06,40780.78,4.34,226.41,0.00,11.78,3.73,798.47,2830.00
2004-03-07,40780.78,0.41,384.51,0.00,11.45,-0.07,607.26,1840.00
2004-03-08,41126.39,3.82,261.54,0.00,7.52,-1.84,535.51,1280.00
2004-03-09,41126.39,0.23,284.96,0.00,1.96,-5.02,426.16,854.00
2004-03-10,41472.02,0.69,266.84,0.00,1.24,-5.42,411.16,648.00
2004-03-11,41472.02,0.00,404.84,0.00,3.35,-7.29,356.69,536.00
2004-03-12,41817.59,1.61,480.84,0.00,8.64,-6.33,376.64,487.00
2004-03-13,41817.59,0.00,338.18,0.00,0.62,-7.47,348.04,415.00
2004-03-14,42163.20,0.00,398.01,0.00,1.61,-8.39,322.80,365.00
2004-03-15,42163.20,2.22,362.31,0.00,5.04,-5.57,406.76,353.00
2004-03-16,42508.79,0.00,456.85,0.00,7.88,-4.60,437.78,336.00
2004-03-17,42508.79,15.29,101.92,0.00,-3.57,-6.26,380.70,318.00
2004-03-18,42854.41,2.85,270.97,0.00,-1.70,-9.20,301.38,298.00
2004-03-19,42854.41,4.20,293.38,0.00,1.31,-7.30,353.82,285.00
2004-03-20,43200.02,0.00,435.52,0.00,1.83,-8.04,333.61,274.00
2004-03-21,43200.02,8.97,309.11,0.00,4.85,-4.26,440.02,465.00
2004-03-22,43200.02,0.00,524.24,0.00,2.76,-11.07,262.46,386.00
2004-03-23,43545.59,0.00,449.08,0.00,-1.78,-11.90,244.31,340.00
2004-03-24,43545.59,0.00,528.68,0.00,6.10,-7.92,330.40,360.00
2004-03-25,43891.20,4.36,357.58,0.00,11.11,-0.51,593.07,537.00
2004-03-26,43891.20,0.00,412.88,0.00,12.85,3.52,792.78,583.00
2004-03-27,44236.80,6.53,368.67,0.00,18.63,5.70,915.78,684.00
2004-03-28,44236.80,0.00,515.67,0.00,16.96,3.01,761.80,622.00
2004-03-29,44582.39,0.00,532.11,0.00,16.90,2.10,711.81,526.00
2004-03-30,44582.39,0.00,560.10,0.00,14.90,-1.68,543.72,461.00
2004-03-31,44928.00,0.56,446.17,0.00,9.40,-0.37,595.89,422.00
2004-04-01,44928.00,6.14,223.78,0.00,8.38,2.57,736.87,420.00
2004-04-02,45273.61,8.66,156.03,0.00,7.46,3.63,795.33,439.00
2004-04-03,45273.61,2.04,237.39,0.00,5.78,1.26,666.89,387.00
2004-04-04,45619.20,4.33,290.41,0.00,6.66,-0.76,579.86,368.00
2004-04-05,45619.20,0.76,486.29,0.00,2.01,-8.21,327.63,337.00
2004-04-06,45964.79,0.00,511.24,0.00,2.95,-8.14,329.16,308.00
2004-04-07,45964.79,0.00,573.79,0.00,10.23,-4.93,421.91,293.00
2004-04-08,46310.38,0.03,551.79,0.00,12.40,-1.63,533.36,278.00
2004-04-09,46310.38,0.11,465.34,0.00,8.10,-1.91,532.69,266.00
2004-04-10,46655.99,0.00,557.91,0.00,11.78,-2.69,492.66,246.00
2004-04-11,46655.99,0.00,567.50,0.00,13.53,-1.63,527.70,233.00
2004-04-12,47001.60,0.37,343.32,0.00,7.00,0.18,616.32,224.00
2004-04-13,47001.60,17.86,304.51,0.00,9.70,1.36,669.99,575.00
2004-04-14,47347.20,23.23,250.83,0.00,7.68,1.21,665.62,1470.00
2004-04-15,47347.20,0.00,347.88,0.00,6.09,-0.62,586.07,830.00
2004-04-16,47692.79,0.00,562.97,0.00,11.27,-3.43,477.69,611.00
2004-04-17,47692.79,0.00,607.58,0.00,18.65,-2.54,487.00,500.00
2004-04-18,48038.40,0.00,553.12,0.00,23.52,6.96,944.30,416.00
2004-04-19,48038.40,0.00,544.99,0.00,26.57,9.65,1115.88,361.00
2004-04-20,48318.11,0.00,579.19,0.00,26.41,5.48,826.98,317.00
2004-04-21,48383.99,0.81,413.35,0.00,14.85,4.99,874.81,285.00
2004-04-22,48384.06,4.93,320.78,0.00,20.41,9.38,1190.17,277.00
2004-04-23,48729.59,8.90,358.14,0.00,20.53,7.14,1011.25,310.00
2004-04-24,48729.59,3.10,245.60,0.00,11.76,4.26,826.78,299.00
2004-04-25,49075.21,5.15,380.00,0.00,15.67,1.67,689.74,266.00
2004-04-26,49075.21,10.81,167.48,0.00,8.54,3.65,797.45,362.00
2004-04-27,49420.81,0.00,376.78,0.00,11.56,2.73,739.05,335.00
2004-04-28,49420.81,0.00,522.99,0.00,12.13,-2.72,500.67,305.00
2004-04-29,49576.01,0.00,541.74,0.00,14.88,-1.66,543.00,279.00
2004-04-30,49766.39,0.00,524.79,0.00,25.08,7.65,1004.20,260.00
2004-05-01,49766.39,0.00,448.81,0.00,24.55,11.53,1356.32,246.00
2004-05-02,50112.00,10.93,242.25,0.00,24.00,15.44,1754.82,319.00
2004-05-03,50112.00,24.80,394.85,0.00,22.08,3.89,810.89,1260.00
2004-05-04,50450.20,0.00,449.11,0.00,11.37,-0.89,574.58,769.00
2004-05-05,50457.60,6.33,355.61,0.00,13.59,0.21,619.67,627.00
2004-05-06,50457.60,3.02,450.90,0.00,16.87,-0.03,608.96,523.00
2004-05-07,50803.21,11.94,400.79,0.00,21.89,2.76,747.39,599.00
2004-05-08,50803.21,0.00,527.43,0.00,22.50,3.97,797.48,460.00
2004-05-09,51082.91,22.62,304.84,0.00,17.38,5.98,934.94,1190.00
2004-05-10,51148.79,3.45,391.22,0.00,22.18,7.73,1058.03,864.00
2004-05-11,51148.79,8.75,312.24,0.00,26.44,13.71,1576.66,767.00
2004-05-12,51494.41,5.39,292.77,0.00,25.76,14.10,1611.01,854.00
2004-05-13,51494.41,1.89,364.49,0.00,27.84,14.82,1690.88,628.00
2004-05-14,51494.41,0.31,448.77,0.00,29.00,13.85,1585.03,497.00
2004-05-15,51839.98,6.33,250.35,0.00,25.08,15.22,1736.93,425.00
2004-05-16,51839.98,7.87,336.18,0.00,25.16,10.87,1309.55,357.00
2004-05-17,51840.05,0.00,423.75,0.00,19.86,7.55,1043.90,300.00
2004-05-18,52185.59,4.17,349.82,0.00,24.44,9.64,1211.00,281.00
2004-05-19,52185.59,5.47,282.24,0.00,23.86,13.10,1501.03,260.00
2004-05-20,52185.59,0.51,433.47,0.00,20.09,7.84,1066.95,233.00
2004-05-21,52523.80,10.58,234.05,0.00,19.16,11.05,1323.86,273.00
2004-05-22,52531.21,5.87,230.89,0.00,23.82,15.50,1760.23,287.00
2004-05-23,52531.21,2.50,296.20,0.00,25.42,15.92,1798.02,247.00
2004-05-24,52686.43,0.87,339.19,0.00,27.15,17.61,2017.29,206.00
2004-05-25,52876.81,0.00,475.40,0.00,26.06,11.31,1345.09,176.00
2004-05-26,52876.81,13.88,298.67,0.00,23.17,12.89,1483.17,206.00
2004-05-27,52876.81,13.31,336.66,0.00,23.53,10.16,1252.90,215.00
2004-05-28,53032.03,4.93,301.26,0.00,22.16,11.23,1338.49,171.00
2004-05-29,53222.40,0.00,534.58,0.00,21.30,3.51,788.33,149.00
2004-05-30,53222.40,0.00,500.12,0.00,16.47,1.72,691.35,134.00
2004-05-31,53222.40,0.15,505.90,0.00,21.02,5.08,880.72,137.00
2004-06-01,53222.47,11.65,122.36,0.00,15.08,11.18,1334.66,183.00
2004-06-02,53502.11,4.55,309.69,0.00,20.86,9.75,1220.32,171.00
2004-06-03,53567.98,6.88,336.31,0.00,21.64,9.07,1165.46,159.00
2004-06-04,53567.98,0.00,522.12,0.00,21.64,5.11,882.65,133.00
2004-06-05,53567.98,4.59,354.38,0.00,19.72,6.21,952.14,123.00
2004-06-06,53567.98,7.60,130.95,0.00,12.92,9.03,1162.10,131.00
2004-06-07,53611.84,0.00,372.07,0.00,18.52,9.47,1197.63,121.00
2004-06-08,53847.71,0.00,460.32,0.00,25.32,12.30,1424.15,109.00
2004-06-09,53913.61,0.00,450.39,0.00,27.44,14.55,1648.16,99.00
2004-06-10,53913.61,12.10,333.26,0.00,29.99,16.86,1909.15,98.00
2004-06-11,53913.61,4.18,340.70,0.00,21.00,8.94,1155.54,105.00
2004-06-12,53913.61,0.00,508.84,0.00,18.16,3.85,809.19,93.00
2004-06-13,53913.61,0.00,505.40,0.00,21.80,7.20,1016.33,83.00
2004-06-14,53913.61,3.05,252.61,0.00,20.31,12.76,1468.54,82.00
2004-06-15,53913.61,8.27,314.40,0.00,25.82,14.55,1657.12,95.00
2004-06-16,53913.61,2.27,382.61,0.00,26.81,14.01,1603.48,132.00
2004-06-17,53913.61,10.38,312.89,0.00,27.10,15.82,1797.10,141.00
2004-06-18,53913.67,7.65,253.82,0.00,26.24,17.67,2023.05,195.00
2004-06-19,53913.67,5.46,336.66,0.00,26.82,14.38,1637.61,159.00
2004-06-20,53913.67,0.00,538.49,0.00,21.63,4.97,871.89,121.00
2004-06-21,53913.67,0.00,502.07,0.00,20.17,5.84,925.28,100.00
2004-06-22,53913.67,7.55,384.92,0.00,22.29,8.12,1089.77,108.00
2004-06-23,53913.67,3.06,424.98,0.00,24.19,11.33,1347.31,110.00
2004-06-24,53913.61,0.00,469.54,0.00,24.15,10.65,1291.74,87.00
2004-06-25,53913.61,0.16,459.06,0.00,25.45,12.10,1410.00,73.00
2004-06-26,53913.61,3.08,245.73,0.00,20.20,12.28,1426.44,89.00
2004-06-27,53913.61,0.00,499.12,0.00,20.73,6.24,941.53,70.00
2004-06-28,53913.61,0.04,470.04,0.00,21.67,8.55,1124.16,60.00
2004-06-29,53913.61,8.05,303.74,0.00,18.72,8.58,1126.03,72.00
2004-06-30,53913.61,0.00,432.54,0.00,21.90,10.57,1285.65,62.00
2004-07-01,53913.61,3.79,331.27,0.00,23.87,11.66,1372.64,51.00
2004-07-02,53906.19,0.00,450.93,0.00,25.46,12.62,1449.39,42.00
2004-07-03,53723.20,0.00,518.63,0.00,26.24,9.46,1196.88,35.00
2004-07-04,53568.05,0.00,471.58,0.00,26.62,12.57,1452.14,31.00
2004-07-05,53567.98,8.67,203.85,0.00,25.57,18.59,2136.58,69.00
2004-07-06,53567.98,3.02,406.46,0.00,27.11,13.57,1554.40,60.00
2004-07-07,53567.98,0.21,435.89,0.00,25.93,13.36,1531.71,73.00
2004-07-08,53567.98,31.25,279.87,0.00,26.46,16.27,1841.44,331.00
2004-07-09,53377.61,5.23,341.93,0.00,24.90,13.34,1527.37,160.00
2004-07-10,53222.40,0.00,428.97,0.00,21.70,10.14,1251.42,107.00
2004-07-11,53222.40,0.00,451.47,0.00,25.21,12.24,1422.28,83.00
2004-07-12,53222.40,0.79,402.05,0.00,27.05,15.70,1780.94,89.00
2004-07-13,53214.98,12.57,130.00,0.00,20.47,16.41,1860.38,118.00
2004-07-14,52876.88,8.43,248.35,0.00,25.18,16.67,1892.12,239.00
2004-07-15,52876.81,20.12,251.90,0.00,22.13,13.82,1583.82,391.00
2004-07-16,52876.81,3.85,235.79,0.00,21.08,13.66,1563.33,284.00
2004-07-17,52869.40,0.45,380.16,0.00,22.91,13.35,1529.07,234.00
2004-07-18,52531.21,12.42,280.82,0.00,24.27,14.70,1670.85,239.00
2004-07-19,52531.21,3.12,239.25,0.00,20.47,14.12,1613.70,340.00
2004-07-20,52531.21,5.16,300.31,0.00,23.44,13.59,1556.54,466.00
2004-07-21,52340.82,0.00,436.55,0.00,24.93,13.48,1544.16,320.00
2004-07-22,52185.59,0.35,423.14,0.00,26.96,15.54,1765.54,266.00
2004-07-23,52185.59,20.60,264.92,0.00,27.08,18.27,2103.75,386.00
2004-07-24,52119.70,7.73,363.89,0.00,25.77,11.98,1400.26,439.00
2004-07-25,51839.98,0.00,446.60,0.00,20.79,9.65,1211.74,308.00
2004-07-26,51839.98,6.31,392.54,0.00,23.15,11.75,1384.38,336.00
2004-07-27,51774.12,47.18,141.97,0.00,18.45,14.44,1646.12,3500.00
2004-07-28,51494.41,30.43,153.09,0.00,19.23,14.95,1700.90,3080.00
2004-07-29,51494.41,4.74,340.14,0.00,22.82,12.82,1473.41,1360.00
2004-07-30,51304.00,0.00,444.50,0.00,25.19,13.85,1585.18,838.00
2004-07-31,51148.79,24.10,240.42,0.00,25.25,17.90,2059.65,2250.00
2004-08-01,51148.79,21.00,239.17,0.00,25.11,17.94,2060.07,1900.00
2004-08-02,50803.21,0.00,470.34,0.00,27.50,14.85,1689.46,1130.00
2004-08-03,50803.21,0.00,469.38,0.00,27.73,15.08,1714.84,718.00
2004-08-04,50795.79,8.71,345.54,0.00,28.71,15.99,1809.70,540.00
2004-08-05,50457.60,11.14,325.14,0.00,24.73,14.03,1602.39,550.00
2004-08-06,50457.60,0.00,498.66,0.00,20.88,7.73,1058.10,384.00
2004-08-07,50112.00,1.85,366.44,0.00,17.07,8.62,1129.68,317.00
2004-08-08,50112.00,0.00,400.25,0.00,18.00,9.20,1176.03,270.00
2004-08-09,50104.59,0.00,484.55,0.00,22.95,10.16,1252.74,232.00
2004-08-10,49766.39,0.15,490.47,0.00,24.77,11.07,1325.52,204.00
2004-08-11,49766.39,20.44,320.92,0.00,24.86,14.27,1627.01,265.00
2004-08-12,49420.81,6.08,371.26,0.00,24.45,14.49,1650.71,211.00
2004-08-13,49420.81,29.96,165.86,0.00,19.00,14.38,1639.48,744.00
2004-08-14,49075.28,2.60,330.17,0.00,21.66,13.02,1492.69,423.00
2004-08-15,49075.21,0.00,383.75,0.00,21.20,12.29,1425.48,316.00
2004-08-16,49067.80,0.00,421.96,0.00,22.54,12.14,1413.70,273.00
2004-08-17,48729.59,0.00,462.48,0.00,22.88,10.52,1281.71,244.00
2004-08-18,48729.59,0.00,456.40,0.00,23.25,10.90,1312.20,216.00
2004-08-19,48383.99,0.01,389.81,0.00,23.76,14.00,1601.47,193.00
2004-08-20,48383.99,4.09,202.10,0.00,22.85,16.77,1903.36,182.00
2004-08-21,48038.40,24.38,299.33,0.00,26.00,15.64,1771.14,249.00
2004-08-22,48038.40,7.90,350.71,0.00,19.24,6.73,983.95,240.00
2004-08-23,47692.79,0.00,467.04,0.00,21.55,8.59,1126.84,183.00
2004-08-24,47692.79,5.19,372.72,0.00,24.91,10.50,1280.26,166.00
2004-08-25,47347.27,0.00,328.43,0.00,22.95,15.07,1715.57,155.00
2004-08-26,47347.20,0.00,288.34,0.00,22.94,16.05,1815.80,144.00
2004-08-27,47156.81,0.00,323.50,0.00,24.30,16.22,1842.23,135.00
2004-08-28,47001.60,0.25,320.41,0.00,26.29,17.91,2058.21,129.00
2004-08-29,46994.19,0.00,362.04,0.00,28.09,18.23,2099.45,122.00
2004-08-30,46655.99,4.30,240.70,0.00,27.37,19.90,2312.11,132.00
2004-08-31,46655.99,5.37,302.19,0.00,24.90,16.44,1869.30,119.00
2004-09-01,46310.38,0.00,432.84,0.00,23.15,10.78,1302.47,107.00
2004-09-02,46310.38,0.00,454.96,0.00,23.66,9.72,1217.54,100.00
2004-09-03,45964.79,0.00,436.75,0.00,23.27,10.40,1272.24,93.00
2004-09-04,45964.79,0.00,405.29,0.00,24.29,12.70,1458.85,89.00
2004-09-05,45619.20,0.00,428.74,0.00,26.12,12.82,1477.02,84.00
2004-09-06,45619.20,0.00,375.66,0.00,21.90,11.72,1379.83,82.00
2004-09-07,45273.61,0.00,352.82,0.00,21.93,12.51,1452.48,78.00
2004-09-08,45273.61,9.65,235.87,0.00,22.67,16.05,1820.07,86.00
2004-09-09,44928.00,61.86,136.66,0.00,21.11,16.77,1905.02,1680.00
2004-09-10,44928.00,9.10,247.93,0.00,21.81,13.38,1537.27,748.00
2004-09-11,44582.39,0.00,422.55,0.00,22.67,10.03,1242.46,431.00
2004-09-12,44582.39,0.00,407.53,0.00,22.87,10.69,1295.02,324.00
2004-09-13,44236.80,0.00,398.80,0.00,23.28,11.26,1340.99,272.00
2004-09-14,44236.80,0.00,424.11,0.00,25.00,10.74,1299.46,231.00
2004-09-15,43891.20,0.00,361.97,0.00,21.31,10.92,1314.99,207.00
2004-09-16,43891.20,0.00,282.63,0.00,20.20,12.77,1473.48,191.00
2004-09-17,43545.59,43.04,186.54,0.00,22.33,15.78,1782.11,1340.00
2004-09-18,43545.59,106.25,235.20,0.00,18.75,10.45,1275.98,10100.00
2004-09-19,43200.02,0.00,411.99,0.00,17.13,4.35,835.21,2150.00
2004-09-20,43200.02,0.00,420.87,0.00,15.91,2.40,729.99,1130.00
2004-09-21,42854.41,0.00,445.44,0.00,19.77,2.89,754.32,754.00
2004-09-22,42854.41,0.00,412.79,0.00,22.83,8.12,1089.30,551.00
2004-09-23,42508.79,0.00,421.06,0.00,24.85,8.54,1123.17,428.00
2004-09-24,42508.79,0.00,387.69,0.00,25.12,11.16,1332.69,348.00
2004-09-25,42163.20,0.00,356.69,0.00,24.98,12.67,1457.72,299.00
2004-09-26,42163.20,0.00,364.43,0.00,22.49,9.84,1227.53,263.00
2004-09-27,41817.59,0.00,382.42,0.00,20.42,6.59,974.09,225.00
2004-09-28,41817.59,27.73,278.53,0.00,20.97,7.32,1029.27,622.00
2004-09-29,41472.02,14.72,112.80,0.00,16.66,12.26,1421.73,717.00
2004-09-30,41472.02,0.23,255.17,0.00,18.18,10.25,1260.03,485.00
2004-10-01,41126.39,0.00,386.85,0.00,17.61,2.87,753.83,397.00
2004-10-02,41126.39,0.10,390.08,0.00,20.40,4.44,841.14,344.00
2004-10-03,40780.78,0.15,389.37,0.00,18.64,2.33,725.38,323.00
2004-10-04,40780.78,0.00,377.54,0.00,17.40,2.37,727.00,278.00
2004-10-05,40435.20,0.00,400.99,0.00,18.70,0.34,623.81,241.00
2004-10-06,40435.20,0.00,344.53,0.00,11.96,-0.82,574.94,213.00
2004-10-07,40089.59,0.00,383.57,0.00,17.05,-0.04,609.50,198.00
2004-10-08,40089.59,0.00,371.05,0.00,22.94,5.38,909.61,180.00
2004-10-09,39744.00,0.00,337.58,0.00,22.24,7.28,1022.47,166.00
2004-10-10,39744.00,0.00,334.28,0.00,18.98,4.30,831.27,155.00
2004-10-11,39405.81,0.00,160.43,0.00,10.27,4.62,849.43,144.00
2004-10-12,39398.39,0.00,212.10,0.00,11.22,3.50,790.99,133.00
2004-10-13,39243.18,0.01,339.69,0.00,15.43,0.29,619.68,125.00
2004-10-14,39052.80,7.87,251.12,0.00,15.98,0.70,643.45,135.00
2004-10-15,39052.80,6.92,113.02,0.00,12.07,6.57,968.94,160.00
2004-10-16,38707.19,7.12,146.25,0.00,12.96,5.60,918.07,183.00
2004-10-17,38707.19,2.47,187.27,0.00,10.08,1.76,693.95,153.00
2004-10-18,38361.61,0.04,129.85,0.00,6.78,2.08,710.78,132.00
2004-10-19,38361.61,21.51,141.14,0.00,11.11,4.01,815.60,451.00
2004-10-20,38015.99,7.61,39.58,0.00,6.94,5.59,913.83,474.00
2004-10-21,38015.99,2.89,57.82,0.00,8.48,6.29,948.85,421.00
2004-10-22,37670.39,1.95,96.69,0.00,8.14,4.90,871.32,392.00
2004-10-23,37670.39,0.00,264.65,0.00,8.71,-1.21,562.35,355.00
2004-10-24,37390.68,0.19,291.57,0.00,11.03,-0.83,577.46,330.00
2004-10-25,37324.80,0.98,143.98,0.00,7.29,2.46,730.34,307.00
2004-10-26,37324.73,0.00,189.32,0.00,12.29,5.64,915.60,280.00
2004-10-27,36979.21,0.00,212.99,0.00,12.20,4.55,844.19,256.00
2004-10-28,36979.21,0.00,290.34,0.00,13.26,1.14,659.68,239.00
2004-10-29,36633.62,0.00,288.02,0.00,14.93,2.33,723.60,223.00
2004-10-30,36633.62,3.59,132.84,0.00,12.54,6.05,937.85,225.00
2004-10-31,36295.40,2.37,179.59,0.00,17.05,9.53,1202.61,220.00
2004-11-01,36287.99,0.00,265.97,0.00,16.83,5.48,906.24,198.00
2004-11-02,36287.99,0.02,186.07,0.00,11.90,5.25,891.70,182.00
2004-11-03,35942.39,7.21,207.38,0.00,15.55,3.38,783.03,190.00
2004-11-04,35942.39,0.11,281.74,0.00,8.92,-3.07,486.60,192.00
2004-11-05,35604.21,10.06,166.21,0.00,7.00,-1.03,569.00,247.00
2004-11-06,35596.80,0.02,226.07,0.00,7.99,-0.27,598.07,213.00
2004-11-07,35596.80,0.00,284.84,0.00,13.87,0.62,640.00,195.00
2004-11-08,35251.20,0.00,301.67,0.00,17.06,-0.91,573.23,182.00
2004-11-09,35251.20,0.52,260.40,0.00,4.46,-5.46,409.87,174.00
2004-11-10,35207.35,0.00,234.57,0.00,1.33,-7.20,356.09,167.00
2004-11-11,34905.62,0.00,275.20,0.00,6.70,-5.24,415.89,162.00
2004-11-12,34905.62,5.59,203.84,0.00,11.50,-1.68,542.29,163.00
2004-11-13,34625.88,5.72,135.18,0.00,-0.18,-5.90,393.65,161.00
2004-11-14,34559.98,0.00,257.48,0.00,1.89,-7.74,338.15,151.00
2004-11-15,34559.98,0.00,289.72,0.00,6.94,-6.33,373.78,145.00
2004-11-16,34280.28,0.00,296.16,0.00,12.43,-3.42,480.00,142.00
2004-11-17,34214.41,0.00,284.13,0.00,12.41,-2.09,523.91,141.00
2004-11-18,34214.41,2.44,173.27,0.00,11.06,2.71,742.33,140.00
2004-11-19,34059.20,0.00,89.05,0.00,10.28,6.74,979.57,140.00
2004-11-20,33868.82,2.24,131.23,0.00,11.30,5.44,907.16,139.00
2004-11-21,33868.82,0.56,76.19,0.00,8.82,5.80,920.00,145.00
2004-11-22,33868.82,0.00,232.65,0.00,12.21,0.11,611.90,139.00
2004-11-23,33530.62,0.00,196.46,0.00,6.18,-2.64,504.42,131.00
2004-11-24,33523.21,7.13,160.22,0.00,8.55,-1.95,532.60,272.00
2004-11-25,33523.21,20.06,142.61,0.00,14.19,4.82,865.23,931.00
2004-11-26,33523.14,0.00,247.32,0.00,10.38,-4.97,426.82,720.00
2004-11-27,33185.02,0.02,138.87,0.00,3.85,-2.22,519.92,572.00
2004-11-28,33177.61,26.41,119.13,0.00,9.27,2.00,708.90,1680.00
2004-11-29,33177.61,0.00,217.99,0.00,8.95,-2.74,499.41,1260.00
2004-11-30,33177.61,0.01,94.36,0.00,2.57,-1.47,550.32,890.00
2004-12-01,33022.39,21.09,113.64,0.00,7.27,0.37,623.60,1590.00
2004-12-02,32831.99,12.89,109.98,0.00,6.62,-0.02,600.00,1220.00
2004-12-03,32831.99,0.00,151.12,0.00,3.13,-3.63,469.32,912.00
2004-12-04,32831.99,0.00,209.38,0.00,2.80,-7.85,333.42,697.00
2004-12-05,32831.99,0.00,226.02,0.00,5.03,-7.82,338.86,567.00
2004-12-06,32831.92,0.04,205.14,0.00,6.84,-4.10,448.11,477.00
2004-12-07,32676.78,5.20,97.58,0.00,3.11,-2.64,504.34,505.00
2004-12-08,32493.81,7.81,101.54,0.00,8.67,2.63,730.77,520.00
2004-12-09,32486.40,0.18,205.94,0.00,9.00,-1.89,529.01,429.00
2004-12-10,32486.40,15.75,108.11,0.00,4.75,-1.62,544.54,1000.00
2004-12-11,32486.40,13.68,44.01,0.00,5.46,3.17,773.23,1470.00
2004-12-12,32486.40,2.86,120.34,0.00,4.97,-1.37,555.00,1040.00
2004-12-13,32486.40,2.30,85.20,0.00,2.19,-1.56,546.87,809.00
2004-12-14,32486.40,1.45,192.11,0.00,0.94,-6.66,367.82,637.00
2004-12-15,32486.40,0.00,172.69,0.00,-4.76,-11.12,261.64,512.00
2004-12-16,32486.40,0.00,205.28,0.00,-1.46,-9.48,284.41,434.00
2004-12-17,32486.33,0.00,230.20,0.00,1.26,-8.46,321.98,394.00
2004-12-18,32486.33,0.00,236.31,0.00,-0.12,-10.37,280.00,343.00
2004-12-19,32486.33,0.58,210.86,0.00,-0.09,-8.75,320.00,320.00
2004-12-20,32486.33,2.51,236.96,0.00,-0.27,-22.34,104.60,260.00
2004-12-21,32486.33,0.00,231.10,0.00,-11.17,-21.34,116.94,250.00
2004-12-22,32486.33,0.00,252.10,0.00,0.49,-12.42,239.33,248.00
2004-12-23,32486.40,12.91,184.30,0.00,8.64,-4.51,437.97,742.00
2004-12-24,32486.40,24.13,203.01,0.00,9.65,-7.78,337.37,704.00
2004-12-25,32486.40,0.00,216.98,0.00,-5.16,-14.32,204.21,461.00
2004-12-26,32486.40,0.00,177.05,0.00,-7.13,-13.81,207.54,400.00
2004-12-27,32486.40,0.48,213.37,0.00,-4.24,-12.96,225.46,360.00
2004-12-28,32486.40,0.00,187.54,0.00,-8.28,-15.51,187.65,310.00
2004-12-29,32486.40,0.00,269.61,0.00,1.21,-13.63,215.18,314.00
2004-12-30,32486.40,0.00,85.11,0.00,2.10,-0.96,563.09,304.00
2004-12-31,32486.40,0.00,177.36,0.00,1.65,-7.30,389.14,289.00
2005-01-01,32486.40,0.00,193.65,0.00,9.12,1.49,679.09,280.00
2005-01-02,32552.27,0.00,247.88,0.00,8.24,-3.05,483.23,253.00
2005-01-03,32788.14,6.99,97.72,0.00,3.67,-0.90,574.52,315.00
2005-01-04,32831.99,15.49,98.15,0.00,6.48,1.84,701.06,678.00
2005-01-05,32831.99,9.73,122.16,0.00,3.88,-1.96,530.32,481.00
2005-01-06,32831.99,23.23,107.61,0.00,-0.59,-5.49,408.78,531.00
2005-01-07,32831.99,8.08,124.81,0.00,1.43,-4.02,454.61,559.00
2005-01-08,32897.87,7.15,93.65,0.00,-0.31,-4.47,441.24,577.00
2005-01-09,33177.54,1.47,133.66,0.00,0.86,-3.86,461.84,553.00
2005-01-10,33177.61,0.00,119.58,0.00,0.18,-3.76,462.13,492.00
2005-01-11,33177.61,2.88,157.45,0.00,1.88,-3.96,452.94,467.00
2005-01-12,33177.61,12.41,91.34,0.00,0.73,-3.23,480.68,537.00
2005-01-13,33367.98,4.36,116.70,0.00,5.77,0.54,631.99,1170.00
2005-01-14,33523.21,22.04,210.62,0.00,14.22,-0.82,574.82,4340.00
2005-01-15,33523.21,0.00,271.41,0.00,-0.12,-11.53,254.24,1830.00
2005-01-16,33523.21,0.16,200.53,0.00,-4.20,-10.95,266.58,1120.00
2005-01-17,33713.60,3.27,145.13,0.00,-5.20,-11.34,253.81,819.00
2005-01-18,33868.82,0.09,260.88,0.00,-9.03,-18.56,140.49,560.00
2005-01-19,33868.82,0.43,218.54,0.00,-12.74,-19.89,126.18,460.00
2005-01-20,33876.23,3.10,165.24,0.00,-6.74,-13.62,211.71,400.00
2005-01-21,34214.41,0.00,304.98,0.00,-7.06,-19.95,123.74,350.00
2005-01-22,34214.41,0.47,274.93,0.00,-12.82,-22.91,94.84,310.00
2005-01-23,34214.41,8.22,196.64,0.00,-9.64,-18.44,146.50,300.00
2005-01-24,34559.92,1.78,245.84,0.00,-12.99,-22.43,107.34,300.00
2005-01-25,34559.98,3.77,251.39,0.00,-6.89,-21.16,118.61,280.00
2005-01-26,34559.98,3.93,118.18,0.00,-2.76,-7.18,360.00,260.00
2005-01-27,34905.62,0.02,339.95,0.00,-2.89,-18.31,151.50,240.00
2005-01-28,34905.62,0.00,305.85,0.00,-11.25,-21.90,120.00,250.00
2005-01-29,34905.62,0.00,346.27,0.00,-6.33,-21.43,120.00,230.00
2005-01-30,35251.20,0.00,356.19,0.00,-1.99,-19.44,130.74,202.00
2005-01-31,35251.20,0.00,338.65,0.00,0.10,-13.34,214.63,180.00
2005-02-01,35317.09,0.00,358.37,0.00,0.57,-16.12,168.96,160.00
2005-02-02,35596.80,0.00,366.25,0.00,2.85,-16.38,164.41,150.00
2005-02-03,35596.80,0.00,367.21,0.00,4.01,-15.24,188.55,151.00
2005-02-04,35942.39,0.00,235.48,0.00,2.28,-5.19,424.87,148.00
2005-02-05,35942.39,0.00,341.70,0.00,4.65,-9.23,298.43,144.00
2005-02-06,35949.80,0.00,363.81,0.00,7.39,-9.64,291.05,142.00
2005-02-07,36287.99,0.00,367.54,0.00,10.54,-7.58,347.61,147.00
2005-02-08,36287.99,1.84,287.39,0.00,8.67,-1.85,531.77,174.00
2005-02-09,36633.62,7.13,127.85,0.00,6.16,0.62,638.32,297.00
2005-02-10,36633.62,7.93,158.50,0.00,3.92,-2.99,489.71,759.00
2005-02-11,36823.99,1.94,187.07,0.00,-1.93,-8.82,311.08,430.00
2005-02-12,36979.21,0.00,273.99,0.00,0.86,-8.41,322.48,375.00
2005-02-13,36979.21,0.00,275.80,0.00,0.68,-8.40,324.01,330.00
2005-02-14,37324.80,1.01,251.76,0.00,0.56,-7.54,347.96,314.00
2005-02-15,37324.80,10.93,172.21,0.00,4.94,-2.22,520.90,719.00
2005-02-16,37670.39,0.41,253.88,0.00,9.27,0.83,641.65,757.00
2005-02-17,37670.39,6.58,264.12,0.00,5.45,-7.34,352.03,657.00
2005-02-18,38015.92,0.11,313.49,0.00,-1.03,-11.23,258.60,510.00
2005-02-19,38015.99,0.00,293.52,0.00,-6.62,-15.75,179.67,405.00
2005-02-20,38081.87,3.09,274.51,0.00,-3.81,-13.89,210.82,383.00
2005-02-21,38361.61,10.59,196.62,0.00,-0.99,-8.64,316.22,364.00
2005-02-22,38361.61,1.14,119.38,0.00,-0.04,-3.45,473.59,330.00
2005-02-23,38707.19,4.47,211.54,0.00,0.79,-6.98,362.66,296.00
2005-02-24,38707.19,0.31,338.93,0.00,-0.84,-11.04,262.93,264.00
2005-02-25,39052.80,6.24,184.53,0.00,-5.21,-11.76,245.91,249.00
2005-02-26,39052.80,0.00,339.77,0.00,-2.14,-11.67,246.53,229.00
2005-02-27,39398.39,0.00,452.25,0.00,0.78,-16.00,175.37,206.00
2005-02-28,39398.39,0.70,399.14,0.00,-0.84,-13.33,218.36,214.00
2005-03-01,39744.00,11.47,134.87,0.00,-1.81,-6.07,387.96,210.00
2005-03-02,39744.00,4.33,206.21,0.00,-1.05,-7.43,348.63,199.00
2005-03-03,40089.59,0.00,353.80,0.00,-3.47,-12.13,243.32,175.00
2005-03-04,40089.59,0.00,425.60,0.00,-3.24,-14.46,202.21,163.00
2005-03-05,40435.20,0.00,475.27,0.00,-1.00,-15.24,195.57,166.00
2005-03-06,40435.20,0.00,487.12,0.00,2.16,-13.46,208.10,162.00
2005-03-07,40780.78,0.00,454.67,0.00,5.21,-7.53,348.85,173.00
2005-03-08,40780.78,5.81,380.65,0.00,11.01,-7.55,351.48,329.00
2005-03-09,41126.39,1.99,309.63,0.00,-7.08,-14.47,201.14,253.00
2005-03-10,41126.39,0.00,421.98,0.00,-5.92,-15.65,179.86,230.00
2005-03-11,41472.02,2.62,362.87,0.00,-3.64,-13.57,215.37,221.00
2005-03-12,41472.02,3.20,342.87,0.00,-0.77,-11.68,249.74,205.00
2005-03-13,41817.59,1.80,406.18,0.00,-0.35,-10.79,277.79,190.00
2005-03-14,41817.59,0.00,508.92,0.00,1.60,-12.60,233.29,179.00
2005-03-15,42163.20,0.00,469.67,0.00,-0.54,-12.16,243.30,169.00
2005-03-16,42163.20,0.00,477.52,0.00,1.96,-10.11,283.78,169.00
2005-03-17,42508.79,0.00,469.37,0.00,3.00,-8.73,317.86,169.00
2005-03-18,42508.79,0.00,502.92,0.00,6.03,-7.61,341.60,182.00
2005-03-19,42854.41,0.00,454.31,0.00,5.08,-5.92,395.27,199.00
2005-03-20,42854.41,2.08,468.55,0.00,8.29,-4.27,448.85,236.00
2005-03-21,43200.02,3.94,152.41,0.00,3.61,-0.43,592.78,285.00
2005-03-22,43200.02,0.00,402.40,0.00,3.36,-5.43,411.51,278.00
2005-03-23,43200.02,3.13,496.70,0.00,8.83,-4.36,445.10,365.00
2005-03-24,43545.59,19.24,144.18,0.00,0.79,-2.98,489.72,347.00
2005-03-25,43545.59,0.00,295.21,0.00,3.41,-2.59,507.19,341.00
2005-03-26,43891.20,0.00,448.44,0.00,4.92,-5.11,424.03,347.00
2005-03-27,43891.20,0.40,387.36,0.00,4.89,-3.29,479.75,368.00
2005-03-28,44236.80,19.54,127.76,0.00,4.14,0.92,649.92,1620.00
2005-03-29,44236.80,19.44,153.75,0.00,4.86,1.05,655.70,2920.00
2005-03-30,44582.39,0.00,462.73,0.00,8.35,-1.64,547.13,1950.00
2005-03-31,44582.39,0.00,553.78,0.00,14.52,-0.59,584.52,1590.00
2005-04-01,44928.00,0.00,354.80,0.00,11.50,4.20,815.99,1590.00
2005-04-02,44928.00,22.95,361.08,0.00,15.87,4.44,836.26,5030.00
2005-04-03,45273.61,47.44,320.56,0.00,8.20,-0.78,577.04,4200.00
2005-04-04,45273.61,6.61,175.86,0.00,3.38,-0.72,580.88,2000.00
2005-04-05,45619.20,0.00,527.07,0.00,10.53,-1.73,539.59,1440.00
2005-04-06,45619.20,0.00,593.11,0.00,17.97,-0.87,574.59,1080.00
2005-04-07,45964.79,0.00,576.97,0.00,24.89,5.75,920.00,901.00
2005-04-08,45964.79,0.66,578.07,0.00,22.26,3.05,762.59,743.00
2005-04-09,46310.38,0.00,561.39,0.00,14.67,-0.78,577.24,594.00
2005-04-10,46310.38,0.00,572.65,0.00,16.56,-0.33,599.97,497.00
2005-04-11,46655.99,0.00,583.61,0.00,19.79,0.79,643.61,425.00
2005-04-12,46655.99,0.00,573.27,0.00,13.34,-3.43,477.37,371.00
2005-04-13,47001.60,0.00,546.59,0.00,11.17,-3.44,478.57,332.00
2005-04-14,47001.60,0.00,553.10,0.00,12.36,-2.80,495.56,297.00
2005-04-15,47347.20,0.00,565.84,0.00,15.32,-1.23,563.42,267.00
2005-04-16,47347.20,0.00,558.21,0.00,14.23,-1.85,531.88,241.00
2005-04-17,47692.79,0.00,587.91,0.00,18.67,-0.95,563.66,224.00
2005-04-18,47692.79,0.00,577.97,0.00,22.06,2.42,721.60,210.00
2005-04-19,48038.40,0.00,555.17,0.00,21.82,4.13,812.42,197.00
2005-04-20,48038.40,0.00,574.80,0.00,26.32,4.96,871.69,184.00
2005-04-21,48318.11,2.76,477.57,0.00,24.96,2.46,730.71,175.00
2005-04-22,48383.99,0.39,500.89,0.00,12.99,-1.90,529.78,161.00
2005-04-23,48384.06,11.48,332.60,0.00,11.73,-0.39,594.89,201.00
2005-04-24,48729.59,13.79,366.91,0.00,14.41,-0.17,603.49,277.00
2005-04-25,48729.59,0.54,206.49,0.00,3.74,-1.46,550.93,242.00
2005-04-26,49075.21,0.00,357.70,0.00,8.41,-0.94,573.42,209.00
2005-04-27,49075.21,0.95,478.90,0.00,18.90,4.02,811.91,196.00
2005-04-28,49420.81,0.07,450.91,0.00,15.96,2.41,729.98,184.00
2005-04-29,49420.81,0.00,452.44,0.00,12.08,-1.33,559.90,176.00
2005-04-30,49576.01,3.46,299.76,0.00,11.79,0.54,635.44,179.00
2005-05-01,49766.39,3.69,275.48,0.00,11.63,2.15,716.15,189.00
2005-05-02,49766.39,0.84,410.61,0.00,12.27,0.54,640.00,176.00
2005-05-03,50112.00,2.39,287.92,0.00,7.68,-1.92,526.23,170.00
2005-05-04,50112.00,0.48,368.58,0.00,7.92,-2.29,519.58,160.00
2005-05-05,50450.20,0.00,424.41,0.00,10.17,-2.10,520.54,150.00
2005-05-06,50457.60,0.00,516.84,0.00,15.69,-1.13,565.93,144.00
2005-05-07,50457.60,0.00,477.46,0.00,15.43,0.66,640.00,138.00
2005-05-08,50803.21,0.00,522.65,0.00,17.84,0.45,632.83,130.00
2005-05-09,50803.21,0.00,454.88,0.00,18.55,4.45,836.33,123.00
2005-05-10,51082.91,0.00,529.73,0.00,23.96,4.56,844.48,118.00
2005-05-11,51148.79,0.00,481.44,0.00,25.59,8.87,1148.74,113.00
2005-05-12,51148.79,0.74,534.04,0.00,27.37,6.07,930.84,106.00
2005-05-13,51494.41,0.00,471.26,0.00,12.69,-2.15,523.54,100.00
2005-05-14,51494.41,3.90,430.98,0.00,18.65,0.19,621.10,97.00
2005-05-15,51494.41,9.84,326.72,0.00,24.01,9.64,1211.24,101.00
2005-05-16,51839.98,0.00,495.61,0.00,20.47,3.41,784.10,96.00
2005-05-17,51839.98,0.00,416.95,0.00,13.02,0.71,641.95,89.00
2005-05-18,51840.05,0.00,438.83,0.00,14.89,1.70,693.34,84.00
2005-05-19,52185.59,0.00,486.34,0.00,17.21,1.61,686.71,79.00
2005-05-20,52185.59,3.26,436.37,0.00,19.12,2.35,725.33,77.00
2005-05-21,52185.59,0.00,423.84,0.00,16.24,4.04,814.41,75.00
2005-05-22,52523.80,1.23,442.67,0.00,19.03,5.88,923.17,70.00
2005-05-23,52531.21,0.11,344.04,0.00,12.45,3.34,778.37,67.00
2005-05-24,52531.21,6.74,262.84,0.00,13.78,4.51,846.80,67.00
2005-05-25,52686.43,5.68,172.21,0.00,11.76,6.15,945.09,67.00
2005-05-26,52876.81,2.24,303.41,0.00,15.59,6.46,957.26,64.00
2005-05-27,52876.81,0.00,496.67,0.00,21.86,5.95,925.52,60.00
2005-05-28,52876.81,6.15,370.90,0.00,23.00,6.90,992.23,62.00
2005-05-29,53032.03,4.14,330.10,0.00,17.98,5.23,890.94,73.00
2005-05-30,53222.40,2.52,402.17,0.00,18.12,4.82,865.02,66.00
2005-05-31,53222.40,4.17,352.09,0.00,18.60,5.18,887.30,60.00
2005-06-01,53222.40,0.00,469.98,0.00,21.77,7.06,1004.23,54.00
2005-06-02,53222.47,0.00,455.77,0.00,23.74,9.36,1188.59,49.00
2005-06-03,53502.11,1.02,398.00,0.00,23.85,11.40,1352.14,50.00
2005-06-04,53567.98,7.18,111.04,0.00,16.66,12.87,1476.49,66.00
2005-06-05,53567.98,0.00,352.38,0.00,21.71,11.86,1390.64,65.00
2005-06-06,53567.98,2.96,435.57,0.00,28.18,13.98,1599.86,63.00
2005-06-07,53567.98,26.50,307.66,0.00,26.67,14.70,1671.53,82.00
2005-06-08,53611.84,0.00,442.06,0.00,28.24,14.29,1625.40,76.00
2005-06-09,53847.71,0.00,430.15,0.00,29.76,16.22,1835.12,65.00
2005-06-10,53913.61,0.00,331.12,0.00,28.27,18.79,2166.92,58.00
2005-06-11,53913.61,26.75,248.63,0.00,27.20,18.53,2136.97,182.00
2005-06-12,53913.61,0.00,308.09,0.00,27.77,19.42,2258.89,150.00
2005-06-13,53913.61,0.00,384.13,0.00,28.02,17.41,1985.58,101.00
2005-06-14,53913.61,0.91,352.80,0.00,29.20,18.72,2160.15,79.00
2005-06-15,53913.61,3.58,321.60,0.00,29.84,18.07,2080.36,67.00
2005-06-16,53913.61,4.21,239.58,0.00,22.70,15.03,1715.54,69.00
2005-06-17,53913.61,7.40,338.26,0.00,20.17,8.50,1120.09,81.00
2005-06-18,53913.61,5.22,278.70,0.00,18.84,10.10,1248.26,82.00
2005-06-19,53913.67,0.42,327.60,0.00,17.25,9.90,1231.89,70.00
2005-06-20,53913.67,0.00,452.72,0.00,19.69,8.52,1121.88,51.00
2005-06-21,53913.67,0.00,496.04,0.00,23.19,9.64,1211.32,44.00
2005-06-22,53913.67,0.00,469.52,0.00,25.06,12.37,1430.25,39.00
2005-06-23,53913.67,0.00,548.74,0.00,23.29,5.83,926.05,36.00
2005-06-24,53913.67,0.00,525.44,0.00,24.72,8.37,1106.48,28.00
2005-06-25,53913.61,0.00,497.66,0.00,28.49,12.83,1465.67,22.00
2005-06-26,53913.61,0.00,470.34,0.00,30.11,15.65,1772.37,18.00
2005-06-27,53913.61,0.07,438.44,0.00,30.88,17.77,2035.67,65.00
2005-06-28,53913.61,3.10,365.87,0.00,30.58,17.40,1977.53,42.00
2005-06-29,53913.61,17.20,328.90,0.00,30.83,17.76,2034.34,54.00
2005-06-30,53913.61,10.16,311.49,0.00,27.60,16.84,1911.85,68.00
2005-07-01,53913.61,0.00,408.39,0.00,27.95,16.83,1911.44,47.00
2005-07-02,53913.61,0.09,465.84,0.00,26.01,12.85,1470.28,33.00
2005-07-03,53906.19,0.00,494.30,0.00,22.11,8.29,1047.51,21.00
2005-07-04,53723.20,0.00,486.59,0.00,25.11,10.94,1226.71,14.00
2005-07-05,53568.05,4.43,414.39,0.00,27.91,16.00,1774.41,23.00
2005-07-06,53567.98,16.68,277.02,0.00,26.40,16.89,1918.34,50.00
2005-07-07,53567.98,0.02,302.66,0.00,22.35,14.97,1702.00,38.00
2005-07-08,53567.98,22.12,263.71,0.00,24.11,15.32,1743.80,137.00
2005-07-09,53567.98,6.60,217.42,0.00,19.83,13.13,1507.19,129.00
2005-07-10,53377.61,5.11,361.00,0.00,24.58,12.26,1421.38,104.00
2005-07-11,53222.40,0.00,512.26,0.00,28.05,11.73,1359.39,74.00
2005-07-12,53222.40,0.00,511.71,0.00,29.40,12.46,1423.41,47.00
2005-07-13,53222.40,0.00,425.71,0.00,30.35,17.72,2026.05,36.00
2005-07-14,53214.98,0.00,427.85,0.00,30.68,17.81,2041.80,40.00
2005-07-15,52876.88,0.00,310.55,0.00,27.04,18.84,2174.90,27.00
2005-07-16,52876.81,4.58,239.37,0.00,27.17,19.62,2284.37,21.00
2005-07-17,52876.81,9.89,197.71,0.00,26.84,20.42,2391.04,90.00
2005-07-18,52869.40,6.00,196.13,0.00,27.69,20.84,2454.76,120.00
2005-07-19,52531.21,0.00,298.64,0.00,28.50,20.54,2406.78,75.00
2005-07-20,52531.21,0.00,459.86,0.00,28.72,14.89,1692.60,55.00
2005-07-21,52531.21,0.00,465.62,0.00,27.96,13.98,1599.30,41.00
2005-07-22,52340.82,0.51,403.88,0.00,27.28,15.47,1759.11,31.00
2005-07-23,52185.59,0.00,413.95,0.00,27.49,15.99,1803.68,26.00
2005-07-24,52185.59,0.00,482.44,0.00,25.33,11.18,1330.25,20.00
2005-07-25,52119.70,4.80,350.34,0.00,26.67,13.02,1498.06,24.00
2005-07-26,51839.98,1.61,447.45,0.00,30.88,15.15,1716.52,18.00
2005-07-27,51839.98,7.59,346.50,0.00,30.52,16.80,1906.18,21.00
2005-07-28,51774.12,3.28,385.22,0.00,28.34,12.42,1435.90,18.00
2005-07-29,51494.41,0.00,441.29,0.00,24.29,12.06,1404.96,15.00
2005-07-30,51494.41,0.00,479.58,0.00,26.15,11.62,1369.27,13.00
2005-07-31,51304.00,0.00,450.13,0.00,27.44,14.07,1607.51,12.00
2005-08-01,51148.79,13.93,350.13,0.00,27.44,15.40,1751.74,16.00
2005-08-02,51148.79,0.00,430.82,0.00,29.16,16.32,1849.53,17.00
2005-08-03,50803.21,0.00,447.62,0.00,30.88,16.83,1910.96,14.00
2005-08-04,50803.21,0.00,462.40,0.00,31.33,16.23,1837.14,13.00
2005-08-05,50795.79,0.71,419.50,0.00,31.67,17.58,2011.88,11.00
2005-08-06,50457.60,0.00,475.36,0.00,27.90,12.43,1435.60,9.90
2005-08-07,50457.60,0.00,449.46,0.00,27.70,13.50,1547.14,9.80
2005-08-08,50112.00,2.41,397.54,0.00,28.02,15.59,1770.97,14.00
2005-08-09,50112.00,0.00,291.12,0.00,25.26,17.20,1955.52,16.00
2005-08-10,50104.59,0.00,378.70,0.00,27.59,16.44,1863.44,14.00
2005-08-11,49766.39,0.00,401.86,0.00,29.42,17.14,1948.31,13.00
2005-08-12,49766.39,0.00,415.09,0.00,29.54,16.60,1883.82,13.00
2005-08-13,49420.81,8.65,314.46,0.00,31.31,17.68,2023.88,15.00
2005-08-14,49420.81,10.08,310.87,0.00,32.22,18.40,2121.29,18.00
2005-08-15,49075.28,0.94,424.29,0.00,31.00,15.98,1814.39,33.00
2005-08-16,49075.21,0.82,333.98,0.00,25.72,15.27,1737.43,23.00
2005-08-17,49067.80,0.34,353.78,0.00,23.73,12.97,1491.83,20.00
2005-08-18,48729.59,0.00,463.35,0.00,26.47,10.39,1271.26,17.00
2005-08-19,48729.59,8.24,341.50,0.00,26.99,11.00,1320.94,18.00
2005-08-20,48383.99,7.43,124.47,0.00,21.67,17.21,1962.62,18.00
2005-08-21,48383.99,0.00,303.41,0.00,27.93,18.66,2148.25,16.00
2005-08-22,48038.40,0.00,458.88,0.00,28.50,12.01,1403.64,15.00
2005-08-23,48038.40,0.00,409.98,0.00,22.36,9.58,1206.16,14.00
2005-08-24,47692.79,0.00,413.46,0.00,21.26,8.40,1112.33,13.00
2005-08-25,47692.79,0.00,457.32,0.00,23.78,8.13,1090.59,12.00
2005-08-26,47347.27,0.00,447.88,0.00,24.95,9.54,1203.43,11.00
2005-08-27,47347.20,0.00,380.38,0.00,23.76,11.91,1392.96,11.00
2005-08-28,47156.81,6.58,249.34,0.00,23.60,13.58,1563.03,13.00
2005-08-29,47001.60,2.04,235.13,0.00,23.98,15.97,1805.53,14.00
2005-08-30,46994.19,27.97,165.83,0.00,23.42,17.15,1949.69,300.00
2005-08-31,46655.99,44.76,100.89,0.00,22.66,19.00,2199.72,1430.00
2005-09-01,46655.99,17.12,249.40,0.00,23.25,13.61,1559.49,825.00
2005-09-02,46310.38,0.00,389.92,0.00,24.28,12.27,1422.93,350.00
2005-09-03,46310.38,0.00,450.04,0.00,26.36,10.48,1278.68,226.00
2005-09-04,45964.79,0.00,413.68,0.00,23.58,10.37,1269.50,168.00
2005-09-05,45964.79,0.00,434.84,0.00,21.98,7.76,1060.69,131.00
2005-09-06,45619.20,0.00,451.28,0.00,23.83,7.98,1078.12,105.00
2005-09-07,45619.20,0.00,443.30,0.00,25.22,9.37,1189.35,89.00
2005-09-08,45273.61,0.00,437.22,0.00,25.24,9.42,1193.79,76.00
2005-09-09,45273.61,0.00,403.30,0.00,23.83,10.16,1253.18,66.00
2005-09-10,44928.00,0.00,421.12,0.00,23.45,8.60,1127.74,57.00
2005-09-11,44928.00,0.00,449.22,0.00,22.41,5.37,900.53,48.00
2005-09-12,44582.39,0.00,442.48,0.00,24.11,6.94,995.56,41.00
2005-09-13,44582.39,0.00,433.79,0.00,27.64,10.03,1242.30,36.00
2005-09-14,44236.80,0.00,402.43,0.00,27.95,12.42,1433.33,31.00
2005-09-15,44236.80,0.00,382.40,0.00,27.15,12.80,1475.99,27.00
2005-09-16,43891.20,3.54,246.63,0.00,26.41,17.56,2008.49,36.00
2005-09-17,43891.20,6.28,211.51,0.00,26.04,16.52,1873.84,44.00
2005-09-18,43545.59,1.29,269.19,0.00,21.35,12.15,1414.01,34.00
2005-09-19,43545.59,0.00,348.13,0.00,23.60,11.36,1348.44,26.00
2005-09-20,43200.02,0.33,344.96,0.00,23.56,11.22,1338.25,22.00
2005-09-21,43200.02,0.00,384.24,0.00,23.74,9.15,1171.99,21.00
2005-09-22,42854.41,0.00,397.27,0.00,25.02,8.99,1159.05,21.00
2005-09-23,42854.41,0.00,379.61,0.00,25.03,10.03,1242.03,23.00
2005-09-24,42508.79,0.05,382.99,0.00,20.84,6.13,937.48,20.00
2005-09-25,42508.79,0.00,360.63,0.00,20.09,6.72,986.83,17.00
2005-09-26,42163.20,7.31,97.99,0.00,18.24,14.13,1613.32,28.00
2005-09-27,42163.20,21.36,200.21,0.00,19.24,10.56,1285.16,70.00
2005-09-28,41817.59,0.00,372.98,0.00,18.22,3.90,809.34,46.00
2005-09-29,41817.59,2.25,361.54,0.00,20.14,4.31,829.82,43.00
2005-09-30,41472.02,11.93,283.70,0.00,16.39,1.70,690.43,54.00
2005-10-01,41472.02,0.00,368.77,0.00,16.89,1.63,685.57,42.00
2005-10-02,41126.39,0.00,360.65,0.00,20.93,5.39,909.43,33.00
2005-10-03,41126.39,0.00,360.54,0.00,23.88,7.67,1053.77,27.00
2005-10-04,40780.78,0.00,343.98,0.00,24.05,8.77,1142.00,23.00
2005-10-05,40780.78,0.00,308.45,0.00,22.16,9.28,1182.33,23.00
2005-10-06,40435.20,0.00,268.50,0.00,22.89,12.00,1400.10,22.00
2005-10-07,40435.20,5.66,206.36,0.00,20.86,12.81,1472.95,288.00
2005-10-08,40089.59,40.08,196.55,0.00,18.48,8.38,1110.62,1120.00
2005-10-09,40089.59,9.53,66.04,0.00,8.70,6.04,938.63,514.00
2005-10-10,39744.00,0.08,103.84,0.00,9.81,6.45,964.28,342.00
2005-10-11,39744.00,0.20,148.54,0.00,13.07,8.12,1089.85,269.00
2005-10-12,39405.81,1.17,78.98,0.00,13.30,10.95,1315.61,230.00
2005-10-13,39398.39,7.57,108.35,0.00,13.30,8.72,1137.69,237.00
2005-10-14,39243.18,8.56,93.03,0.00,12.68,8.88,1150.65,420.00
2005-10-15,39052.80,0.60,236.22,0.00,15.08,7.38,1030.25,396.00
2005-10-16,39052.80,0.00,293.95,0.00,17.51,6.84,988.37,323.00
2005-10-17,38707.19,0.00,186.14,0.00,12.78,6.89,991.00,272.00
2005-10-18,38707.19,2.69,213.79,0.00,14.27,5.67,920.39,246.00
2005-10-19,38361.61,0.00,334.79,0.00,17.36,3.18,774.03,219.00
2005-10-20,38361.61,0.00,360.37,0.00,20.08,1.08,655.51,198.00
2005-10-21,38015.99,0.75,275.94,0.00,11.42,1.03,656.48,178.00
2005-10-22,38015.99,17.62,204.03,0.00,11.89,2.03,708.65,229.00
2005-10-23,37670.39,20.59,84.02,0.00,6.78,3.39,783.31,476.00
2005-10-24,37670.39,8.91,205.35,0.00,8.13,-0.57,587.39,360.00
2005-10-25,37390.68,19.48,90.50,0.00,3.95,0.43,629.54,881.00
2005-10-26,37324.80,26.35,73.03,0.00,3.07,0.27,623.99,1490.00
2005-10-27,37324.73,0.00,182.02,0.00,6.10,0.50,632.86,1030.00
2005-10-28,36979.21,0.00,252.78,0.00,4.28,-4.00,454.49,720.00
2005-10-29,36979.21,0.00,288.64,0.00,6.51,-3.81,463.35,569.00
2005-10-30,36633.62,0.00,271.51,0.00,9.05,-0.46,593.57,486.00
2005-10-31,36633.62,0.00,323.13,0.00,15.54,-0.09,600.00,419.00
2005-11-01,36295.40,0.54,314.80,0.00,16.78,0.54,640.00,375.00
2005-11-02,36287.99,5.68,230.15,0.00,16.27,1.98,718.69,430.00
2005-11-03,36287.99,0.00,289.53,0.00,11.78,0.02,601.20,358.00
2005-11-04,35942.39,0.00,311.58,0.00,18.14,1.51,680.95,320.00
2005-11-05,35942.39,0.00,295.36,0.00,18.98,4.49,839.46,293.00
2005-11-06,35604.21,0.00,254.75,0.00,18.66,8.00,1080.02,273.00
2005-11-07,35596.80,8.29,216.72,0.00,18.83,5.48,916.83,352.00
2005-11-08,35596.80,0.00,259.78,0.00,13.46,2.27,720.00,294.00
2005-11-09,35251.20,4.67,259.89,0.00,14.55,1.56,684.77,270.00
2005-11-10,35251.20,15.55,162.80,0.00,12.02,3.44,786.23,377.00
2005-11-11,35207.35,0.00,119.44,0.00,5.39,1.00,640.00,317.00
2005-11-12,34905.62,0.00,223.45,0.00,5.93,-3.50,480.00,286.00
2005-11-13,34905.62,0.00,269.14,0.00,12.36,-1.96,526.79,264.00
2005-11-14,34625.88,0.00,232.80,0.00,14.62,3.31,784.83,248.00
2005-11-15,34559.98,11.59,147.80,0.00,11.22,2.46,728.76,420.00
2005-11-16,34559.98,7.63,177.31,0.00,16.95,4.50,840.04,851.00
2005-11-17,34280.28,14.01,210.76,0.00,15.20,-3.45,472.20,957.00
2005-11-18,34214.41,0.00,159.04,0.00,0.75,-6.04,388.26,686.00
2005-11-19,34214.41,0.00,157.76,0.00,0.38,-6.20,383.85,546.00
2005-11-20,34059.20,0.00,203.16,0.00,5.35,-3.99,442.15,455.00
2005-11-21,33868.82,0.00,245.29,0.00,10.42,-3.06,480.00,397.00
2005-11-22,33868.82,1.19,200.91,0.00,8.64,-1.63,549.86,363.00
2005-11-23,33868.82,1.62,252.68,0.00,3.18,-8.69,315.47,320.00
2005-11-24,33530.62,3.23,125.95,0.00,-1.71,-8.49,322.26,297.00
2005-11-25,33523.21,0.09,261.60,0.00,0.73,-12.65,231.30,258.00
2005-11-26,33523.21,0.05,192.25,0.00,-3.98,-12.36,236.95,230.00
2005-11-27,33523.14,0.06,197.76,0.00,0.59,-8.25,326.49,219.00
2005-11-28,33185.02,5.48,122.95,0.00,7.02,-0.23,601.62,245.00
2005-11-29,33177.61,39.94,118.02,0.00,14.55,6.27,941.68,1490.00
2005-11-30,33177.61,57.33,162.01,0.00,15.29,2.68,737.98,4930.00
2005-12-01,33177.61,0.00,140.99,0.00,4.19,-2.52,509.67,1600.00
2005-12-02,33022.39,1.26,52.80,0.00,-0.37,-2.65,506.42,1050.00
2005-12-03,32831.99,0.14,148.07,0.00,-1.45,-8.26,326.60,768.00
2005-12-04,32831.99,4.79,92.79,0.00,-3.10,-7.87,336.88,622.00
2005-12-05,32831.99,0.00,130.91,0.00,-1.62,-6.60,361.00,516.00
2005-12-06,32831.99,0.00,140.79,0.00,-2.63,-7.95,335.56,446.00
2005-12-07,32831.92,0.00,215.53,0.00,-2.81,-11.79,248.44,381.00
2005-12-08,32676.78,0.00,229.50,0.00,-5.05,-14.98,195.37,321.00
2005-12-09,32493.81,9.94,179.83,0.00,-3.80,-14.56,199.30,326.00
2005-12-10,32486.40,0.04,115.70,0.00,-3.38,-7.57,345.42,304.00
2005-12-11,32486.40,0.00,178.64,0.00,-2.67,-9.64,281.47,279.00
2005-12-12,32486.40,0.00,165.29,0.00,-1.76,-8.09,320.00,260.00
2005-12-13,32486.40,0.00,268.61,0.00,-3.36,-18.15,156.18,202.00
2005-12-14,32486.40,0.00,251.17,0.00,-8.27,-20.21,120.00,170.00
2005-12-15,32486.40,0.93,244.76,0.00,-8.52,-20.39,121.98,180.00
2005-12-16,32486.40,22.57,196.60,0.00,1.24,-12.72,230.72,271.00
2005-12-17,32486.40,0.75,199.72,0.00,0.29,-7.54,349.57,260.00
2005-12-18,32486.33,0.00,212.23,0.00,-1.95,-10.57,280.00,215.00
2005-12-19,32486.33,0.00,218.35,0.00,-0.95,-9.98,280.00,198.00
2005-12-20,32486.33,0.00,212.90,0.00,-5.46,-14.02,205.97,174.00
2005-12-21,32486.33,0.00,198.02,0.00,-6.77,-14.31,204.23,174.00
2005-12-22,32486.33,0.00,188.19,0.00,-5.06,-12.05,243.31,171.00
2005-12-23,32486.33,0.00,170.13,0.00,-0.76,-6.89,363.48,164.00
2005-12-24,32486.40,0.00,196.20,0.00,4.67,-2.97,484.93,164.00
2005-12-25,32486.40,0.84,250.42,0.00,7.39,-5.10,431.26,190.00
2005-12-26,32486.40,8.33,140.70,0.00,4.54,-2.53,516.96,329.00
2005-12-27,32486.40,0.00,93.19,0.00,1.42,-1.70,542.65,307.00
2005-12-28,32486.40,0.00,155.23,0.00,1.82,-3.58,470.94,284.00
2005-12-29,32486.40,3.25,112.37,0.00,4.70,-0.39,600.00,377.00
2005-12-30,32486.40,1.59,139.67,0.00,4.18,-1.04,561.41,571.00
2005-12-31,32486.40,1.35,141.95,0.00,0.70,-4.11,447.26,492.00
2006-01-01,32486.40,5.25,60.37,0.00,-0.18,-3.37,476.19,447.00
2006-01-02,32552.27,0.74,69.79,0.00,1.04,-1.80,535.61,450.00
2006-01-03,32788.14,20.27,43.56,0.00,1.81,-0.40,598.59,938.00
2006-01-04,32831.99,0.72,60.41,0.00,1.61,-0.80,577.74,757.00
2006-01-05,32831.99,2.51,58.60,0.00,2.15,-0.44,592.18,766.00
2006-01-06,32831.99,0.00,126.66,0.00,2.78,-2.49,519.67,704.00
2006-01-07,32831.99,1.77,197.90,0.00,-2.07,-9.87,287.56,569.00
2006-01-08,32897.87,1.83,161.90,0.00,-2.81,-8.83,311.70,496.00
2006-01-09,33177.54,0.00,178.24,0.00,2.96,-3.82,463.75,447.00
2006-01-10,33177.61,0.00,224.37,0.00,8.94,-0.95,573.15,431.00
2006-01-11,33177.61,0.31,163.46,0.00,5.36,-1.42,552.87,419.00
2006-01-12,33177.61,4.43,120.05,0.00,6.95,0.52,640.00,619.00
2006-01-13,33367.98,0.08,228.91,0.00,9.65,-1.98,524.46,563.00
2006-01-14,33523.21,11.31,186.78,0.00,13.69,-1.21,559.94,1400.00
2006-01-15,33523.21,5.16,223.70,0.00,6.90,-10.72,270.81,1150.00
2006-01-16,33523.21,0.00,207.91,0.00,-6.48,-14.01,207.42,822.00
2006-01-17,33713.60,0.35,236.47,0.00,-4.24,-13.30,219.89,665.00
2006-01-18,33868.82,37.47,224.50,0.00,9.35,-6.04,388.65,4220.00
2006-01-19,33868.82,10.50,217.15,0.00,7.17,-5.50,407.86,2020.00
2006-01-20,33876.23,0.00,261.32,0.00,4.70,-5.38,412.89,1240.00
2006-01-21,34214.41,0.00,256.87,0.00,10.18,0.08,610.93,936.00
2006-01-22,34214.41,0.00,320.06,0.00,11.06,-6.97,362.14,720.00
2006-01-23,34214.41,8.88,172.46,0.00,1.52,-6.33,379.90,625.00
2006-01-24,34559.92,4.02,198.98,0.00,1.61,-7.92,332.53,538.00
2006-01-25,34559.98,2.02,280.50,0.00,2.61,-8.75,313.42,481.00
2006-01-26,34559.98,0.78,260.14,0.00,-0.44,-9.70,292.43,408.00
2006-01-27,34905.62,0.00,297.64,0.00,-3.19,-14.05,207.01,333.00
2006-01-28,34905.62,0.00,344.09,0.00,3.79,-13.13,224.46,339.00
2006-01-29,34905.62,0.12,307.21,0.00,9.80,-2.41,519.37,349.00
2006-01-30,35251.20,4.35,154.01,0.00,6.01,-0.22,600.00,392.00
2006-01-31,35251.20,6.53,189.27,0.00,9.46,0.94,640.13,547.00
2006-02-01,35317.09,5.80,126.56,0.00,2.65,-2.32,516.80,540.00
2006-02-02,35596.80,0.00,125.15,0.00,0.74,-2.95,489.32,479.00
2006-02-03,35596.80,12.32,196.62,0.00,7.07,-1.82,538.71,879.00
2006-02-04,35942.39,7.57,175.68,0.00,7.00,-0.73,581.29,848.00
2006-02-05,35942.39,13.78,177.15,0.00,7.61,-0.14,600.00,1580.00
2006-02-06,35949.80,3.37,168.14,0.00,0.74,-5.85,395.86,1040.00
2006-02-07,36287.99,0.01,158.40,0.00,-1.31,-5.90,394.34,801.00
2006-02-08,36287.99,0.00,216.57,0.00,-1.30,-7.72,341.06,643.00
2006-02-09,36633.62,0.00,280.58,0.00,-3.76,-12.51,236.29,531.00
2006-02-10,36633.62,1.41,285.74,0.00,-3.70,-12.53,234.90,463.00
2006-02-11,36823.99,0.37,194.33,0.00,-2.35,-7.74,340.29,415.00
2006-02-12,36979.21,2.96,187.73,0.00,-1.18,-8.03,331.07,380.00
2006-02-13,36979.21,0.00,297.95,0.00,-4.31,-12.81,231.40,319.00
2006-02-14,37324.80,0.00,315.99,0.00,-1.37,-10.31,278.30,305.00
2006-02-15,37324.80,0.00,332.45,0.00,4.15,-5.75,399.03,276.00
2006-02-16,37670.39,0.00,376.77,0.00,11.04,-2.29,519.94,264.00
2006-02-17,37670.39,2.64,325.63,0.00,13.27,-1.23,560.00,283.00
2006-02-18,38015.92,0.96,393.45,0.00,6.54,-7.50,359.71,254.00
2006-02-19,38015.99,0.00,364.28,0.00,-6.09,-16.76,165.22,180.00
2006-02-20,38081.87,0.00,366.28,0.00,-5.66,-16.28,170.88,190.00
2006-02-21,38361.61,0.00,378.63,0.00,-1.62,-12.63,231.94,183.00
2006-02-22,38361.61,0.00,359.24,0.00,0.77,-9.25,297.56,173.00
2006-02-23,38707.19,0.13,386.09,0.00,5.12,-6.38,369.82,170.00
2006-02-24,38707.19,1.98,392.41,0.00,5.28,-6.74,368.38,160.00
2006-02-25,39052.80,0.00,324.71,0.00,-0.52,-8.66,314.76,143.00
2006-02-26,39052.80,0.98,451.75,0.00,5.90,-11.14,260.39,137.00
2006-02-27,39398.39,0.49,295.55,0.00,-7.96,-14.75,199.51,110.00
2006-02-28,39398.39,0.00,378.91,0.00,-5.13,-14.62,201.16,120.00
2006-03-01,39744.00,0.00,408.27,0.00,-2.29,-13.20,220.62,118.00
2006-03-02,39744.00,5.70,312.40,0.00,2.26,-9.18,301.26,114.00
2006-03-03,40089.59,8.89,247.24,0.00,-1.89,-9.36,296.34,107.00
2006-03-04,40089.59,0.00,284.82,0.00,-3.36,-9.67,292.89,101.00
2006-03-05,40435.20,0.00,348.90,0.00,0.91,-7.26,357.81,97.00
2006-03-06,40435.20,0.00,431.65,0.00,3.99,-7.59,344.05,95.00
2006-03-07,40780.78,0.00,431.56,0.00,2.08,-9.34,294.75,92.00
2006-03-08,40780.78,0.00,445.74,0.00,2.43,-9.77,284.89,89.00
2006-03-09,41126.39,0.65,474.38,0.00,5.80,-8.91,311.45,92.00
2006-03-10,41126.39,0.75,348.09,0.00,10.60,1.98,708.12,111.00
2006-03-11,41472.02,0.00,459.18,0.00,14.59,0.54,633.61,136.00
2006-03-12,41472.02,0.54,379.38,0.00,13.12,2.95,754.71,132.00
2006-03-13,41817.59,7.75,186.28,0.00,13.21,7.20,1016.03,184.00
2006-03-14,41817.59,13.03,329.37,0.00,18.35,4.81,865.03,421.00
2006-03-15,42163.20,0.09,375.52,0.00,5.24,-4.25,448.99,290.00
2006-03-16,42163.20,0.00,288.43,0.00,2.43,-4.31,447.00,233.00
2006-03-17,42508.79,0.00,404.01,0.00,5.04,-5.32,415.55,214.00
2006-03-18,42508.79,0.00,435.10,0.00,2.69,-8.70,314.88,197.00
2006-03-19,42854.41,0.00,345.97,0.00,0.66,-7.24,354.10,188.00
2006-03-20,42854.41,0.00,287.17,0.00,0.05,-6.09,387.80,179.00
2006-03-21,43200.02,0.00,452.23,0.00,-0.15,-11.38,255.19,162.00
2006-03-22,43200.02,0.00,452.98,0.00,0.76,-10.39,277.98,166.00
2006-03-23,43200.02,0.00,324.33,0.00,0.96,-5.90,396.08,156.00
2006-03-24,43545.59,0.00,416.95,0.00,3.73,-5.84,394.58,148.00
2006-03-25,43545.59,2.41,338.73,0.00,3.63,-5.35,413.48,145.00
2006-03-26,43891.20,0.00,339.31,0.00,4.00,-3.10,484.49,137.00
2006-03-27,43891.20,0.00,449.97,0.00,6.13,-4.40,441.79,129.00
2006-03-28,44236.80,0.00,512.61,0.00,10.37,-3.38,479.18,123.00
2006-03-29,44236.80,0.00,500.59,0.00,11.32,-1.89,530.12,118.00
2006-03-30,44582.39,0.00,539.77,0.00,15.33,-1.70,543.96,112.00
2006-03-31,44582.39,0.00,538.49,0.00,17.42,0.05,603.90,107.00
2006-04-01,44928.00,1.40,491.22,0.00,22.14,5.40,908.76,110.00
2006-04-02,44928.00,2.76,371.04,0.00,13.96,2.20,717.78,118.00
2006-04-03,45273.61,0.89,451.05,0.00,14.47,2.08,711.93,108.00
2006-04-04,45273.61,4.66,366.27,0.00,13.64,0.22,620.24,136.00
2006-04-05,45619.20,2.19,439.91,0.00,7.26,-4.23,447.42,125.00
2006-04-06,45619.20,0.00,401.32,0.00,4.72,-4.43,442.75,113.00
2006-04-07,45964.79,0.28,446.85,0.00,10.62,-0.53,593.88,109.00
2006-04-08,45964.79,8.44,392.05,0.00,12.91,-1.54,548.26,124.00
2006-04-09,46310.38,0.00,466.70,0.00,5.18,-6.19,380.76,111.00
2006-04-10,46310.38,0.00,541.67,0.00,10.46,-5.22,418.17,101.00
2006-04-11,46655.99,0.00,555.46,0.00,15.74,-2.10,523.77,95.00
2006-04-12,46655.99,0.00,537.63,0.00,20.58,2.92,749.68,91.00
2006-04-13,47001.60,4.82,305.56,0.00,18.37,7.64,1051.60,93.00
2006-04-14,47001.60,4.09,330.16,0.00,19.01,6.73,978.01,99.00
2006-04-15,47347.20,4.90,218.70,0.00,14.05,8.02,1081.60,140.00
2006-04-16,47347.20,0.00,513.44,0.00,21.89,4.32,819.24,119.00
2006-04-17,47692.79,0.00,515.64,0.00,15.97,-0.87,571.08,104.00
2006-04-18,47692.79,0.00,485.84,0.00,14.57,-0.31,599.71,96.00
2006-04-19,48038.40,0.00,486.31,0.00,18.23,2.60,698.95,92.00
2006-04-20,48038.40,0.00,502.69,0.00,20.78,3.49,699.06,88.00
2006-04-21,48318.11,0.08,518.73,0.00,24.63,4.79,735.06,86.00
2006-04-22,48383.99,15.68,352.71,0.00,19.80,3.92,808.13,148.00
2006-04-23,48384.06,13.82,102.76,0.00,7.44,4.08,818.54,379.00
2006-04-24,48729.59,3.42,262.74,0.00,14.77,5.27,897.93,308.00
2006-04-25,48729.59,0.81,342.58,0.00,14.00,3.89,799.90,278.00
2006-04-26,49075.21,2.25,474.82,0.00,16.54,-3.46,458.28,259.00
2006-04-27,49075.21,0.00,504.38,0.00,14.75,-2.51,497.43,239.00
2006-04-28,49420.81,0.00,518.91,0.00,17.28,-1.47,524.18,217.00
2006-04-29,49420.81,0.00,495.26,0.00,14.23,-2.34,512.12,197.00
2006-04-30,49576.01,0.00,510.98,0.00,17.26,-0.67,553.67,181.00
2006-05-01,49766.39,0.00,511.91,0.00,20.28,1.98,647.71,169.00
2006-05-02,49766.39,0.00,511.25,0.00,20.94,2.49,656.50,158.00
2006-05-03,50112.00,0.00,510.08,0.00,22.07,3.51,687.20,149.00
2006-05-04,50112.00,0.00,481.52,0.00,20.92,4.37,752.15,139.00
2006-05-05,50450.20,0.00,498.96,0.00,24.82,6.63,807.04,128.00
2006-05-06,50457.60,0.00,425.67,0.00,20.93,7.16,904.65,120.00
2006-05-07,50457.60,0.00,487.10,0.00,14.82,-1.65,460.11,114.00
2006-05-08,50803.21,0.00,468.51,0.00,16.94,1.40,560.77,104.00
2006-05-09,50803.21,0.00,448.90,0.00,19.07,4.29,684.90,96.00
2006-05-10,51082.91,0.00,464.90,0.00,20.65,4.98,695.23,91.00
2006-05-11,51148.79,4.12,431.84,0.00,23.57,8.67,905.67,90.00
2006-05-12,51148.79,31.72,207.54,0.00,15.91,7.90,1071.85,394.00
2006-05-13,51494.41,0.66,382.11,0.00,18.24,6.32,927.93,255.00
2006-05-14,51494.41,5.50,251.52,0.00,18.46,8.50,1120.33,224.00
2006-05-15,51494.41,3.41,246.86,0.00,15.78,7.61,1049.01,220.00
2006-05-16,51839.98,8.22,114.53,0.00,10.17,6.21,943.94,287.00
2006-05-17,51839.98,0.00,262.91,0.00,13.57,6.50,964.61,250.00
2006-05-18,51840.05,1.81,330.38,0.00,17.42,7.06,1002.17,247.00
2006-05-19,52185.59,5.32,289.62,0.00,15.21,4.43,839.68,277.00
2006-05-20,52185.59,4.00,189.04,0.00,11.93,5.56,912.68,295.00
2006-05-21,52185.59,2.09,387.09,0.00,14.17,3.59,796.63,251.00
2006-05-22,52523.80,1.90,366.05,0.00,12.98,3.49,787.03,226.00
2006-05-23,52531.21,0.00,408.67,0.00,10.91,0.10,614.34,205.00
2006-05-24,52531.21,0.00,508.81,0.00,16.65,0.87,614.32,184.00
2006-05-25,52686.43,0.00,528.85,0.00,21.09,3.21,692.56,169.00
2006-05-26,52876.81,1.50,320.69,0.00,19.16,9.51,1198.09,158.00
2006-05-27,52876.81,4.13,235.54,0.00,20.35,12.03,1402.72,157.00
2006-05-28,52876.81,0.00,415.60,0.00,22.97,11.35,1299.00,140.00
2006-05-29,53032.03,0.00,492.57,0.00,27.03,11.50,1203.39,124.00
2006-05-30,53222.40,0.82,482.45,0.00,30.81,14.92,1485.65,110.00
2006-05-31,53222.40,10.45,367.90,0.00,31.57,14.87,1637.88,251.00
2006-06-01,53222.40,13.51,322.54,0.00,29.04,16.17,1830.82,168.00
2006-06-02,53222.47,3.04,270.18,0.00,26.03,16.41,1866.08,137.00
2006-06-03,53502.11,21.62,221.46,0.00,18.87,11.88,1390.77,328.00
2006-06-04,53567.98,6.61,146.90,0.00,15.15,10.88,1310.64,318.00
2006-06-05,53567.98,2.24,335.44,0.00,16.91,8.60,1127.64,248.00
2006-06-06,53567.98,0.00,514.78,0.00,22.12,7.64,1016.71,208.00
2006-06-07,53567.98,0.00,493.08,0.00,22.36,9.07,1131.48,178.00
2006-06-08,53611.84,2.06,419.88,0.00,20.89,10.07,1243.17,162.00
2006-06-09,53847.71,4.19,344.76,0.00,19.64,9.30,1184.35,159.00
2006-06-10,53913.61,6.99,342.46,0.00,18.50,7.80,1063.63,207.00
2006-06-11,53913.61,0.00,510.29,0.00,16.95,3.78,802.62,157.00
2006-06-12,53913.61,0.00,503.33,0.00,19.37,6.22,941.10,127.00
2006-06-13,53913.61,0.00,429.44,0.00,18.36,8.25,1097.98,111.00
2006-06-14,53913.61,0.11,463.88,0.00,23.51,11.50,1322.79,112.00
2006-06-15,53913.61,0.61,408.55,0.00,19.86,9.49,1192.41,121.00
2006-06-16,53913.61,0.00,517.30,0.00,22.53,7.62,994.11,94.00
2006-06-17,53913.61,0.00,514.38,0.00,25.63,10.17,1162.76,81.00
2006-06-18,53913.61,0.00,477.74,0.00,28.57,14.45,1555.82,73.00
2006-06-19,53913.67,0.14,433.33,0.00,29.18,16.54,1822.30,70.00
2006-06-20,53913.67,16.09,301.54,0.00,25.05,14.57,1656.49,73.00
2006-06-21,53913.67,0.00,494.25,0.00,24.36,9.79,1188.69,70.00
2006-06-22,53913.67,4.11,348.41,0.00,24.91,11.60,1369.90,66.00
2006-06-23,53913.67,8.39,313.51,0.00,26.81,15.20,1727.57,78.00
2006-06-24,53913.67,8.47,211.14,0.00,22.32,15.55,1766.83,97.00
2006-06-25,53913.61,0.59,365.85,0.00,25.40,15.90,1800.30,84.00
2006-06-26,53913.61,26.51,172.41,0.00,22.14,16.72,1898.50,605.00
2006-06-27,53913.61,52.81,207.35,0.00,24.73,18.05,2077.64,3830.00
2006-06-28,53913.61,31.55,250.70,0.00,25.03,16.90,1921.46,3560.00
2006-06-29,53913.61,10.93,328.88,0.00,25.79,14.33,1633.28,1750.00
2006-06-30,53913.61,6.23,365.10,0.00,24.23,11.39,1351.08,1120.00
2006-07-01,53913.61,4.20,379.35,0.00,23.79,10.22,1257.96,706.00
2006-07-02,53913.61,2.13,420.98,0.00,25.11,12.46,1441.39,522.00
2006-07-03,53906.19,5.64,268.57,0.00,26.22,17.33,1972.97,521.00
2006-07-04,53723.20,3.05,298.81,0.00,26.73,17.64,2018.81,334.00
2006-07-05,53568.05,1.88,306.24,0.00,23.93,16.47,1867.71,263.00
2006-07-06,53567.98,0.00,503.68,0.00,24.96,10.40,1271.78,193.00
2006-07-07,53567.98,0.00,459.06,0.00,21.14,9.38,1190.28,146.00
2006-07-08,53567.98,0.00,483.95,0.00,23.66,10.37,1269.78,112.00
2006-07-09,53567.98,0.00,457.22,0.00,23.90,11.72,1378.72,88.00
2006-07-10,53377.61,0.00,436.55,0.00,25.10,13.52,1561.69,86.00
2006-07-11,53222.40,11.55,308.76,0.00,25.59,14.90,1696.26,91.00
2006-07-12,53222.40,14.98,296.16,0.00,27.53,17.22,1959.19,523.00
2006-07-13,53222.40,11.50,189.55,0.00,24.16,18.23,2100.02,385.00
2006-07-14,53214.98,0.00,447.09,0.00,26.05,14.14,1615.95,218.00
2006-07-15,52876.88,8.97,349.76,0.00,28.31,14.95,1701.97,177.00
2006-07-16,52876.81,3.75,371.72,0.00,27.60,15.69,1780.60,153.00
2006-07-17,52876.81,0.00,456.87,0.00,30.58,17.32,1970.91,102.00
2006-07-18,52869.40,0.00,433.34,0.00,31.38,19.04,2206.90,90.00
2006-07-19,52531.21,0.00,460.15,0.00,28.83,15.83,1795.78,86.00
2006-07-20,52531.21,0.00,429.80,0.00,27.86,16.32,1849.46,80.00
2006-07-21,52531.21,6.56,291.49,0.00,27.67,17.81,2040.57,105.00
2006-07-22,52340.82,15.98,270.49,0.00,27.24,18.33,2109.33,168.00
2006-07-23,52185.59,23.70,229.34,0.00,20.71,13.97,1596.85,181.00
2006-07-24,52185.59,0.00,457.47,0.00,22.97,11.26,1341.59,96.00
2006-07-25,52119.70,0.00,471.56,0.00,25.26,12.42,1437.65,88.00
2006-07-26,51839.98,0.00,411.11,0.00,27.08,16.24,1838.18,83.00
2006-07-27,51839.98,0.72,383.72,0.00,27.59,17.41,1985.45,81.00
2006-07-28,51774.12,18.12,250.61,0.00,27.74,19.20,2231.88,93.00
2006-07-29,51494.41,7.84,269.87,0.00,25.20,16.40,1857.40,123.00
2006-07-30,51494.41,5.30,310.91,0.00,28.61,17.95,2060.43,84.00
2006-07-31,51304.00,0.00,392.85,0.00,28.14,17.83,2044.60,78.00
2006-08-01,51148.79,0.00,394.76,0.00,29.83,19.18,2224.58,74.00
2006-08-02,51148.79,0.00,374.63,0.00,31.75,21.40,2543.90,70.00
2006-08-03,50803.21,0.24,363.18,0.00,31.44,21.38,2541.57,69.00
2006-08-04,50803.21,8.23,307.13,0.00,30.98,19.83,2309.99,67.00
2006-08-05,50795.79,0.00,464.82,0.00,26.69,13.41,1536.37,62.00
2006-08-06,50457.60,0.00,463.20,0.00,24.87,11.94,1396.27,57.00
2006-08-07,50457.60,0.00,465.06,0.00,26.50,13.12,1507.93,54.00
2006-08-08,50112.00,0.00,464.94,0.00,27.50,13.81,1582.34,54.00
2006-08-09,50112.00,0.00,515.38,0.00,24.01,7.63,1050.11,52.00
2006-08-10,50104.59,0.00,462.55,0.00,24.22,10.93,1314.50,48.00
2006-08-11,49766.39,0.00,450.83,0.00,24.94,12.02,1401.47,42.00
2006-08-12,49766.39,0.00,503.22,0.00,21.47,5.78,923.65,35.00
2006-08-13,49420.81,0.00,491.08,0.00,21.95,6.78,982.38,30.00
2006-08-14,49420.81,0.00,486.89,0.00,24.50,8.94,1155.50,26.00
2006-08-15,49075.28,9.31,360.63,0.00,26.65,10.74,1299.07,45.00
2006-08-16,49075.21,0.00,456.76,0.00,24.86,10.76,1300.96,47.00
2006-08-17,49067.80,0.00,452.12,0.00,24.11,10.28,1262.52,33.00
2006-08-18,48729.59,0.00,451.43,0.00,25.09,11.03,1322.69,26.00
2006-08-19,48729.59,3.07,351.20,0.00,26.26,15.57,1767.84,32.00
2006-08-20,48383.99,15.46,112.99,0.00,21.62,17.79,2040.93,63.00
2006-08-21,48383.99,0.00,382.35,0.00,26.22,15.06,1714.22,56.00
2006-08-22,48038.40,0.00,420.87,0.00,23.97,11.30,1343.80,45.00
2006-08-23,48038.40,0.00,437.49,0.00,25.60,11.70,1377.58,33.00
2006-08-24,47692.79,2.36,370.36,0.00,24.47,12.55,1449.93,25.00
2006-08-25,47692.79,7.67,250.54,0.00,22.06,12.76,1468.77,23.00
2006-08-26,47347.27,11.46,252.03,0.00,24.18,14.58,1661.40,39.00
2006-08-27,47347.20,15.40,80.48,0.00,19.28,16.69,1893.85,68.00
2006-08-28,47156.81,21.77,82.97,0.00,19.69,17.01,1934.90,89.00
2006-08-29,47001.60,32.85,177.22,0.00,24.51,18.15,2090.91,220.00
2006-08-30,46994.19,29.58,149.03,0.00,20.75,15.77,1788.45,232.00
2006-08-31,46655.99,0.00,399.27,0.00,21.36,9.95,1235.87,86.00
2006-09-01,46655.99,0.16,358.93,0.00,19.35,9.53,1202.21,61.00
2006-09-02,46310.38,36.59,215.66,0.00,16.92,9.63,1210.57,1000.00
2006-09-03,46310.38,31.55,153.25,0.00,14.54,9.64,1211.24,2010.00
2006-09-04,45964.79,1.10,223.15,0.00,16.85,11.42,1353.85,912.00
2006-09-05,45964.79,0.09,329.35,0.00,20.27,11.75,1380.13,564.00
2006-09-06,45619.20,1.28,244.74,0.00,17.53,11.68,1375.15,431.00
2006-09-07,45619.20,1.63,392.24,0.00,19.95,9.21,1177.12,342.00
2006-09-08,45273.61,0.00,443.66,0.00,22.60,8.86,1148.58,261.00
2006-09-09,45273.61,0.00,430.06,0.00,23.85,10.61,1289.00,208.00
2006-09-10,44928.00,7.90,317.09,0.00,23.75,11.36,1348.41,196.00
2006-09-11,44928.00,0.00,311.42,0.00,15.34,7.86,1068.65,174.00
2006-09-12,44582.39,0.00,261.82,0.00,14.83,8.84,1147.06,157.00
2006-09-13,44582.39,3.41,164.92,0.00,15.11,10.24,1259.41,147.00
2006-09-14,44236.80,4.23,124.79,0.00,14.33,10.84,1306.96,151.00
2006-09-15,44236.80,1.87,229.91,0.00,17.95,12.95,1483.10,147.00
2006-09-16,43891.20,3.92,199.63,0.00,19.45,13.64,1565.41,132.00
2006-09-17,43891.20,0.00,384.90,0.00,20.05,10.53,1282.86,120.00
2006-09-18,43545.59,0.00,429.43,0.00,23.28,10.45,1276.48,110.00
2006-09-19,43545.59,0.44,409.24,0.00,24.28,12.23,1419.66,102.00
2006-09-20,43200.02,0.21,435.08,0.00,21.28,7.64,1051.34,97.00
2006-09-21,43200.02,0.22,423.66,0.00,14.19,2.47,732.08,90.00
2006-09-22,42854.41,0.00,437.59,0.00,15.87,2.68,744.08,84.00
2006-09-23,42854.41,2.19,394.21,0.00,16.82,4.97,874.97,79.00
2006-09-24,42508.79,2.00,259.47,0.00,19.21,13.12,1501.48,80.00
2006-09-25,42508.79,0.00,384.37,0.00,20.98,10.07,1245.84,77.00
2006-09-26,42163.20,0.00,396.56,0.00,17.58,6.01,930.97,71.00
2006-09-27,42163.20,0.00,405.27,0.00,17.37,4.69,855.14,66.00
2006-09-28,41817.59,0.47,405.40,0.00,19.67,5.78,923.90,63.00
2006-09-29,41817.59,19.60,265.04,0.00,16.77,6.44,956.99,79.00
2006-09-30,41472.02,1.49,357.33,0.00,12.66,1.04,657.27,74.00
2006-10-01,41472.02,5.76,255.83,0.00,11.58,2.11,713.07,74.00
2006-10-02,41126.39,1.84,380.89,0.00,16.03,3.12,765.29,77.00
2006-10-03,41126.39,0.00,398.19,0.00,18.35,3.57,790.54,68.00
2006-10-04,40780.78,4.89,258.85,0.00,21.47,9.63,1210.01,64.00
2006-10-05,40780.78,7.19,259.20,0.00,18.03,6.59,972.65,91.00
2006-10-06,40435.20,0.00,298.46,0.00,12.54,3.44,784.72,83.00
2006-10-07,40435.20,0.00,339.61,0.00,11.60,0.47,629.47,69.00
2006-10-08,40089.59,0.00,380.89,0.00,15.22,0.55,636.01,61.00
2006-10-09,40089.59,0.00,370.61,0.00,21.70,6.45,956.02,57.00
2006-10-10,39744.00,0.00,378.26,0.00,23.47,6.32,947.82,53.00
2006-10-11,39744.00,0.00,347.89,0.00,20.31,6.39,961.69,50.00
2006-10-12,39405.81,6.85,121.28,0.00,14.78,9.68,1214.63,55.00
2006-10-13,39398.39,0.20,358.33,0.00,12.39,-2.73,499.34,61.00
2006-10-14,39243.18,0.00,302.58,0.00,8.42,-2.49,516.51,59.00
2006-10-15,39052.80,0.00,305.72,0.00,9.47,-2.02,522.07,59.00
2006-10-16,39052.80,0.00,310.55,0.00,9.75,-2.44,519.58,56.00
2006-10-17,38707.19,10.82,251.60,0.00,13.12,-1.61,547.00,76.00
2006-10-18,38707.19,18.74,138.39,0.00,13.79,7.25,1021.43,193.00
2006-10-19,38361.61,3.39,180.94,0.00,16.04,9.17,1173.29,151.00
2006-10-20,38361.61,39.20,219.45,0.00,18.85,6.49,960.50,1030.00
2006-10-21,38015.99,15.32,135.31,0.00,7.25,1.08,656.89,778.00
2006-10-22,38015.99,0.08,251.72,0.00,10.67,1.27,661.77,512.00
2006-10-23,37670.39,0.62,226.82,0.00,10.73,2.14,717.42,408.00
2006-10-24,37670.39,0.36,138.43,0.00,4.70,-0.01,606.26,336.00
2006-10-25,37390.68,0.00,141.77,0.00,4.72,-0.07,606.93,282.00
2006-10-26,37324.80,0.37,168.45,0.00,6.34,0.36,623.63,243.00
2006-10-27,37324.73,0.27,258.12,0.00,6.64,-3.18,484.11,215.00
2006-10-28,36979.21,18.43,199.21,0.00,8.02,-2.28,518.92,705.00
2006-10-29,36979.21,7.36,175.96,0.00,9.52,0.73,642.30,621.00
2006-10-30,36633.62,0.00,235.80,0.00,7.62,-1.28,560.00,480.00
2006-10-31,36633.62,0.00,304.05,0.00,14.39,-0.23,600.00,409.00
2006-11-01,36295.40,1.59,265.67,0.00,18.80,4.18,817.29,357.00
2006-11-02,36287.99,6.90,217.58,0.00,13.62,-0.18,603.66,391.00
2006-11-03,36287.99,1.44,237.06,0.00,6.07,-5.20,418.77,337.00
2006-11-04,35942.39,0.00,226.11,0.00,2.36,-6.24,383.03,290.00
2006-11-05,35942.39,0.00,214.20,0.00,3.95,-4.24,447.83,262.00
2006-11-06,35604.21,0.00,237.04,0.00,7.64,-2.09,520.00,240.00
2006-11-07,35596.80,0.08,275.22,0.00,12.51,-0.71,583.24,224.00
2006-11-08,35596.80,5.80,119.25,0.00,9.82,3.79,801.68,243.00
2006-11-09,35251.20,4.81,114.38,0.00,12.41,6.76,980.66,250.00
2006-11-10,35251.20,0.00,265.97,0.00,17.29,4.29,822.86,217.00
2006-11-11,35207.35,0.47,224.72,0.00,12.83,3.11,768.79,207.00
2006-11-12,34905.62,19.16,199.38,0.00,15.88,2.26,722.98,440.00
2006-11-13,34905.62,2.89,49.03,0.00,3.39,1.54,681.63,409.00
2006-11-14,34625.88,2.67,108.27,0.00,7.48,2.76,747.85,437.00
2006-11-15,34559.98,2.00,95.74,0.00,9.48,6.08,936.39,419.00
2006-11-16,34559.98,17.16,128.04,0.00,13.65,7.15,1011.74,1520.00
2006-11-17,34280.28,41.53,159.96,0.00,16.13,7.18,1014.77,1950.00
2006-11-18,34214.41,0.00,196.58,0.00,8.28,0.58,633.60,1140.00
2006-11-19,34214.41,0.00,110.30,0.00,3.70,-0.12,604.97,811.00
2006-11-20,34059.20,0.00,122.58,0.00,2.97,-1.31,557.94,630.00
2006-11-21,33868.82,0.00,154.46,0.00,1.19,-4.34,442.96,511.00
2006-11-22,33868.82,0.00,235.62,0.00,3.74,-6.47,367.11,436.00
2006-11-23,33868.82,4.35,191.10,0.00,5.34,-5.73,400.44,401.00
2006-11-24,33530.62,0.19,197.19,0.00,5.41,-2.31,520.00,360.00
2006-11-25,33523.21,0.00,270.05,0.00,10.87,-3.57,474.22,317.00
2006-11-26,33523.21,0.00,261.15,0.00,11.59,-2.35,520.00,287.00
2006-11-27,33523.14,0.00,240.32,0.00,14.22,0.60,639.17,263.00
2006-11-28,33185.02,0.00,216.03,0.00,12.97,2.09,719.75,243.00
2006-11-29,33177.61,0.00,191.26,0.00,12.64,3.60,795.09,224.00
2006-11-30,33177.61,0.71,129.26,0.00,12.42,6.94,995.46,212.00
2006-12-01,33177.61,7.23,113.96,0.00,15.37,8.64,1131.15,301.00
2006-12-02,33022.39,14.38,186.93,0.00,17.66,0.02,611.58,446.00
2006-12-03,32831.99,0.00,178.36,0.00,2.00,-5.59,405.57,327.00
2006-12-04,32831.99,0.00,205.33,0.00,4.17,-5.42,411.64,302.00
2006-12-05,32831.99,0.00,139.48,0.00,-2.10,-7.69,340.97,282.00
2006-12-06,32831.99,0.00,163.88,0.00,-1.16,-7.99,326.48,261.00
2006-12-07,32831.92,0.80,195.10,0.00,4.02,-4.75,435.97,254.00
2006-12-08,32676.78,2.08,236.17,0.00,1.96,-12.88,227.32,227.00
2006-12-09,32493.81,0.00,210.90,0.00,-3.85,-12.60,232.82,209.00
2006-12-10,32486.40,0.00,232.68,0.00,2.52,-8.14,329.30,200.00
2006-12-11,32486.40,0.00,223.92,0.00,8.46,-2.06,520.00,190.00
2006-12-12,32486.40,0.00,197.37,0.00,9.92,0.14,611.06,182.00
2006-12-13,32486.40,3.84,136.58,0.00,9.68,0.83,639.98,190.00
2006-12-14,32486.40,3.77,137.07,0.00,9.42,1.00,640.02,194.00
2006-12-15,32486.40,0.00,207.27,0.00,11.40,-0.17,600.16,177.00
2006-12-16,32486.40,0.00,191.92,0.00,11.20,1.04,642.86,169.00
2006-12-17,32486.40,0.00,162.43,0.00,6.42,-1.34,560.00,160.00
2006-12-18,32486.33,2.10,175.24,0.00,11.76,2.51,727.16,162.00
2006-12-19,32486.33,2.82,152.78,0.00,8.49,-2.52,518.34,164.00
2006-12-20,32486.33,0.00,167.02,0.00,1.92,-6.30,376.33,151.00
2006-12-21,32486.33,0.00,194.22,0.00,4.70,-5.78,397.31,145.00
2006-12-22,32486.33,7.88,125.74,0.00,8.14,-0.43,596.12,151.00
2006-12-23,32486.33,15.81,109.69,0.00,7.82,0.72,639.43,446.00
2006-12-24,32486.40,0.00,133.33,0.00,8.45,2.06,715.24,374.00
2006-12-25,32486.40,0.35,200.47,0.00,7.00,-4.00,440.34,339.00
2006-12-26,32486.40,11.96,131.45,0.00,4.97,-3.60,467.68,557.00
2006-12-27,32486.40,3.39,139.46,0.00,5.12,-3.33,477.25,489.00
2006-12-28,32486.40,0.00,97.40,0.00,0.66,-3.45,480.00,430.00
2006-12-29,32486.40,0.00,128.07,0.00,3.19,-2.30,520.00,393.00
2006-12-30,32486.40,0.00,117.44,0.00,2.50,-2.50,520.00,359.00
2006-12-31,32486.40,0.27,197.04,0.00,6.18,-3.50,477.70,331.00
2007-01-01,32486.40,12.23,160.19,0.00,5.60,-3.54,474.21,443.00
2007-01-02,32552.27,0.89,206.02,0.00,7.90,-1.47,552.96,399.00
2007-01-03,32788.14,0.00,202.20,0.00,4.38,-3.99,440.79,347.00
2007-01-04,32831.99,0.00,241.15,0.00,8.14,-3.22,479.84,326.00
2007-01-05,32831.99,9.77,192.34,0.00,11.80,-1.59,545.99,345.00
2007-01-06,32831.99,21.95,143.37,0.00,13.36,5.29,891.78,929.00
2007-01-07,32831.99,8.89,202.65,0.00,14.21,-2.25,519.47,690.00
2007-01-08,32897.87,14.51,163.80,0.00,6.10,-3.13,485.96,1270.00
2007-01-09,33177.54,3.30,182.73,0.00,5.49,-4.68,440.06,945.00
2007-01-10,33177.61,3.40,159.26,0.00,0.08,-7.67,340.49,731.00
2007-01-11,33177.61,0.00,209.59,0.00,-3.32,-11.33,253.67,573.00
2007-01-12,33177.61,0.00,254.73,0.00,0.76,-10.20,281.16,497.00
2007-01-13,33367.98,4.29,154.39,0.00,7.87,-0.17,601.93,492.00
2007-01-14,33523.21,7.03,135.36,0.00,7.55,0.74,643.27,554.00
2007-01-15,33523.21,15.05,107.84,0.00,4.41,-0.75,579.09,1120.00
2007-01-16,33523.21,9.85,192.10,0.00,9.44,-2.22,518.56,1100.00
2007-01-17,33713.60,0.00,258.72,0.00,-1.93,-12.84,229.31,789.00
2007-01-18,33868.82,0.00,230.02,0.00,-3.56,-12.32,238.50,641.00
2007-01-19,33868.82,0.22,197.07,0.00,-1.36,-8.48,320.27,563.00
2007-01-20,33876.23,3.47,178.12,0.00,-0.46,-8.82,313.68,483.00
2007-01-21,34214.41,0.00,261.90,0.00,-5.34,-15.30,186.83,385.00
2007-01-22,34214.41,0.24,204.92,0.00,-6.57,-13.42,217.20,367.00
2007-01-23,34214.41,1.76,123.39,0.00,-3.45,-7.35,350.82,342.00
2007-01-24,34559.92,0.81,146.16,0.00,-1.43,-6.04,387.73,310.00
2007-01-25,34559.98,2.33,215.08,0.00,-1.04,-9.21,304.18,280.00
2007-01-26,34559.98,0.00,316.24,0.00,-6.96,-20.44,123.50,220.00
2007-01-27,34905.62,0.98,300.74,0.00,-6.61,-18.15,148.71,233.00
2007-01-28,34905.62,1.81,229.13,0.00,-0.00,-8.21,327.81,222.00
2007-01-29,34905.62,4.51,225.46,0.00,-1.28,-12.38,239.93,200.00
2007-01-30,35251.20,0.12,228.01,0.00,-7.11,-14.18,205.13,170.00
2007-01-31,35251.20,2.16,246.38,0.00,-5.37,-13.75,206.90,160.00
2007-02-01,35317.09,0.00,268.10,0.00,-5.37,-13.87,210.18,162.00
2007-02-02,35596.80,0.00,279.77,0.00,-1.17,-10.23,282.86,164.00
2007-02-03,35596.80,4.45,263.90,0.00,-0.51,-15.59,180.93,140.00
2007-02-04,35942.39,0.00,315.70,0.00,-7.95,-18.53,142.01,110.00
2007-02-05,35942.39,0.00,312.65,0.00,-10.85,-21.05,120.78,100.00
2007-02-06,35949.80,0.00,269.63,0.00,-13.21,-20.93,121.43,100.00
2007-02-07,36287.99,0.00,293.65,0.00,-11.56,-20.17,124.91,110.00
2007-02-08,36287.99,0.00,323.41,0.00,-9.19,-19.19,132.48,110.00
2007-02-09,36633.62,0.00,313.59,0.00,-7.35,-16.74,166.99,113.00
2007-02-10,36633.62,0.00,283.46,0.00,-5.50,-13.45,215.26,110.00
2007-02-11,36823.99,0.00,344.35,0.00,-6.32,-17.12,161.02,94.00
2007-02-12,36979.21,0.00,348.48,0.00,-3.99,-14.97,193.24,99.00
2007-02-13,36979.21,0.02,345.89,0.00,-1.85,-12.65,233.84,96.00
2007-02-14,37324.80,26.65,116.38,0.00,-9.57,-13.29,215.12,78.00
2007-02-15,37324.80,10.85,241.80,0.00,-11.03,-19.58,126.74,103.00
2007-02-16,37670.39,0.00,341.85,0.00,-10.46,-19.61,127.90,102.00
2007-02-17,37670.39,0.00,358.22,0.00,-6.04,-15.95,171.05,99.00
2007-02-18,38015.92,0.00,378.62,0.00,-3.03,-14.09,200.05,95.00
2007-02-19,38015.99,0.00,406.28,0.00,-6.03,-18.72,139.79,84.00
2007-02-20,38081.87,0.00,430.52,0.00,-2.39,-17.54,158.48,89.00
2007-02-21,38361.61,1.64,370.93,0.00,6.29,-4.56,440.00,97.00
2007-02-22,38361.61,0.00,367.43,0.00,5.34,-5.24,420.83,98.00
2007-02-23,38707.19,2.00,352.22,0.00,2.27,-7.43,355.39,92.00
2007-02-24,38707.19,0.00,353.04,0.00,-4.40,-13.89,206.93,84.00
2007-02-25,39052.80,0.00,436.34,0.00,0.79,-13.68,213.45,83.00
2007-02-26,39052.80,8.08,263.83,0.00,-0.63,-9.83,289.86,84.00
2007-02-27,39398.39,2.92,120.26,0.00,0.44,-2.85,493.73,81.00
2007-02-28,39398.39,2.11,166.65,0.00,1.49,-2.33,520.35,78.00
2007-03-01,39744.00,1.64,190.83,0.00,0.87,-3.30,480.00,77.00
2007-03-02,39744.00,18.16,260.19,0.00,5.05,-3.31,476.92,618.00
2007-03-03,40089.59,4.62,310.54,0.00,8.38,-2.62,507.21,646.00
2007-03-04,40089.59,3.96,309.61,0.00,4.43,-5.79,396.99,407.00
2007-03-05,40435.20,0.00,181.60,0.00,-2.57,-6.25,379.53,315.00
2007-03-06,40435.20,0.00,507.73,0.00,-0.55,-18.75,137.88,240.00
2007-03-07,40780.78,2.24,345.89,0.00,-10.57,-18.68,139.60,240.00
2007-03-08,40780.78,0.00,429.63,0.00,-6.81,-17.17,161.31,220.00
2007-03-09,41126.39,0.00,476.07,0.00,-3.91,-16.73,164.80,210.00
2007-03-10,41126.39,0.00,507.22,0.00,1.83,-13.92,210.11,182.00
2007-03-11,41472.02,2.41,390.96,0.00,7.88,-3.39,478.59,193.00
2007-03-12,41472.02,0.00,419.26,0.00,4.32,-5.89,400.00,206.00
2007-03-13,41817.59,0.00,512.46,0.00,11.29,-5.27,415.45,376.00
2007-03-14,41817.59,0.00,484.27,0.00,16.83,2.20,720.00,822.00
2007-03-15,42163.20,15.73,347.60,0.00,14.99,1.99,718.60,2290.00
2007-03-16,42163.20,15.30,324.68,0.00,3.64,-6.94,363.00,1580.00
2007-03-17,42508.79,20.12,141.01,0.00,-5.26,-8.95,308.12,1080.00
2007-03-18,42508.79,1.60,269.24,0.00,-4.26,-10.34,279.60,803.00
2007-03-19,42854.41,0.01,489.72,0.00,-0.41,-12.32,240.00,610.00
2007-03-20,42854.41,4.99,393.24,0.00,1.81,-11.83,249.13,533.00
2007-03-21,43200.02,0.00,540.74,0.00,2.65,-11.96,245.53,458.00
2007-03-22,43200.02,0.00,562.62,0.00,5.82,-10.72,272.38,526.00
2007-03-23,43200.02,4.79,389.91,0.00,14.02,-0.08,606.97,1340.00
2007-03-24,43545.59,0.14,393.50,0.00,7.98,-0.59,587.67,1170.00
2007-03-25,43545.59,4.17,327.97,0.00,10.52,0.80,642.83,1300.00
2007-03-26,43891.20,0.00,485.58,0.00,13.26,1.42,676.80,1210.00
2007-03-27,43891.20,5.06,376.40,0.00,15.94,3.48,787.66,1220.00
2007-03-28,44236.80,0.00,558.37,0.00,23.28,4.84,866.96,1020.00
2007-03-29,44236.80,0.00,527.63,0.00,10.63,-3.37,479.77,781.00
2007-03-30,44582.39,0.00,547.58,0.00,10.62,-4.91,439.04,632.00
2007-03-31,44582.39,0.00,593.78,0.00,16.88,-4.83,431.41,538.00
2007-04-01,44928.00,4.78,315.68,0.00,11.58,1.28,665.63,496.00
2007-04-02,44928.00,5.31,168.49,0.00,7.02,2.16,717.41,506.00
2007-04-03,45273.61,0.00,574.04,0.00,20.61,1.16,654.07,420.00
2007-04-04,45273.61,1.75,539.90,0.00,20.04,1.18,655.14,385.00
2007-04-05,45619.20,3.80,292.24,0.00,5.07,-4.04,452.97,375.00
2007-04-06,45619.20,1.63,181.70,0.00,-2.33,-6.33,380.06,331.00
2007-04-07,45964.79,0.56,339.33,0.00,-1.91,-9.61,292.86,298.00
2007-04-08,45964.79,1.33,290.13,0.00,-1.04,-7.58,343.91,272.00
2007-04-09,46310.38,0.00,301.07,0.00,-0.29,-6.44,378.27,248.00
2007-04-10,46310.38,0.00,378.59,0.00,1.53,-6.40,375.45,227.00
2007-04-11,46655.99,0.00,477.10,0.00,4.76,-6.04,392.00,212.00
2007-04-12,46655.99,18.75,411.59,0.00,8.37,-5.21,419.19,310.00
2007-04-13,47001.60,4.61,227.06,0.00,5.94,0.20,614.56,419.00
2007-04-14,47001.60,0.00,371.30,0.00,3.54,-3.81,454.85,330.00
2007-04-15,47347.20,13.44,372.22,0.00,9.05,-1.84,535.48,588.00
2007-04-16,47347.20,11.41,186.36,0.00,2.91,-1.75,540.20,651.00
2007-04-17,47692.79,9.22,130.38,0.00,1.29,-1.80,538.20,722.00
2007-04-18,47692.79,2.80,168.84,0.00,3.79,0.19,619.14,800.00
2007-04-19,48038.40,0.00,388.00,0.00,8.01,0.60,637.53,748.00
2007-04-20,48038.40,0.00,572.47,0.00,12.77,-0.85,572.03,661.00
2007-04-21,48318.11,0.00,624.70,0.00,18.82,0.07,605.55,563.00
2007-04-22,48383.99,0.00,627.91,0.00,22.33,1.82,693.61,487.00
2007-04-23,48384.06,0.00,615.15,0.00,24.43,4.50,827.76,426.00
2007-04-24,48729.59,5.08,442.40,0.00,25.74,7.42,1033.28,399.00
2007-04-25,48729.59,0.02,576.78,0.00,17.44,1.91,704.15,390.00
2007-04-26,49075.21,14.66,264.01,0.00,9.72,2.60,738.26,576.00
2007-04-27,49075.21,4.31,250.19,0.00,9.99,3.48,786.77,439.00
2007-04-28,49420.81,3.23,284.65,0.00,14.19,7.03,1002.65,424.00
2007-04-29,49420.81,1.86,299.18,0.00,13.29,6.40,954.28,394.00
2007-04-30,49576.01,2.58,465.53,0.00,19.53,6.00,920.00,347.00
2007-05-01,49766.39,0.02,586.42,0.00,19.73,3.30,777.00,318.00
2007-05-02,49766.39,20.13,350.57,0.00,15.73,5.37,903.40,944.00
2007-05-03,50112.00,0.00,566.57,0.00,15.86,1.19,655.98,635.00
2007-05-04,50112.00,0.00,591.32,0.00,17.56,0.69,639.89,548.00
2007-05-05,50450.20,0.00,582.48,0.00,17.72,1.11,648.97,483.00
2007-05-06,50457.60,0.00,579.92,0.00,19.66,2.27,724.63,417.00
2007-05-07,50457.60,0.00,552.95,0.00,15.13,0.01,606.70,364.00
2007-05-08,50803.21,0.00,579.65,0.00,21.16,2.29,720.00,324.00
2007-05-09,50803.21,0.00,554.95,0.00,24.63,6.39,951.48,290.00
2007-05-10,51082.91,0.04,530.55,0.00,26.85,9.30,1183.68,335.00
2007-05-11,51148.79,13.38,311.31,0.00,24.27,12.83,1473.96,496.00
2007-05-12,51148.79,0.00,495.08,0.00,25.05,9.84,1226.83,344.00
2007-05-13,51494.41,3.48,427.43,0.00,17.65,1.99,709.56,302.00
2007-05-14,51494.41,0.00,525.72,0.00,15.42,-0.93,569.95,269.00
2007-05-15,51494.41,0.00,541.52,0.00,20.17,1.65,688.03,248.00
2007-05-16,51839.98,0.01,479.67,0.00,28.62,12.04,1403.57,241.00
2007-05-17,51839.98,14.58,311.96,0.00,18.18,5.87,928.16,233.00
2007-05-18,51840.05,0.00,398.88,0.00,13.37,1.89,701.00,194.00
2007-05-19,52185.59,0.00,450.20,0.00,14.44,0.64,638.23,174.00
2007-05-20,52185.59,0.09,444.60,0.00,17.97,4.03,816.95,163.00
2007-05-21,52185.59,3.42,344.94,0.00,17.80,4.01,817.58,156.00
2007-05-22,52523.80,0.00,494.62,0.00,17.92,1.82,702.67,141.00
2007-05-23,52531.21,0.00,506.19,0.00,21.87,4.62,848.91,128.00
2007-05-24,52531.21,0.00,482.86,0.00,25.46,9.11,1166.39,116.00
2007-05-25,52686.43,0.00,476.85,0.00,27.18,10.88,1308.22,107.00
2007-05-26,52876.81,3.99,351.25,0.00,28.21,12.71,1462.75,102.00
2007-05-27,52876.81,4.48,234.73,0.00,23.30,13.97,1598.72,113.00
2007-05-28,52876.81,3.63,294.42,0.00,26.16,13.94,1594.27,112.00
2007-05-29,53032.03,0.00,513.19,0.00,25.06,6.12,934.94,93.00
2007-05-30,53222.40,0.00,475.43,0.00,23.77,7.36,1027.20,84.00
2007-05-31,53222.40,0.00,487.87,0.00,27.76,9.89,1226.68,82.00
2007-06-01,53222.40,0.01,432.96,0.00,28.99,13.78,1578.12,84.00
2007-06-02,53222.47,0.81,418.38,0.00,27.85,13.55,1550.22,76.00
2007-06-03,53502.11,4.89,296.18,0.00,28.13,15.56,1764.56,123.00
2007-06-04,53567.98,10.66,226.82,0.00,23.97,14.75,1676.80,140.00
2007-06-05,53567.98,5.87,196.64,0.00,21.18,13.56,1564.66,134.00
2007-06-06,53567.98,0.62,446.08,0.00,20.47,6.50,961.76,108.00
2007-06-07,53567.98,0.00,442.35,0.00,18.09,4.65,851.62,94.00
2007-06-08,53611.84,0.00,502.18,0.00,25.17,7.72,1051.34,84.00
2007-06-09,53847.71,9.86,353.43,0.00,29.64,13.10,1498.90,89.00
2007-06-10,53913.61,0.00,417.25,0.00,21.84,9.08,1166.31,76.00
2007-06-11,53913.61,0.00,476.95,0.00,23.69,7.95,1073.81,63.00
2007-06-12,53913.61,0.00,458.35,0.00,24.68,9.77,1220.82,53.00
2007-06-13,53913.61,8.09,337.78,0.00,27.66,12.64,1456.92,47.00
2007-06-14,53913.61,6.10,346.84,0.00,26.97,11.82,1385.76,53.00
2007-06-15,53913.61,0.00,415.80,0.00,19.88,7.63,1049.55,45.00
2007-06-16,53913.61,0.00,430.27,0.00,23.15,9.95,1226.31,43.00
2007-06-17,53913.61,0.00,449.93,0.00,25.81,11.30,1324.86,39.00
2007-06-18,53913.61,0.00,455.93,0.00,28.03,12.84,1448.05,36.00
2007-06-19,53913.67,0.01,416.17,0.00,29.17,15.60,1751.88,38.00
2007-06-20,53913.67,6.97,358.82,0.00,29.78,12.80,1472.26,45.00
2007-06-21,53913.67,0.00,461.44,0.00,22.69,8.00,1066.92,39.00
2007-06-22,53913.67,4.23,366.63,0.00,24.81,10.14,1243.25,37.00
2007-06-23,53913.67,0.00,484.05,0.00,20.41,4.98,864.49,34.00
2007-06-24,53913.67,0.00,473.62,0.00,21.07,6.12,929.08,30.00
2007-06-25,53913.61,0.00,454.71,0.00,26.06,11.35,1323.55,27.00
2007-06-26,53913.61,0.00,396.27,0.00,28.55,15.87,1777.56,25.00
2007-06-27,53913.61,0.00,384.32,0.00,30.58,18.05,2059.24,25.00
2007-06-28,53913.61,10.15,302.51,0.00,31.14,17.82,2046.24,31.00
2007-06-29,53913.61,5.72,291.03,0.00,25.99,14.30,1631.23,29.00
2007-06-30,53913.61,0.00,459.08,0.00,22.68,8.51,1112.14,26.00
2007-07-01,53913.61,0.00,500.79,0.00,23.85,7.24,1002.72,23.00
2007-07-02,53913.61,0.00,476.87,0.00,19.54,4.85,856.86,21.00
2007-07-03,53906.19,0.00,488.01,0.00,21.23,5.64,905.51,20.00
2007-07-04,53723.20,0.01,438.60,0.00,23.61,9.96,1233.79,19.00
2007-07-05,53568.05,4.10,133.38,0.00,19.88,15.17,1728.69,21.00
2007-07-06,53567.98,15.89,306.76,0.00,25.90,13.26,1520.11,24.00
2007-07-07,53567.98,0.00,445.33,0.00,25.91,11.71,1366.50,22.00
2007-07-08,53567.98,0.00,421.50,0.00,26.86,13.62,1552.25,19.00
2007-07-09,53567.98,0.00,406.58,0.00,30.15,17.07,1918.32,18.00
2007-07-10,53377.61,0.00,410.50,0.00,31.82,18.24,2083.39,18.00
2007-07-11,53222.40,0.01,391.54,0.00,31.15,18.56,2130.80,16.00
2007-07-12,53222.40,6.92,362.57,0.00,24.50,8.85,1145.31,22.00
2007-07-13,53222.40,0.59,414.79,0.00,23.52,10.56,1273.70,21.00
2007-07-14,53214.98,0.91,443.20,0.00,24.22,9.40,1170.32,18.00
2007-07-15,52876.88,0.00,429.40,0.00,25.46,12.25,1401.94,17.00
2007-07-16,52876.81,0.00,491.91,0.00,26.91,10.30,1177.98,15.00
2007-07-17,52876.81,0.00,461.55,0.00,27.05,12.06,1329.11,14.00
2007-07-18,52869.40,7.99,303.48,0.00,27.63,15.00,1708.03,16.00
2007-07-19,52531.21,0.40,328.98,0.00,25.60,15.83,1789.66,17.00
2007-07-20,52531.21,5.49,282.29,0.00,24.10,13.20,1513.07,25.00
2007-07-21,52531.21,0.00,470.49,0.00,22.56,8.01,1049.81,26.00
2007-07-22,52340.82,0.00,488.62,0.00,23.33,7.66,1012.06,21.00
2007-07-23,52185.59,0.01,465.71,0.00,24.48,9.81,1186.80,20.00
2007-07-24,52185.59,8.14,251.31,0.00,19.40,10.33,1266.48,23.00
2007-07-25,52119.70,0.00,435.99,0.00,24.66,11.52,1344.83,22.00
2007-07-26,51839.98,0.00,391.96,0.00,26.11,14.56,1637.31,18.00
2007-07-27,51839.98,2.71,314.78,0.00,26.64,16.96,1920.88,18.00
2007-07-28,51774.12,14.04,265.97,0.00,25.55,15.42,1754.24,28.00
2007-07-29,51494.41,1.36,352.48,0.00,26.68,15.54,1764.66,27.00
2007-07-30,51494.41,0.00,356.90,0.00,25.31,15.21,1729.70,23.00
2007-07-31,51304.00,0.00,478.67,0.00,27.12,11.67,1308.81,19.00
2007-08-01,51148.79,0.00,475.42,0.00,28.46,12.99,1368.60,16.00
2007-08-02,51148.79,0.00,462.76,0.00,30.39,15.16,1580.13,13.00
2007-08-03,50803.21,0.00,465.23,0.00,32.40,16.47,1701.23,12.00
2007-08-04,50803.21,0.46,431.79,0.00,30.53,15.55,1653.52,11.00
2007-08-05,50795.79,0.00,516.91,0.00,30.46,10.71,1137.25,11.00
2007-08-06,50457.60,4.85,329.51,0.00,28.33,14.56,1645.83,10.00
2007-08-07,50457.60,1.65,366.25,0.00,28.06,16.53,1866.02,11.00
2007-08-08,50112.00,27.87,248.49,0.00,27.10,17.18,1957.06,32.00
2007-08-09,50112.00,0.00,456.38,0.00,31.01,14.92,1669.39,33.00
2007-08-10,50104.59,4.69,246.24,0.00,25.82,16.12,1825.45,29.00
2007-08-11,49766.39,0.00,317.12,0.00,22.61,13.68,1567.43,28.00
2007-08-12,49766.39,0.00,435.89,0.00,26.11,12.19,1404.38,26.00
2007-08-13,49420.81,0.00,427.25,0.00,27.97,14.13,1599.77,23.00
2007-08-14,49420.81,0.00,479.49,0.00,25.66,9.21,1142.26,21.00
2007-08-15,49075.28,0.00,452.39,0.00,24.43,9.78,1207.54,18.00
2007-08-16,49075.21,0.00,410.31,0.00,26.44,13.51,1532.04,16.00
2007-08-17,49067.80,0.75,393.65,0.00,27.83,15.17,1715.03,15.00
2007-08-18,48729.59,0.04,503.17,0.00,27.09,7.78,996.25,14.00
2007-08-19,48729.59,0.14,364.63,0.00,21.25,10.39,1271.41,13.00
2007-08-20,48383.99,5.87,204.28,0.00,17.61,11.63,1370.06,18.00
2007-08-21,48383.99,43.91,107.45,0.00,14.92,11.36,1348.80,93.00
2007-08-22,48038.40,17.60,78.85,0.00,13.75,11.40,1352.24,126.00
2007-08-23,48038.40,0.00,227.91,0.00,17.81,11.98,1401.22,96.00
2007-08-24,47692.79,3.08,254.14,0.00,23.09,14.45,1648.10,74.00
2007-08-25,47692.79,3.41,260.19,0.00,28.48,18.55,2139.71,62.00
2007-08-26,47347.27,5.82,313.81,0.00,30.39,16.30,1846.99,56.00
2007-08-27,47347.20,0.00,397.40,0.00,22.83,11.01,1320.63,46.00
2007-08-28,47156.81,0.00,411.63,0.00,24.44,11.62,1369.35,33.00
2007-08-29,47001.60,0.00,420.89,0.00,25.63,11.99,1400.87,22.00
2007-08-30,46994.19,0.00,378.04,0.00,27.13,15.26,1738.54,18.00
2007-08-31,46655.99,12.58,330.22,0.00,28.23,12.76,1468.79,47.00
2007-09-01,46655.99,0.00,433.50,0.00,22.17,8.25,1099.87,33.00
2007-09-02,46310.38,0.00,469.83,0.00,21.70,5.34,899.89,25.00
2007-09-03,46310.38,0.00,470.38,0.00,23.25,6.28,954.68,22.00
2007-09-04,45964.79,0.00,422.77,0.00,25.94,11.71,1376.96,19.00
2007-09-05,45964.79,0.00,423.59,0.00,25.19,10.96,1317.11,17.00
2007-09-06,45619.20,0.00,407.03,0.00,25.09,11.64,1372.73,16.00
2007-09-07,45619.20,0.00,347.59,0.00,26.71,15.63,1773.61,14.00
2007-09-08,45273.61,0.00,316.70,0.00,28.37,18.33,2108.14,14.00
2007-09-09,45273.61,8.19,224.10,0.00,26.85,17.62,2015.50,31.00
2007-09-10,44928.00,4.37,176.67,0.00,24.68,17.75,2040.32,33.00
2007-09-11,44928.00,3.26,221.71,0.00,20.86,14.42,1639.38,30.00
2007-09-12,44582.39,12.33,284.05,0.00,19.76,8.25,1100.05,47.00
2007-09-13,44582.39,0.00,403.34,0.00,18.27,5.75,923.01,37.00
2007-09-14,44236.80,0.00,429.86,0.00,20.81,6.20,950.41,29.00
2007-09-15,44236.80,6.98,259.22,0.00,18.65,8.53,1122.74,28.00
2007-09-16,43891.20,0.50,384.87,0.00,13.60,1.73,692.24,26.00
2007-09-17,43891.20,0.00,432.21,0.00,14.75,0.57,635.06,25.00
2007-09-18,43545.59,0.00,447.21,0.00,17.56,1.32,670.04,22.00
2007-09-19,43545.59,0.00,433.16,0.00,19.87,3.90,808.53,20.00
2007-09-20,43200.02,0.00,413.43,0.00,21.64,6.32,948.18,18.00
2007-09-21,43200.02,0.00,400.78,0.00,25.33,9.63,1210.37,17.00
2007-09-22,42854.41,0.00,355.61,0.00,25.11,11.93,1394.81,16.00
2007-09-23,42854.41,0.00,405.62,0.00,26.39,9.10,1168.18,16.00
2007-09-24,42508.79,0.00,408.45,0.00,22.18,5.03,882.40,17.00
2007-09-25,42508.79,0.00,416.89,0.00,24.16,5.34,901.58,16.00
2007-09-26,42163.20,0.00,396.98,0.00,28.08,9.77,1221.99,14.00
2007-09-27,42163.20,5.96,223.69,0.00,27.78,15.85,1789.35,14.00
2007-09-28,41817.59,12.76,218.54,0.00,24.48,13.30,1526.10,19.00
2007-09-29,41817.59,3.81,209.50,0.00,18.59,8.54,1123.22,20.00
2007-09-30,41472.02,0.00,353.36,0.00,18.89,4.90,871.04,18.00
2007-10-01,41472.02,0.00,350.24,0.00,19.80,5.73,922.13,16.00
2007-10-02,41126.39,0.00,269.57,0.00,19.69,9.81,1224.66,15.00
2007-10-03,41126.39,0.00,225.49,0.00,19.20,11.23,1338.74,14.00
2007-10-04,40780.78,0.00,293.08,0.00,23.30,11.97,1397.71,14.00
2007-10-05,40780.78,0.00,348.23,0.00,26.59,11.21,1337.08,14.00
2007-10-06,40435.20,0.00,324.90,0.00,27.30,13.21,1513.04,13.00
2007-10-07,40435.20,0.00,279.90,0.00,26.70,15.16,1732.98,13.00
2007-10-08,40089.59,0.00,266.69,0.00,23.82,13.19,1510.25,12.00
2007-10-09,40089.59,0.00,318.91,0.00,28.47,13.80,1582.37,14.00
2007-10-10,39744.00,11.14,275.70,0.00,27.66,7.73,1058.36,15.00
2007-10-11,39744.00,4.60,227.09,0.00,20.28,7.41,1033.01,15.00
2007-10-12,39405.81,12.60,64.82,0.00,9.20,6.28,944.13,17.00
2007-10-13,39398.39,0.00,244.89,0.00,10.27,0.90,646.93,19.00
2007-10-14,39243.18,0.00,272.08,0.00,12.86,2.00,720.00,18.00
2007-10-15,39052.80,0.00,246.55,0.00,12.46,2.77,745.71,17.00
2007-10-16,39052.80,0.00,286.10,0.00,16.58,4.40,835.54,17.00
2007-10-17,38707.19,0.00,268.96,0.00,17.91,6.52,964.70,17.00
2007-10-18,38707.19,0.00,251.57,0.00,20.67,9.92,1233.80,16.00
2007-10-19,38361.61,0.23,216.10,0.00,20.95,11.96,1396.58,16.00
2007-10-20,38361.61,22.24,187.08,0.00,19.89,9.35,1187.64,31.00
2007-10-21,38015.99,0.00,286.18,0.00,16.49,4.00,800.00,29.00
2007-10-22,38015.99,0.00,323.39,0.00,21.72,5.00,880.00,24.00
2007-10-23,37670.39,11.81,226.74,0.00,22.65,7.54,1043.01,24.00
2007-10-24,37670.39,25.15,176.84,0.00,17.58,7.64,1050.80,133.00
2007-10-25,37390.68,5.34,120.67,0.00,10.75,4.86,867.93,121.00
2007-10-26,37324.80,0.28,243.57,0.00,13.95,4.07,818.91,58.00
2007-10-27,37324.73,12.77,108.92,0.00,13.20,7.81,1064.69,111.00
2007-10-28,36979.21,4.29,240.67,0.00,15.24,1.78,695.51,152.00
2007-10-29,36979.21,0.00,276.72,0.00,8.11,-3.73,459.65,94.00
2007-10-30,36633.62,0.00,298.86,0.00,10.35,-3.73,461.04,65.00
2007-10-31,36633.62,0.00,299.76,0.00,14.55,-0.44,600.00,55.00
2007-11-01,36295.40,0.00,286.70,0.00,16.88,2.51,726.05,51.00
2007-11-02,36287.99,0.00,288.91,0.00,11.99,-2.55,516.32,46.00
2007-11-03,36287.99,0.00,289.36,0.00,11.28,-3.67,463.30,43.00
2007-11-04,35942.39,0.00,290.56,0.00,11.96,-3.52,469.81,39.00
2007-11-05,35942.39,3.87,179.18,0.00,8.07,-2.44,516.53,38.00
2007-11-06,35604.21,10.99,183.67,0.00,9.67,-1.91,533.34,40.00
2007-11-07,35596.80,0.00,120.23,0.00,5.55,0.63,640.00,42.00
2007-11-08,35596.80,0.00,172.88,0.00,3.65,-3.50,479.98,39.00
2007-11-09,35251.20,0.00,142.35,0.00,2.53,-3.05,484.97,37.00
2007-11-10,35251.20,3.44,51.12,0.00,1.63,-0.77,578.05,37.00
2007-11-11,35207.35,0.00,181.94,0.00,2.12,-5.28,416.24,36.00
2007-11-12,34905.62,3.03,183.46,0.00,6.40,-4.10,454.05,36.00
2007-11-13,34905.62,8.60,111.70,0.00,8.97,2.75,740.16,42.00
2007-11-14,34625.88,0.07,256.68,0.00,12.86,-0.78,581.42,54.00
2007-11-15,34559.98,21.42,155.55,0.00,12.40,2.80,743.67,251.00
2007-11-16,34559.98,5.79,90.13,0.00,4.75,-0.08,607.47,315.00
2007-11-17,34280.28,1.80,108.92,0.00,1.72,-2.55,507.07,256.00
2007-11-18,34214.41,8.95,71.01,0.00,1.71,-1.94,532.20,232.00
2007-11-19,34214.41,10.56,35.95,0.00,-0.49,-2.00,530.48,224.00
2007-11-20,34059.20,3.31,77.02,0.00,2.20,-1.67,543.51,269.00
2007-11-21,33868.82,2.28,144.94,0.00,7.96,1.73,692.78,378.00
2007-11-22,33868.82,0.00,204.70,0.00,14.02,4.96,876.56,420.00
2007-11-23,33868.82,0.94,273.21,0.00,12.89,-5.70,401.06,353.00
2007-11-24,33530.62,0.00,253.07,0.00,1.83,-10.62,278.26,310.00
2007-11-25,33523.21,0.00,201.10,0.00,0.22,-8.21,320.00,283.00
2007-11-26,33523.21,10.00,186.82,0.00,5.51,-6.11,387.99,308.00
2007-11-27,33523.14,18.06,134.51,0.00,8.92,1.76,696.27,713.00
2007-11-28,33185.02,0.00,219.85,0.00,5.65,-3.65,464.65,487.00
2007-11-29,33177.61,0.00,171.59,0.00,3.43,-3.13,483.34,399.00
2007-11-30,33177.61,0.00,269.86,0.00,9.10,-6.19,383.74,356.00
2007-12-01,33177.61,0.00,225.24,0.00,2.48,-7.04,360.87,322.00
2007-12-02,33022.39,7.74,116.27,0.00,-3.48,-8.86,312.40,300.00
2007-12-03,32831.99,6.01,166.66,0.00,1.59,-6.94,362.70,313.00
2007-12-04,32831.99,1.61,218.59,0.00,1.71,-6.46,376.34,304.00
2007-12-05,32831.99,1.15,124.90,0.00,-3.93,-7.93,329.41,280.00
2007-12-06,32831.99,2.02,255.39,0.00,-5.05,-15.74,177.19,254.00
2007-12-07,32831.92,0.00,262.52,0.00,-3.42,-15.08,192.80,244.00
2007-12-08,32676.78,0.52,157.79,0.00,-1.50,-6.87,362.56,242.00
2007-12-09,32493.81,0.28,222.55,0.00,2.95,-5.88,395.90,233.00
2007-12-10,32486.40,6.99,62.73,0.00,-0.23,-2.96,491.59,249.00
2007-12-11,32486.40,0.26,66.72,0.00,0.65,-1.44,552.69,271.00
2007-12-12,32486.40,11.27,167.77,0.00,8.39,-0.85,572.26,532.00
2007-12-13,32486.40,11.80,161.72,0.00,3.84,-4.71,437.41,510.00
2007-12-14,32486.40,19.29,125.61,0.00,1.74,-4.13,451.47,421.00
2007-12-15,32486.40,0.00,238.81,0.00,-0.07,-10.01,286.32,377.00
2007-12-16,32486.40,14.26,163.94,0.00,-1.17,-9.56,294.51,378.00
2007-12-17,32486.40,6.62,170.88,0.00,0.10,-8.49,320.09,360.00
2007-12-18,32486.33,0.00,195.53,0.00,-3.23,-10.43,279.71,325.00
2007-12-19,32486.33,0.00,242.98,0.00,0.65,-10.04,285.89,308.00
2007-12-20,32486.33,0.00,98.50,0.00,-0.73,-4.12,447.45,296.00
2007-12-21,32486.33,0.00,201.15,0.00,1.12,-6.72,369.05,284.00
2007-12-22,32486.33,0.00,197.89,0.00,0.77,-6.82,366.96,275.00
2007-12-23,32486.33,9.80,133.15,0.00,4.19,-1.36,556.06,1740.00
2007-12-24,32486.40,25.87,197.16,0.00,10.68,-2.95,492.08,2360.00
2007-12-25,32486.40,0.00,84.70,0.00,0.23,-2.49,516.46,1130.00
2007-12-26,32486.40,0.00,189.05,0.00,-0.16,-6.81,361.50,754.00
2007-12-27,32486.40,0.01,221.88,0.00,1.60,-6.89,364.27,592.00
2007-12-28,32486.40,2.65,124.07,0.00,2.07,-2.78,497.24,491.00
2007-12-29,32486.40,5.73,150.59,0.00,3.94,-3.30,478.52,617.00
2007-12-30,32486.40,0.00,235.92,0.00,4.07,-5.12,424.42,534.00
2007-12-31,32486.40,9.20,82.22,0.00,-0.13,-3.51,479.49,478.00
2008-01-01,32486.40,2.35,159.13,0.00,1.18,-5.37,410.66,431.00
2008-01-02,32552.27,2.52,204.65,0.00,1.22,-8.51,321.47,384.00
2008-01-03,32788.14,0.00,216.52,0.00,-7.69,-15.35,187.09,300.00
2008-01-04,32831.99,0.00,227.94,0.00,-8.10,-16.33,171.95,282.00
2008-01-05,32831.99,0.04,254.83,0.00,-1.45,-11.67,252.50,287.00
2008-01-06,32831.99,0.27,195.25,0.00,3.12,-3.62,467.84,272.00
2008-01-07,32831.99,0.88,153.90,0.00,7.72,2.49,720.00,323.00
2008-01-08,32897.87,0.00,223.00,0.00,13.44,4.60,847.71,428.00
2008-01-09,33177.54,2.64,207.44,0.00,16.58,5.67,915.06,579.00
2008-01-10,33177.61,0.00,283.04,0.00,10.93,-3.81,454.36,547.00
2008-01-11,33177.61,18.90,181.01,0.00,6.10,-3.13,484.47,1110.00
2008-01-12,33177.61,7.22,155.37,0.00,6.86,0.70,640.00,1040.00
2008-01-13,33367.98,0.00,227.12,0.00,3.59,-4.50,440.00,770.00
2008-01-14,33523.21,0.01,210.34,0.00,3.12,-3.98,447.37,632.00
2008-01-15,33523.21,0.71,209.05,0.00,1.47,-5.56,404.91,527.00
2008-01-16,33523.21,0.00,103.82,0.00,-1.85,-4.93,429.47,442.00
2008-01-17,33713.60,0.71,206.01,0.00,-1.29,-8.28,325.61,382.00
2008-01-18,33868.82,3.41,109.90,0.00,-0.47,-4.85,439.82,350.00
2008-01-19,33868.82,0.00,299.49,0.00,1.20,-11.67,248.89,303.00
2008-01-20,33876.23,0.64,281.36,0.00,-3.85,-14.18,202.94,266.00
2008-01-21,34214.41,0.00,221.96,0.00,-10.94,-17.72,157.68,230.00
2008-01-22,34214.41,0.00,281.62,0.00,-7.41,-17.28,161.08,230.00
2008-01-23,34214.41,0.44,267.06,0.00,-1.43,-10.38,280.00,214.00
2008-01-24,34559.92,0.00,244.61,0.00,-3.93,-11.53,249.90,187.00
2008-01-25,34559.98,0.00,253.14,0.00,-4.36,-12.23,242.59,190.00
2008-01-26,34559.98,0.05,247.49,0.00,-4.22,-11.71,250.68,156.00
2008-01-27,34905.62,1.51,219.92,0.00,-3.94,-10.39,277.21,156.00
2008-01-28,34905.62,0.00,211.26,0.00,-2.11,-8.10,328.21,151.00
2008-01-29,34905.62,4.62,183.06,0.00,0.80,-6.36,371.60,143.00
2008-01-30,35251.20,10.07,174.22,0.00,4.23,-2.52,517.93,284.00
2008-01-31,35251.20,0.72,321.28,0.00,1.92,-11.50,253.15,240.00
2008-02-01,35317.09,13.50,230.16,0.00,-1.13,-11.02,263.91,405.00
2008-02-02,35596.80,28.22,170.33,0.00,2.18,-3.99,453.63,734.00
2008-02-03,35596.80,0.00,178.13,0.00,-1.16,-5.75,400.32,467.00
2008-02-04,35942.39,0.93,275.82,0.00,3.31,-4.81,437.15,427.00
2008-02-05,35942.39,3.64,148.66,0.00,3.51,-1.37,554.56,712.00
2008-02-06,35949.80,18.75,205.00,0.00,9.81,2.00,720.00,1970.00
2008-02-07,36287.99,13.39,199.47,0.00,7.28,0.01,606.75,1990.00
2008-02-08,36287.99,0.57,269.93,0.00,1.80,-5.26,417.49,1220.00
2008-02-09,36633.62,2.34,166.58,0.00,-0.12,-4.44,441.40,859.00
2008-02-10,36633.62,4.63,180.18,0.00,0.44,-5.23,423.45,661.00
2008-02-11,36823.99,4.52,303.35,0.00,-1.53,-18.97,134.76,472.00
2008-02-12,36979.21,0.40,335.25,0.00,-10.01,-19.01,134.31,419.00
2008-02-13,36979.21,11.17,298.23,0.00,-1.02,-15.31,186.89,421.00
2008-02-14,37324.80,7.41,278.00,0.00,0.04,-10.57,278.17,378.00
2008-02-15,37324.80,0.00,323.25,0.00,-1.15,-9.48,289.70,329.00
2008-02-16,37670.39,0.00,403.78,0.00,-0.33,-13.71,204.53,288.00
2008-02-17,37670.39,0.33,375.47,0.00,-1.85,-13.02,224.60,267.00
2008-02-18,38015.92,14.08,296.22,0.00,8.98,-3.96,454.11,1120.00
2008-02-19,38015.99,2.65,340.24,0.00,7.60,-6.09,387.80,836.00
2008-02-20,38081.87,0.00,381.89,0.00,-2.08,-12.91,226.59,556.00
2008-02-21,38361.61,0.00,361.38,0.00,-5.48,-14.97,195.69,449.00
2008-02-22,38361.61,6.12,280.90,0.00,-4.09,-14.10,207.92,415.00
2008-02-23,38707.19,4.18,157.91,0.00,-4.54,-9.17,304.23,380.00
2008-02-24,38707.19,0.00,424.22,0.00,-1.71,-14.37,200.00,330.00
2008-02-25,39052.80,0.00,449.77,0.00,2.74,-12.55,240.00,308.00
2008-02-26,39052.80,3.61,383.74,0.00,3.64,-9.57,291.10,303.00
2008-02-27,39398.39,9.89,236.83,0.00,1.14,-6.31,375.31,283.00
2008-02-28,39398.39,0.00,434.57,0.00,-4.12,-16.58,168.22,230.00
2008-02-29,39744.00,0.58,387.76,0.00,-7.34,-18.11,157.72,220.00
2008-03-01,39744.00,7.13,356.39,0.00,-1.68,-17.26,162.00,220.00
2008-03-02,40089.59,0.00,341.97,0.00,0.32,-7.84,335.12,196.00
2008-03-03,40089.59,0.00,407.54,0.00,3.36,-7.27,354.23,194.00
2008-03-04,40435.20,21.09,305.75,0.00,12.17,0.86,639.37,626.00
2008-03-05,40435.20,45.68,154.85,0.00,3.55,-1.04,567.70,3640.00
2008-03-06,40780.78,0.80,349.09,0.00,2.20,-6.48,368.63,1680.00
2008-03-07,40780.78,0.63,427.62,0.00,5.25,-6.34,374.90,1360.00
2008-03-08,41126.39,20.40,291.85,0.00,6.44,-3.37,480.00,2990.00
2008-03-09,41126.39,16.57,316.16,0.00,1.47,-9.00,305.72,2150.00
2008-03-10,41472.02,0.00,389.87,0.00,-1.21,-10.60,277.04,1270.00
2008-03-11,41472.02,0.39,463.64,0.00,2.92,-9.72,292.36,922.00
2008-03-12,41817.59,0.00,390.60,0.00,4.59,-4.76,437.52,757.00
2008-03-13,41817.59,0.00,407.51,0.00,2.72,-7.09,360.56,595.00
2008-03-14,42163.20,0.17,496.25,0.00,8.14,-6.23,382.95,543.00
2008-03-15,42163.20,7.66,275.01,0.00,8.25,-0.23,601.43,742.00
2008-03-16,42508.79,0.37,433.57,0.00,9.27,-1.82,538.33,775.00
2008-03-17,42508.79,0.00,395.70,0.00,2.05,-6.89,365.38,625.00
2008-03-18,42854.41,0.00,473.15,0.00,4.75,-7.00,360.64,564.00
2008-03-19,42854.41,10.34,165.54,0.00,3.41,-1.03,569.66,728.00
2008-03-20,43200.02,18.15,308.97,0.00,9.03,-0.16,604.21,1840.00
2008-03-21,43200.02,0.00,351.67,0.00,1.87,-5.25,416.23,1170.00
2008-03-22,43200.02,0.00,414.51,0.00,3.32,-5.41,410.05,876.00
2008-03-23,43545.59,0.00,508.90,0.00,3.73,-8.46,322.81,685.00
2008-03-24,43545.59,0.00,509.48,0.00,3.53,-8.76,315.51,563.00
2008-03-25,43891.20,0.00,527.11,0.00,3.83,-9.27,295.75,481.00
2008-03-26,43891.20,5.96,421.50,0.00,6.16,-8.89,311.29,455.00
2008-03-27,44236.80,0.17,485.82,0.00,7.81,-3.17,481.45,416.00
2008-03-28,44236.80,21.87,253.73,0.00,4.16,-2.46,516.91,861.00
2008-03-29,44582.39,0.00,442.27,0.00,2.09,-6.93,363.98,650.00
2008-03-30,44582.39,0.00,515.38,0.00,2.14,-9.32,297.28,541.00
2008-03-31,44928.00,5.45,477.10,0.00,7.57,-7.27,354.20,680.00
2008-04-01,44928.00,14.02,371.04,0.00,11.68,0.63,637.67,796.00
2008-04-02,45273.61,1.57,561.54,0.00,17.41,-2.00,530.18,735.00
2008-04-03,45273.61,0.07,537.40,0.00,5.35,-7.15,359.74,615.00
2008-04-04,45619.20,4.33,433.82,0.00,8.66,-6.66,371.70,622.00
2008-04-05,45619.20,4.08,224.93,0.00,7.03,1.18,662.42,669.00
2008-04-06,45964.79,0.00,418.20,0.00,8.77,0.15,614.47,560.00
2008-04-07,45964.79,0.00,555.82,0.00,14.69,0.65,638.03,504.00
2008-04-08,46310.38,0.00,394.33,0.00,9.94,1.97,704.65,458.00
2008-04-09,46310.38,0.00,509.36,0.00,15.22,3.39,783.27,421.00
2008-04-10,46655.99,0.00,531.95,0.00,15.05,2.29,724.32,388.00
2008-04-11,46655.99,4.53,418.91,0.00,16.79,2.30,724.15,371.00
2008-04-12,47001.60,6.11,319.50,0.00,16.99,7.64,1051.58,443.00
2008-04-13,47001.60,1.80,555.87,0.00,16.33,2.18,719.49,384.00
2008-04-14,47347.20,0.78,425.86,0.00,6.48,-2.27,521.21,343.00
2008-04-15,47347.20,0.00,534.21,0.00,8.47,-3.95,444.03,310.00
2008-04-16,47692.79,0.00,588.65,0.00,12.58,-3.21,480.34,284.00
2008-04-17,47692.79,0.00,615.09,0.00,18.37,-0.92,568.36,263.00
2008-04-18,48038.40,0.00,612.89,0.00,24.34,3.00,759.85,246.00
2008-04-19,48038.40,0.00,600.54,0.00,26.58,5.48,918.62,230.00
2008-04-20,48318.11,0.36,548.10,0.00,26.93,9.40,1191.67,218.00
2008-04-21,48383.99,3.70,270.56,0.00,18.99,10.76,1300.94,220.00
2008-04-22,48384.06,0.00,535.59,0.00,21.86,5.98,921.01,197.00
2008-04-23,48729.59,0.11,509.80,0.00,21.51,6.58,966.29,183.00
2008-04-24,48729.59,4.42,402.62,0.00,22.14,5.57,918.13,181.00
2008-04-25,49075.21,0.00,529.02,0.00,19.74,3.95,802.05,166.00
2008-04-26,49075.21,1.51,511.64,0.00,23.09,6.13,936.03,160.00
2008-04-27,49420.81,10.06,409.39,0.00,24.34,6.10,941.82,192.00
2008-04-28,49420.81,7.09,354.00,0.00,18.76,4.90,869.05,219.00
2008-04-29,49576.01,10.22,215.71,0.00,9.47,2.39,728.60,292.00
2008-04-30,49766.39,0.00,487.70,0.00,11.07,-2.70,500.79,241.00
2008-05-01,49766.39,0.00,434.69,0.00,9.48,-2.17,524.56,228.00
2008-05-02,50112.00,1.21,450.20,0.00,14.19,0.22,620.11,223.00
2008-05-03,50112.00,0.67,426.88,0.00,19.66,7.52,1041.60,217.00
2008-05-04,50450.20,12.19,238.67,0.00,17.86,9.47,1197.81,342.00
2008-05-05,50457.60,0.00,507.92,0.00,16.06,0.18,616.66,293.00
2008-05-06,50457.60,0.04,532.68,0.00,19.55,1.17,659.86,264.00
2008-05-07,50803.21,0.00,499.16,0.00,21.23,4.70,856.04,246.00
2008-05-08,50803.21,3.00,363.93,0.00,23.69,7.10,1009.46,241.00
2008-05-09,51082.91,4.96,296.15,0.00,19.23,7.41,1032.88,245.00
2008-05-10,51148.79,6.45,245.45,0.00,11.96,3.11,766.60,269.00
2008-05-11,51148.79,0.01,466.14,0.00,16.44,1.91,712.41,223.00
2008-05-12,51494.41,6.76,332.71,0.00,16.08,2.50,730.27,249.00
2008-05-13,51494.41,2.42,341.90,0.00,12.92,1.93,704.31,249.00
2008-05-14,51494.41,0.00,496.51,0.00,20.41,3.50,799.59,207.00
2008-05-15,51839.98,2.29,413.64,0.00,20.21,6.03,935.69,201.00
2008-05-16,51839.98,10.70,291.08,0.00,18.50,6.96,996.42,364.00
2008-05-17,51840.05,15.21,212.25,0.00,9.77,2.30,723.23,652.00
2008-05-18,52185.59,4.83,339.71,0.00,16.56,3.06,761.79,544.00
2008-05-19,52185.59,6.56,309.13,0.00,12.76,1.71,694.95,510.00
2008-05-20,52185.59,1.96,334.78,0.00,9.79,0.88,640.63,431.00
2008-05-21,52523.80,2.28,346.35,0.00,11.49,1.75,693.41,384.00
2008-05-22,52531.21,2.57,361.16,0.00,13.40,2.00,706.64,344.00
2008-05-23,52531.21,1.12,350.73,0.00,12.09,3.27,774.11,303.00
2008-05-24,52686.43,0.00,464.72,0.00,16.63,3.63,795.53,262.00
2008-05-25,52876.81,0.00,521.98,0.00,18.29,2.05,712.59,229.00
2008-05-26,52876.81,0.00,531.64,0.00,23.50,5.63,912.12,202.00
2008-05-27,52876.81,0.00,478.87,0.00,26.11,11.23,1338.18,188.00
2008-05-28,53032.03,0.00,560.05,0.00,24.21,3.33,778.32,171.00
2008-05-29,53222.40,0.00,499.93,0.00,16.82,1.72,697.14,147.00
2008-05-30,53222.40,0.00,543.62,0.00,22.50,3.39,785.34,129.00
2008-05-31,53222.40,0.00,515.46,0.00,22.92,5.74,923.85,117.00
2008-06-01,53222.47,3.16,341.42,0.00,25.56,11.69,1375.13,114.00
2008-06-02,53502.11,0.00,502.88,0.00,22.17,5.83,926.81,101.00
2008-06-03,53567.98,0.14,473.29,0.00,23.58,8.24,1099.28,91.00
2008-06-04,53567.98,7.35,324.28,0.00,24.44,11.17,1333.21,91.00
2008-06-05,53567.98,2.12,194.11,0.00,19.82,14.46,1647.79,89.00
2008-06-06,53567.98,0.00,329.26,0.00,24.85,15.72,1786.40,80.00
2008-06-07,53611.84,0.00,393.29,0.00,29.71,17.84,2049.40,72.00
2008-06-08,53847.71,0.00,387.21,0.00,31.23,19.32,2248.87,65.00
2008-06-09,53913.61,5.73,310.54,0.00,30.92,18.41,2116.52,67.00
2008-06-10,53913.61,0.00,432.67,0.00,31.60,17.67,2015.57,63.00
2008-06-11,53913.61,2.04,463.03,0.00,29.62,13.89,1565.51,60.00
2008-06-12,53913.61,0.00,470.87,0.00,27.05,12.08,1405.52,57.00
2008-06-13,53913.61,0.00,441.66,0.00,26.51,13.08,1493.98,52.00
2008-06-14,53913.61,2.66,331.77,0.00,28.23,15.92,1798.99,49.00
2008-06-15,53913.61,4.71,318.74,0.00,25.94,15.37,1748.53,47.00
2008-06-16,53913.61,7.07,265.68,0.00,25.00,15.01,1720.38,53.00
2008-06-17,53913.61,4.33,347.05,0.00,24.97,10.76,1301.06,74.00
2008-06-18,53913.67,2.09,287.62,0.00,17.29,9.77,1221.54,59.00
2008-06-19,53913.67,7.03,298.59,0.00,16.04,5.62,913.89,58.00
2008-06-20,53913.67,3.33,294.64,0.00,18.19,7.87,1069.45,54.00
2008-06-21,53913.67,10.29,338.73,0.00,21.66,8.45,1115.85,54.00
2008-06-22,53913.67,18.05,332.74,0.00,24.17,10.86,1308.49,100.00
2008-06-23,53913.67,9.49,284.56,0.00,24.16,13.39,1533.10,98.00
2008-06-24,53913.61,0.68,396.95,0.00,23.84,12.02,1401.36,78.00
2008-06-25,53913.61,0.00,454.70,0.00,22.72,9.45,1196.23,61.00
2008-06-26,53913.61,1.99,419.91,0.00,24.86,12.77,1467.23,54.00
2008-06-27,53913.61,0.00,353.22,0.00,25.85,16.27,1842.20,50.00
2008-06-28,53913.61,2.67,291.65,0.00,25.27,16.43,1861.27,51.00
2008-06-29,53913.61,13.51,301.04,0.00,26.30,16.77,1903.50,54.00
2008-06-30,53913.61,17.70,311.89,0.00,24.85,13.96,1597.07,57.00
2008-07-01,53913.61,2.55,358.54,0.00,23.63,13.41,1536.40,50.00
2008-07-02,53906.19,0.00,470.17,0.00,22.22,9.52,1201.74,44.00
2008-07-03,53723.20,0.08,448.66,0.00,24.53,12.49,1439.23,42.00
2008-07-04,53568.05,10.21,288.03,0.00,22.89,13.56,1552.97,45.00
2008-07-05,53567.98,0.33,389.37,0.00,21.54,11.75,1382.12,42.00
2008-07-06,53567.98,0.00,447.43,0.00,24.09,12.07,1406.91,37.00
2008-07-07,53567.98,0.63,430.67,0.00,26.40,14.53,1653.22,34.00
2008-07-08,53567.98,1.31,382.26,0.00,27.00,16.97,1928.99,32.00
2008-07-09,53377.61,0.00,353.36,0.00,27.93,18.76,2162.97,31.00
2008-07-10,53222.40,2.01,411.66,0.00,24.59,12.47,1440.79,31.00
2008-07-11,53222.40,0.00,486.75,0.00,24.87,11.13,1330.63,29.00
2008-07-12,53222.40,3.31,351.54,0.00,25.27,13.21,1515.59,27.00
2008-07-13,53214.98,11.64,321.07,0.00,28.44,16.76,1905.27,106.00
2008-07-14,52876.88,27.19,315.72,0.00,25.22,14.53,1654.26,195.00
2008-07-15,52876.81,0.00,480.98,0.00,24.74,11.37,1349.71,87.00
2008-07-16,52876.81,0.00,482.32,0.00,25.91,12.09,1407.14,62.00
2008-07-17,52869.40,0.94,463.83,0.00,28.46,14.22,1619.40,63.00
2008-07-18,52531.21,8.34,345.37,0.00,28.09,15.49,1760.94,544.00
2008-07-19,52531.21,0.00,432.04,0.00,29.25,16.87,1915.07,170.00
2008-07-20,52531.21,0.11,386.72,0.00,29.22,18.41,2113.50,106.00
2008-07-21,52340.82,11.31,313.23,0.00,28.92,17.36,1979.18,92.00
2008-07-22,52185.59,2.61,369.81,0.00,27.57,15.81,1795.70,84.00
2008-07-23,52185.59,28.61,284.05,0.00,26.29,16.38,1854.65,157.00
2008-07-24,52119.70,29.24,189.74,0.00,20.77,14.99,1707.42,201.00
2008-07-25,51839.98,9.67,370.52,0.00,21.33,10.54,1283.51,132.00
2008-07-26,51839.98,0.04,451.09,0.00,25.20,12.88,1476.39,105.00
2008-07-27,51774.12,0.00,399.10,0.00,26.28,15.78,1782.42,94.00
2008-07-28,51494.41,0.00,467.34,0.00,25.47,12.18,1414.54,84.00
2008-07-29,51494.41,0.00,459.02,0.00,26.48,13.26,1520.59,76.00
2008-07-30,51304.00,0.00,457.87,0.00,26.97,13.63,1565.15,70.00
2008-07-31,51148.79,0.35,403.81,0.00,26.26,14.87,1690.84,65.00
2008-08-01,51148.79,0.00,447.56,0.00,27.49,14.43,1643.42,60.00
2008-08-02,50803.21,7.51,329.65,0.00,26.75,14.09,1609.74,57.00
2008-08-03,50803.21,5.11,322.87,0.00,25.42,13.54,1552.16,54.00
2008-08-04,50795.79,0.00,414.25,0.00,23.22,11.98,1398.14,49.00
2008-08-05,50457.60,0.18,418.65,0.00,25.44,13.56,1556.95,45.00
2008-08-06,50457.60,5.92,273.65,0.00,24.72,15.00,1708.93,50.00
2008-08-07,50112.00,0.00,456.86,0.00,26.60,12.83,1470.56,45.00
2008-08-08,50112.00,6.23,316.56,0.00,23.00,11.22,1338.26,43.00
2008-08-09,50104.59,3.70,329.08,0.00,22.04,10.76,1300.55,43.00
2008-08-10,49766.39,5.73,298.17,0.00,22.71,11.91,1393.20,41.00
2008-08-11,49766.39,3.31,323.75,0.00,22.34,10.22,1257.57,48.00
2008-08-12,49420.81,1.55,321.61,0.00,19.61,10.82,1305.42,41.00
2008-08-13,49420.81,0.60,443.29,0.00,22.49,9.80,1223.92,36.00
2008-08-14,49075.28,0.00,448.00,0.00,23.28,10.21,1256.77,32.00
2008-08-15,49075.21,5.61,304.18,0.00,23.27,12.02,1404.77,29.00
2008-08-16,49067.80,0.00,452.02,0.00,22.89,9.66,1212.74,27.00
2008-08-17,48729.59,0.00,457.08,0.00,23.45,9.74,1219.09,25.00
2008-08-18,48729.59,0.00,459.11,0.00,25.43,11.13,1330.33,22.00
2008-08-19,48383.99,0.04,432.66,0.00,26.61,13.34,1531.94,22.00
2008-08-20,48383.99,0.00,484.98,0.00,20.54,5.15,883.87,21.00
2008-08-21,48038.40,0.00,482.79,0.00,21.92,6.20,948.68,18.00
2008-08-22,48038.40,0.00,494.94,0.00,26.22,8.14,1091.51,17.00
2008-08-23,47692.79,0.00,447.09,0.00,27.59,12.29,1423.17,15.00
2008-08-24,47692.79,0.00,384.72,0.00,25.48,13.50,1559.83,15.00
2008-08-25,47347.27,2.71,322.01,0.00,27.69,15.19,1734.46,15.00
2008-08-26,47347.20,0.00,466.32,0.00,23.03,6.85,989.16,14.00
2008-08-27,47156.81,0.00,468.03,0.00,23.28,6.71,976.67,13.00
2008-08-28,47001.60,1.19,438.87,0.00,24.01,7.88,1070.98,14.00
2008-08-29,46994.19,13.02,134.59,0.00,17.12,12.25,1423.91,18.00
2008-08-30,46655.99,1.69,169.59,0.00,19.07,14.27,1621.87,19.00
2008-08-31,46655.99,0.00,454.33,0.00,24.92,8.72,1137.61,18.00
2008-09-01,46310.38,0.00,453.18,0.00,24.64,8.31,1104.42,16.00
2008-09-02,46310.38,0.00,444.40,0.00,25.37,9.22,1177.75,14.00
2008-09-03,45964.79,0.00,448.20,0.00,27.86,10.53,1282.51,13.00
2008-09-04,45964.79,0.00,432.39,0.00,28.33,11.76,1380.80,13.00
2008-09-05,45619.20,0.00,418.73,0.00,29.15,12.98,1494.54,11.00
2008-09-06,45619.20,11.99,262.37,0.00,29.02,16.52,1878.15,17.00
2008-09-07,45273.61,6.86,284.27,0.00,21.07,10.16,1252.81,21.00
2008-09-08,45273.61,0.00,396.64,0.00,22.89,8.80,1144.14,20.00
2008-09-09,44928.00,14.88,296.45,0.00,23.46,9.07,1165.59,22.00
2008-09-10,44928.00,4.33,318.95,0.00,19.46,6.77,983.16,22.00
2008-09-11,44582.39,0.00,351.79,0.00,18.29,6.44,959.87,21.00
2008-09-12,44582.39,1.97,309.99,0.00,19.04,8.30,1104.29,24.00
2008-09-13,44236.80,8.93,81.83,0.00,18.85,15.60,1771.19,28.00
2008-09-14,44236.80,2.59,138.77,0.00,22.91,17.69,2028.46,29.00
2008-09-15,43891.20,0.00,291.95,0.00,27.13,16.95,1916.38,31.00
2008-09-16,43891.20,0.00,363.94,0.00,21.89,9.12,1169.40,32.00
2008-09-17,43545.59,0.00,370.46,0.00,17.36,4.66,851.94,29.00
2008-09-18,43545.59,0.00,420.21,0.00,21.78,5.06,878.81,26.00
2008-09-19,43200.02,0.00,422.67,0.00,18.88,2.18,717.88,22.00
2008-09-20,43200.02,0.00,419.95,0.00,18.67,1.95,703.23,19.00
2008-09-21,42854.41,0.40,385.99,0.00,20.05,5.29,894.57,19.00
2008-09-22,42854.41,0.62,374.54,0.00,24.01,8.48,1118.59,30.00
2008-09-23,42508.79,0.00,399.88,0.00,20.38,4.31,828.05,26.00
2008-09-24,42508.79,0.00,398.29,0.00,20.68,4.32,828.82,22.00
2008-09-25,42163.20,0.00,402.01,0.00,22.85,5.49,907.78,18.00
2008-09-26,42163.20,3.73,259.13,0.00,19.44,7.94,1075.44,15.00
2008-09-27,41817.59,26.93,109.93,0.00,15.58,10.87,1309.69,35.00
2008-09-28,41817.59,14.87,116.77,0.00,19.29,14.08,1607.78,58.00
2008-09-29,41472.02,13.06,149.36,0.00,18.82,12.13,1410.58,59.00
2008-09-30,41472.02,0.33,239.82,0.00,16.02,7.88,1070.21,44.00
2008-10-01,41126.39,2.83,206.93,0.00,16.44,8.29,1102.96,38.00
2008-10-02,41126.39,3.33,214.25,0.00,14.87,5.43,904.41,35.00
2008-10-03,40780.78,1.81,204.25,0.00,11.34,5.00,879.86,31.00
2008-10-04,40780.78,1.27,353.96,0.00,12.75,-0.03,607.04,28.00
2008-10-05,40435.20,0.00,363.87,0.00,14.86,1.07,658.64,25.00
2008-10-06,40435.20,0.00,343.35,0.00,14.87,2.27,723.46,22.00
2008-10-07,40089.59,0.00,374.67,0.00,13.24,-1.92,532.76,21.00
2008-10-08,40089.59,0.00,382.39,0.00,15.01,-1.57,545.89,19.00
2008-10-09,39744.00,1.09,321.88,0.00,15.88,3.81,805.63,18.00
2008-10-10,39744.00,0.00,362.42,0.00,21.01,4.78,861.95,16.00
2008-10-11,39405.81,0.00,363.95,0.00,20.24,3.49,798.61,13.00
2008-10-12,39398.39,0.00,360.89,0.00,21.06,3.88,800.02,12.00
2008-10-13,39243.18,0.00,349.79,0.00,22.93,5.77,920.02,11.00
2008-10-14,39052.80,0.00,333.88,0.00,23.93,7.49,1039.21,11.00
2008-10-15,39052.80,0.00,332.60,0.00,23.85,7.04,1003.08,13.00
2008-10-16,38707.19,0.46,305.94,0.00,21.58,7.14,1011.51,15.00
2008-10-17,38707.19,1.77,269.12,0.00,18.02,6.03,922.37,23.00
2008-10-18,38361.61,0.00,298.92,0.00,11.21,-1.93,530.21,25.00
2008-10-19,38361.61,0.00,294.38,0.00,9.11,-3.69,462.68,25.00
2008-10-20,38015.99,0.00,315.75,0.00,10.78,-3.96,446.06,24.00
2008-10-21,38015.99,0.67,343.20,0.00,15.42,-3.38,476.32,21.00
2008-10-22,37670.39,0.73,223.41,0.00,9.61,0.49,630.96,14.00
2008-10-23,37670.39,0.00,196.10,0.00,5.18,-2.51,516.54,12.00
2008-10-24,37390.68,0.00,304.17,0.00,11.34,-3.02,481.40,12.00
2008-10-25,37324.80,19.44,193.27,0.00,10.03,-1.00,570.10,60.00
2008-10-26,37324.73,34.27,215.74,0.00,13.79,0.41,626.52,158.00
2008-10-27,36979.21,0.72,260.32,0.00,13.47,1.03,656.40,86.00
2008-10-28,36979.21,11.93,123.28,0.00,8.27,1.47,677.99,86.00
2008-10-29,36633.62,8.06,81.08,0.00,2.43,-1.82,537.28,135.00
2008-10-30,36633.62,0.00,131.11,0.00,3.16,-2.12,526.42,92.00
2008-10-31,36295.40,0.00,235.94,0.00,8.42,-2.37,519.94,70.00
2008-11-01,36287.99,0.00,289.28,0.00,15.82,-0.27,599.81,58.00
2008-11-02,36287.99,0.00,284.28,0.00,13.02,-2.78,495.71,50.00
2008-11-03,35942.39,0.00,232.26,0.00,8.62,-2.66,502.89,41.00
2008-11-04,35942.39,0.00,195.69,0.00,13.22,3.85,800.00,37.00
2008-11-05,35604.21,0.00,152.29,0.00,13.95,6.83,986.21,31.00
2008-11-06,35596.80,0.00,208.20,0.00,17.41,6.97,997.66,30.00
2008-11-07,35596.80,0.00,184.73,0.00,17.48,8.48,1118.41,28.00
2008-11-08,35251.20,2.88,141.26,0.00,17.21,8.47,1117.31,28.00
2008-11-09,35251.20,0.54,198.57,0.00,12.02,2.00,707.59,27.00
2008-11-10,35207.35,0.00,149.01,0.00,6.07,-0.39,594.95,27.00
2008-11-11,34905.62,0.00,109.07,0.00,2.78,-1.68,542.72,26.00
2008-11-12,34905.62,0.00,138.85,0.00,3.13,-2.56,507.70,25.00
2008-11-13,34625.88,4.44,156.48,0.00,7.32,-1.99,530.35,26.00
2008-11-14,34559.98,3.20,101.82,0.00,8.07,3.26,773.46,27.00
2008-11-15,34559.98,9.03,97.70,0.00,12.46,7.12,1009.55,34.00
2008-11-16,34280.28,21.82,179.02,0.00,12.57,1.02,654.33,152.00
2008-11-17,34214.41,0.08,108.10,0.00,2.60,-1.55,555.84,112.00
2008-11-18,34214.41,0.97,234.42,0.00,1.92,-7.37,349.89,90.00
2008-11-19,34059.20,1.70,234.95,0.00,-1.89,-10.77,270.06,78.00
2008-11-20,33868.82,0.99,220.69,0.00,-2.53,-10.38,278.86,69.00
2008-11-21,33868.82,0.00,172.53,0.00,-1.08,-6.90,363.19,63.00
2008-11-22,33868.82,0.00,237.88,0.00,-3.41,-12.32,240.84,54.00
2008-11-23,33530.62,0.00,193.57,0.00,-3.89,-10.51,275.30,49.00
2008-11-24,33523.21,0.82,211.32,0.00,-1.17,-9.14,303.69,46.00
2008-11-25,33523.21,8.99,157.31,0.00,1.34,-6.05,387.70,55.00
2008-11-26,33523.14,4.57,89.02,0.00,0.87,-2.79,497.72,53.00
2008-11-27,33185.02,0.00,96.63,0.00,0.90,-2.16,521.31,50.00
2008-11-28,33177.61,0.00,154.82,0.00,1.85,-3.37,477.80,48.00
2008-11-29,33177.61,0.00,130.30,0.00,1.88,-2.50,520.00,45.00
2008-11-30,33177.61,6.05,195.09,0.00,1.71,-6.79,362.25,47.00
2008-12-01,33022.39,10.00,143.13,0.00,3.96,-2.57,510.00,198.00
2008-12-02,32831.99,0.00,177.44,0.00,4.14,-1.66,546.96,208.00
2008-12-03,32831.99,0.00,232.49,0.00,1.04,-7.43,351.69,162.00
2008-12-04,32831.99,0.05,255.32,0.00,3.54,-7.07,358.32,140.00
2008-12-05,32831.99,1.77,237.61,0.00,3.63,-5.57,403.56,126.00
2008-12-06,32831.92,0.00,226.17,0.00,-3.46,-11.57,249.94,109.00
2008-12-07,32676.78,0.00,189.06,0.00,-4.75,-10.94,268.84,104.00
2008-12-08,32493.81,0.00,245.39,0.00,-4.79,-14.36,203.71,82.00
2008-12-09,32486.40,0.00,240.66,0.00,-2.68,-11.99,245.80,84.00
2008-12-10,32486.40,12.25,196.30,0.00,9.39,-4.36,446.28,234.00
2008-12-11,32486.40,15.40,188.67,0.00,8.45,-3.83,459.66,388.00
2008-12-12,32486.40,23.93,76.08,0.00,-0.22,-3.51,469.91,734.00
2008-12-13,32486.40,1.83,200.60,0.00,-1.06,-9.11,302.05,462.00
2008-12-14,32486.40,0.00,180.23,0.00,-2.71,-8.96,310.15,357.00
2008-12-15,32486.40,0.07,231.18,0.00,5.49,-4.23,450.43,370.00
2008-12-16,32486.40,2.77,209.52,0.00,10.27,-3.53,470.39,578.00
2008-12-17,32486.33,5.18,98.98,0.00,-1.07,-5.63,405.09,432.00
2008-12-18,32486.33,0.00,125.58,0.00,0.75,-3.53,467.97,368.00
2008-12-19,32486.33,1.00,170.67,0.00,0.16,-5.94,392.28,334.00
2008-12-20,32486.33,19.73,179.34,0.00,-0.44,-9.98,285.57,297.00
2008-12-21,32486.33,3.10,138.64,0.00,-4.79,-10.67,278.11,263.00
2008-12-22,32486.33,0.00,279.45,0.00,-1.37,-18.21,148.02,210.00
2008-12-23,32486.40,0.00,239.37,0.00,-8.08,-17.68,154.52,200.00
2008-12-24,32486.40,8.94,198.58,0.00,-1.69,-14.40,202.27,217.00
2008-12-25,32486.40,12.00,173.15,0.00,6.95,-2.53,517.83,470.00
2008-12-26,32486.40,0.04,207.26,0.00,-1.73,-9.59,287.09,341.00
2008-12-27,32486.40,4.48,160.87,0.00,1.10,-7.01,360.88,303.00
2008-12-28,32486.40,0.00,185.30,0.00,7.67,0.57,637.33,506.00
2008-12-29,32486.40,0.00,262.28,0.00,11.05,-2.86,491.38,580.00
2008-12-30,32486.40,0.00,187.64,0.00,3.57,-3.63,464.28,448.00
2008-12-31,32486.40,0.00,224.96,0.00,7.31,-3.24,477.83,385.00
2009-01-01,32486.40,4.07,190.93,0.00,-4.11,-16.10,173.36,305.00
2009-01-02,32552.27,0.00,213.17,0.00,-5.22,-14.65,198.73,291.00
2009-01-03,32788.14,0.00,190.00,0.00,0.25,-7.85,335.52,270.00
2009-01-04,32831.99,0.00,239.67,0.00,-1.76,-13.22,218.99,230.00
2009-01-05,32831.99,0.00,254.69,0.00,2.06,-11.04,262.61,230.00
2009-01-06,32831.99,0.07,235.79,0.00,2.66,-8.49,322.18,207.00
2009-01-07,32831.99,11.84,144.06,0.00,-0.55,-8.49,321.72,229.00
2009-01-08,32897.87,7.34,130.84,0.00,1.65,-5.36,413.23,256.00
2009-01-09,33177.54,2.12,151.46,0.00,-4.28,-10.74,270.64,209.00
2009-01-10,33177.61,4.56,139.92,0.00,-4.19,-11.47,253.88,192.00
2009-01-11,33177.61,10.59,91.62,0.00,-4.31,-8.78,320.00,185.00
2009-01-12,33177.61,0.00,196.85,0.00,-5.41,-13.03,228.66,160.00
2009-01-13,33367.98,0.00,227.53,0.00,-4.31,-13.46,214.29,163.00
2009-01-14,33523.21,1.78,297.77,0.00,-2.04,-18.19,149.37,140.00
2009-01-15,33523.21,2.45,170.36,0.00,-11.21,-18.28,148.40,130.00
2009-01-16,33523.21,0.00,283.10,0.00,-10.51,-23.29,88.99,120.00
2009-01-17,33713.60,0.00,265.99,0.00,-14.34,-25.43,80.00,115.00
2009-01-18,33868.82,1.49,286.20,0.00,-10.38,-23.02,94.02,130.00
2009-01-19,33868.82,1.02,169.00,0.00,-6.40,-12.30,239.40,140.00
2009-01-20,33876.23,0.00,291.73,0.00,-5.82,-18.65,143.07,130.00
2009-01-21,34214.41,0.00,277.81,0.00,-7.17,-18.48,147.19,120.00
2009-01-22,34214.41,0.00,283.20,0.00,-6.18,-17.73,154.72,120.00
2009-01-23,34214.41,0.00,273.63,0.00,1.03,-9.96,280.00,130.00
2009-01-24,34559.92,0.00,318.38,0.00,5.86,-9.73,280.00,120.00
2009-01-25,34559.98,0.00,307.68,0.00,-5.92,-18.98,127.75,110.00
2009-01-26,34559.98,0.00,254.29,0.00,-9.47,-18.53,147.26,110.00
2009-01-27,34905.62,1.00,292.85,0.00,-5.61,-16.90,165.84,115.00
2009-01-28,34905.62,8.88,134.91,0.00,-5.53,-11.27,257.96,120.00
2009-01-29,34905.62,7.88,216.21,0.00,-0.59,-11.13,264.00,115.00
2009-01-30,35251.20,0.78,201.02,0.00,-4.58,-10.91,267.67,110.00
2009-01-31,35251.20,0.40,338.75,0.00,-2.46,-16.61,164.27,100.00
2009-02-01,35317.09,0.00,316.66,0.00,-3.32,-15.21,192.93,105.00
2009-02-02,35596.80,0.01,320.54,0.00,6.03,-6.47,369.57,110.00
2009-02-03,35596.80,0.31,226.48,0.00,1.78,-5.53,400.44,110.00
2009-02-04,35942.39,0.00,348.79,0.00,-0.20,-14.22,204.13,100.00
2009-02-05,35942.39,0.00,343.19,0.00,-5.22,-18.22,148.71,95.00
2009-02-06,35949.80,0.00,297.66,0.00,-8.99,-18.75,138.40,95.00
2009-02-07,36287.99,0.00,346.89,0.00,0.42,-12.83,237.20,100.00
2009-02-08,36287.99,0.00,329.52,0.00,8.16,-4.14,443.12,115.00
2009-02-09,36633.62,0.00,347.22,0.00,6.62,-6.83,360.00,163.00
2009-02-10,36633.62,0.00,327.92,0.00,5.05,-6.92,363.62,159.00
2009-02-11,36823.99,0.50,158.54,0.00,6.75,1.55,683.76,236.00
2009-02-12,36979.21,5.10,238.76,0.00,13.25,1.55,682.74,1010.00
2009-02-13,36979.21,0.69,128.70,0.00,3.36,-0.31,600.00,693.00
2009-02-14,37324.80,0.13,287.10,0.00,0.70,-8.21,326.22,492.00
2009-02-15,37324.80,1.47,302.54,0.00,-1.21,-10.55,274.16,399.00
2009-02-16,37670.39,0.00,340.68,0.00,0.54,-10.46,277.18,331.00
2009-02-17,37670.39,0.00,322.03,0.00,-2.41,-12.18,242.59,278.00
2009-02-18,38015.92,0.08,378.49,0.00,1.37,-11.82,248.26,269.00
2009-02-19,38015.99,6.51,118.36,0.00,0.67,-3.52,476.10,259.00
2009-02-20,38081.87,1.32,381.89,0.00,1.42,-12.68,231.59,214.00
2009-02-21,38361.61,0.00,306.15,0.00,-3.77,-12.29,238.85,200.00
2009-02-22,38361.61,0.00,363.82,0.00,0.58,-10.42,278.00,197.00
2009-02-23,38707.19,0.12,295.70,0.00,-0.99,-8.83,312.63,174.00
2009-02-24,38707.19,0.00,337.47,0.00,-4.46,-13.53,213.48,150.00
2009-02-25,39052.80,0.00,387.90,0.00,-2.20,-13.51,214.21,155.00
2009-02-26,39052.80,0.00,438.02,0.00,4.78,-10.43,278.11,159.00
2009-02-27,39398.39,1.99,324.13,0.00,10.27,0.08,614.79,266.00
2009-02-28,39398.39,11.17,346.33,0.00,9.01,-8.90,310.08,407.00
2009-03-01,39744.00,0.00,307.57,0.00,-2.42,-10.35,280.21,291.00
2009-03-02,39744.00,0.00,394.24,0.00,0.06,-11.05,265.09,230.00
2009-03-03,40089.59,0.96,287.39,0.00,-8.84,-15.74,179.12,190.00
2009-03-04,40089.59,0.00,406.76,0.00,-5.30,-16.30,171.03,190.00
2009-03-05,40435.20,0.00,471.56,0.00,0.27,-15.28,187.65,200.00
2009-03-06,40435.20,0.00,488.43,0.00,7.94,-10.06,285.92,210.00
2009-03-07,40780.78,0.00,423.27,0.00,14.61,1.70,695.62,243.00
2009-03-08,40780.78,6.46,313.50,0.00,15.88,3.58,793.37,416.00
2009-03-09,41126.39,24.76,157.38,0.00,8.98,4.01,800.44,2430.00
2009-03-10,41126.39,3.38,256.62,0.00,6.62,-1.52,550.44,1360.00
2009-03-11,41472.02,2.72,238.63,0.00,5.26,-1.06,567.00,993.00
2009-03-12,41472.02,0.00,512.90,0.00,14.10,-5.80,397.45,728.00
2009-03-13,41817.59,0.00,370.42,0.00,-0.76,-9.70,292.00,557.00
2009-03-14,41817.59,0.00,485.70,0.00,4.20,-10.30,279.78,472.00
2009-03-15,42163.20,0.00,483.17,0.00,9.18,-5.69,401.35,414.00
2009-03-16,42163.20,0.00,500.88,0.00,13.65,-3.29,478.33,366.00
2009-03-17,42508.79,0.00,481.55,0.00,11.84,-3.18,483.44,330.00
2009-03-18,42508.79,0.00,459.44,0.00,13.59,-0.18,600.08,303.00
2009-03-19,42854.41,5.28,375.35,0.00,18.17,0.56,632.13,301.00
2009-03-20,42854.41,0.04,472.73,0.00,9.42,-4.68,434.54,279.00
2009-03-21,43200.02,0.00,471.85,0.00,3.25,-10.59,276.17,246.00
2009-03-22,43200.02,0.00,507.57,0.00,6.75,-9.46,295.94,228.00
2009-03-23,43200.02,0.00,496.50,0.00,6.29,-9.10,304.63,216.00
2009-03-24,43545.59,0.00,457.49,0.00,2.02,-10.93,268.97,204.00
2009-03-25,43545.59,0.00,510.03,0.00,5.55,-10.66,271.72,200.00
2009-03-26,43891.20,0.46,457.48,0.00,10.40,-3.40,472.18,197.00
2009-03-27,43891.20,5.88,180.94,0.00,5.58,-0.36,597.77,214.00
2009-03-28,44236.80,1.41,474.55,0.00,13.50,-0.65,575.12,201.00
2009-03-29,44236.80,2.81,316.44,0.00,15.12,4.21,816.42,204.00
2009-03-30,44582.39,3.98,305.50,0.00,10.95,0.17,617.63,230.00
2009-03-31,44582.39,0.00,254.28,0.00,4.79,-1.25,559.50,208.00
2009-04-01,44928.00,0.07,497.65,0.00,14.18,-0.93,556.12,204.00
2009-04-02,44928.00,5.81,200.80,0.00,8.00,1.54,682.53,214.00
2009-04-03,45273.61,11.89,372.74,0.00,17.43,1.88,701.13,605.00
2009-04-04,45273.61,27.23,312.79,0.00,13.12,1.89,701.53,998.00
2009-04-05,45619.20,0.00,280.13,0.00,6.65,-0.02,609.86,695.00
2009-04-06,45619.20,5.61,372.62,0.00,16.18,1.02,654.54,682.00
2009-04-07,45964.79,3.57,372.21,0.00,10.65,-3.92,459.84,600.00
2009-04-08,45964.79,0.03,248.02,0.00,2.08,-3.73,465.03,504.00
2009-04-09,46310.38,0.00,414.92,0.00,6.63,-4.28,440.00,444.00
2009-04-10,46310.38,0.05,501.65,0.00,13.05,-2.57,511.25,398.00
2009-04-11,46655.99,5.20,303.23,0.00,10.83,0.11,612.76,406.00
2009-04-12,46655.99,0.00,456.88,0.00,8.59,-4.17,450.62,352.00
2009-04-13,47001.60,0.00,433.66,0.00,5.45,-6.11,385.10,319.00
2009-04-14,47001.60,0.09,483.22,0.00,9.74,-4.21,451.13,308.00
2009-04-15,47347.20,10.77,178.84,0.00,8.31,2.68,741.21,364.00
2009-04-16,47347.20,0.00,503.96,0.00,13.40,-1.73,540.13,335.00
2009-04-17,47692.79,0.00,530.51,0.00,15.55,-1.86,521.96,306.00
2009-04-18,47692.79,0.00,547.22,0.00,19.26,-0.24,562.47,295.00
2009-04-19,48038.40,0.00,546.78,0.00,23.07,2.57,666.93,286.00
2009-04-20,48038.40,5.34,361.32,0.00,16.51,1.97,704.70,290.00
2009-04-21,48318.11,10.18,145.31,0.00,6.21,1.73,691.61,415.00
2009-04-22,48383.99,2.28,453.59,0.00,15.41,0.83,643.37,379.00
2009-04-23,48384.06,0.01,370.53,0.00,9.54,0.24,622.72,347.00
2009-04-24,48729.59,0.00,469.72,0.00,12.18,-1.17,559.82,321.00
2009-04-25,48729.59,0.00,546.71,0.00,22.90,1.41,632.24,310.00
2009-04-26,49075.21,0.00,504.72,0.00,28.75,10.06,1138.29,294.00
2009-04-27,49075.21,0.00,496.07,0.00,29.40,11.24,1234.35,279.00
2009-04-28,49420.81,0.01,510.46,0.00,30.88,10.93,1183.97,265.00
2009-04-29,49420.81,3.81,412.57,0.00,27.81,2.71,732.43,257.00
2009-04-30,49576.01,0.03,452.10,0.00,17.55,3.22,764.14,246.00
2009-05-01,49766.39,3.06,209.08,0.00,14.95,7.61,1049.69,246.00
2009-05-02,49766.39,7.86,325.48,0.00,19.67,6.14,944.28,268.00
2009-05-03,50112.00,0.03,415.54,0.00,16.00,3.78,802.78,250.00
2009-05-04,50112.00,1.03,303.67,0.00,13.88,5.49,911.33,239.00
2009-05-05,50450.20,4.24,140.28,0.00,11.16,6.47,959.14,255.00
2009-05-06,50457.60,5.45,154.98,0.00,12.70,7.45,1036.18,280.00
2009-05-07,50457.60,5.54,178.04,0.00,14.49,8.49,1119.10,343.00
2009-05-08,50803.21,0.00,345.29,0.00,18.44,9.06,1164.97,321.00
2009-05-09,50803.21,7.79,276.40,0.00,20.73,10.46,1276.99,422.00
2009-05-10,51082.91,0.00,505.66,0.00,23.37,6.51,938.35,424.00
2009-05-11,51148.79,0.00,472.90,0.00,14.92,0.98,652.06,360.00
2009-05-12,51148.79,0.00,470.66,0.00,14.22,0.44,627.24,323.00
2009-05-13,51494.41,0.00,487.99,0.00,15.86,0.94,643.35,296.00
2009-05-14,51494.41,8.74,360.99,0.00,18.54,3.67,798.71,300.00
2009-05-15,51494.41,8.96,268.61,0.00,16.91,7.16,1014.42,313.00
2009-05-16,51839.98,0.36,463.39,0.00,22.40,7.88,1067.52,367.00
2009-05-17,51839.98,23.61,388.94,0.00,23.09,5.10,881.21,1140.00
2009-05-18,51840.05,0.00,452.57,0.00,12.33,-0.36,596.08,647.00
2009-05-19,52185.59,0.00,495.66,0.00,13.17,-1.48,557.21,497.00
2009-05-20,52185.59,0.00,557.19,0.00,21.16,0.65,636.40,410.00
2009-05-21,52185.59,0.00,526.65,0.00,25.54,6.51,947.90,344.00
2009-05-22,52523.80,0.00,506.80,0.00,27.26,9.28,1145.89,294.00
2009-05-23,52531.21,0.00,487.79,0.00,27.23,10.30,1234.43,255.00
2009-05-24,52531.21,0.09,354.49,0.00,23.47,12.97,1484.32,231.00
2009-05-25,52686.43,0.41,454.42,0.00,25.74,10.75,1299.06,225.00
2009-05-26,52876.81,0.12,496.44,0.00,21.81,5.62,912.82,193.00
2009-05-27,52876.81,13.34,160.68,0.00,12.04,6.73,979.13,234.00
2009-05-28,52876.81,5.05,221.42,0.00,15.67,8.31,1104.84,212.00
2009-05-29,53032.03,14.92,160.14,0.00,19.08,13.91,1592.51,305.00
2009-05-30,53222.40,0.00,449.33,0.00,20.77,8.58,1126.44,248.00
2009-05-31,53222.40,0.00,480.78,0.00,20.07,6.39,951.59,193.00
2009-06-01,53222.40,0.00,546.21,0.00,18.81,1.14,656.83,167.00
2009-06-02,53222.47,2.01,492.44,0.00,18.69,4.33,835.98,158.00
2009-06-03,53502.11,1.42,254.68,0.00,16.40,9.70,1215.99,158.00
2009-06-04,53567.98,2.25,247.94,0.00,13.93,7.61,1048.87,149.00
2009-06-05,53567.98,0.07,411.41,0.00,18.27,7.29,1023.94,134.00
2009-06-06,53567.98,2.34,231.42,0.00,15.84,9.18,1174.01,129.00
2009-06-07,53567.98,0.00,449.20,0.00,23.16,10.10,1248.20,119.00
2009-06-08,53611.84,0.69,417.84,0.00,23.69,11.81,1384.82,110.00
2009-06-09,53847.71,7.57,284.32,0.00,23.34,13.07,1501.20,107.00
2009-06-10,53913.61,0.08,468.77,0.00,26.74,12.25,1408.07,104.00
2009-06-11,53913.61,0.89,389.02,0.00,23.95,12.97,1493.35,98.00
2009-06-12,53913.61,18.79,104.89,0.00,19.25,15.99,1805.32,123.00
2009-06-13,53913.61,0.00,367.20,0.00,20.98,11.72,1378.79,113.00
2009-06-14,53913.61,3.29,415.62,0.00,22.35,7.99,1079.32,106.00
2009-06-15,53913.61,4.71,348.32,0.00,22.51,9.69,1215.44,95.00
2009-06-16,53913.61,0.00,507.43,0.00,23.86,8.54,1119.79,85.00
2009-06-17,53913.61,0.23,378.24,0.00,21.20,11.63,1370.62,87.00
2009-06-18,53913.61,17.88,155.15,0.00,16.06,11.43,1354.08,273.00
2009-06-19,53913.67,3.63,262.52,0.00,20.04,12.32,1431.78,240.00
2009-06-20,53913.67,5.82,288.22,0.00,21.51,12.48,1443.89,199.00
2009-06-21,53913.67,13.13,225.12,0.00,19.80,13.32,1527.94,264.00
2009-06-22,53913.67,0.00,310.12,0.00,21.07,14.45,1647.19,214.00
2009-06-23,53913.67,0.00,484.47,0.00,23.86,11.47,1357.42,173.00
2009-06-24,53913.67,0.00,486.27,0.00,24.01,11.57,1365.52,147.00
2009-06-25,53913.61,0.00,521.35,0.00,27.30,12.13,1410.05,128.00
2009-06-26,53913.61,3.90,377.91,0.00,29.24,14.31,1632.00,121.00
2009-06-27,53913.61,12.87,383.43,0.00,27.00,12.24,1425.13,120.00
2009-06-28,53913.61,0.28,452.68,0.00,23.35,11.46,1357.18,111.00
2009-06-29,53913.61,3.11,333.91,0.00,22.72,12.14,1413.99,107.00
2009-06-30,53913.61,4.76,326.46,0.00,24.19,13.27,1521.26,110.00
2009-07-01,53913.61,9.76,293.44,0.00,20.58,11.69,1376.18,203.00
2009-07-02,53913.61,6.40,320.92,0.00,23.11,12.91,1486.91,191.00
2009-07-03,53906.19,5.55,303.44,0.00,22.68,13.21,1516.47,204.00
2009-07-04,53723.20,2.19,363.57,0.00,20.71,11.85,1390.73,176.00
2009-07-05,53568.05,0.00,507.57,0.00,21.63,8.06,1084.65,131.00
2009-07-06,53567.98,0.00,498.08,0.00,22.65,9.17,1173.01,114.00
2009-07-07,53567.98,5.91,379.97,0.00,24.26,9.98,1238.60,104.00
2009-07-08,53567.98,6.09,398.79,0.00,22.89,7.80,1063.75,101.00
2009-07-09,53567.98,0.00,467.52,0.00,19.98,8.09,1087.05,91.00
2009-07-10,53377.61,0.00,485.41,0.00,23.64,10.46,1276.96,83.00
2009-07-11,53222.40,0.28,432.45,0.00,24.17,13.09,1496.39,78.00
2009-07-12,53222.40,12.32,324.59,0.00,21.58,10.59,1286.91,84.00
2009-07-13,53222.40,0.00,474.88,0.00,22.27,9.42,1193.99,75.00
2009-07-14,53214.98,0.00,505.28,0.00,21.90,7.54,1043.29,66.00
2009-07-15,52876.88,0.00,505.44,0.00,22.35,7.81,1064.61,59.00
2009-07-16,52876.81,0.46,505.85,0.00,24.76,9.75,1220.05,54.00
2009-07-17,52876.81,0.34,482.87,0.00,27.98,12.83,1472.58,50.00
2009-07-18,52869.40,4.86,241.10,0.00,20.53,12.75,1466.08,58.00
2009-07-19,52531.21,0.00,418.62,0.00,20.78,9.92,1233.34,53.00
2009-07-20,52531.21,0.00,448.32,0.00,22.63,10.32,1265.32,47.00
2009-07-21,52531.21,0.00,418.84,0.00,23.72,12.29,1428.32,41.00
2009-07-22,52340.82,0.25,338.28,0.00,22.41,13.49,1547.27,38.00
2009-07-23,52185.59,13.58,227.60,0.00,23.20,15.47,1757.96,42.00
2009-07-24,52185.59,13.18,204.49,0.00,22.51,15.74,1782.91,79.00
2009-07-25,52119.70,6.99,324.47,0.00,23.89,12.09,1409.87,76.00
2009-07-26,51839.98,5.93,311.69,0.00,25.01,13.79,1578.68,73.00
2009-07-27,51839.98,9.75,237.92,0.00,22.79,15.45,1756.31,78.00
2009-07-28,51774.12,0.00,414.64,0.00,24.92,13.92,1593.64,60.00
2009-07-29,51494.41,0.08,425.85,0.00,26.73,14.97,1706.96,51.00
2009-07-30,51494.41,32.20,197.30,0.00,22.05,15.82,1792.80,65.00
2009-07-31,51304.00,17.97,260.74,0.00,25.36,16.57,1879.62,161.00
2009-08-01,51148.79,15.76,258.75,0.00,20.59,12.34,1434.11,228.00
2009-08-02,51148.79,2.72,349.84,0.00,25.45,13.78,1577.34,122.00
2009-08-03,50803.21,3.41,347.07,0.00,22.99,11.52,1363.31,105.00
2009-08-04,50803.21,0.00,414.92,0.00,23.47,12.59,1451.35,89.00
2009-08-05,50795.79,0.01,396.60,0.00,25.43,15.01,1717.84,76.00
2009-08-06,50457.60,0.00,504.79,0.00,24.51,9.01,1160.93,67.00
2009-08-07,50457.60,0.00,461.60,0.00,22.18,9.58,1206.07,59.00
2009-08-08,50112.00,0.00,491.68,0.00,22.86,8.41,1113.20,52.00
2009-08-09,50112.00,23.33,344.07,0.00,22.39,9.67,1213.97,127.00
2009-08-10,50104.59,14.80,262.37,0.00,25.84,16.81,1909.31,264.00
2009-08-11,49766.39,0.00,414.93,0.00,29.77,17.73,2032.02,150.00
2009-08-12,49766.39,5.77,291.34,0.00,26.68,16.28,1843.12,173.00
2009-08-13,49420.81,4.52,261.67,0.00,24.54,15.83,1794.72,157.00
2009-08-14,49420.81,0.00,420.71,0.00,26.20,14.73,1674.68,126.00
2009-08-15,49075.28,0.00,422.32,0.00,27.05,15.40,1752.58,139.00
2009-08-16,49075.21,0.00,423.97,0.00,27.84,16.02,1813.53,109.00
2009-08-17,49067.80,0.00,417.68,0.00,28.57,16.72,1899.36,94.00
2009-08-18,48729.59,0.11,430.01,0.00,29.93,17.05,1930.64,83.00
2009-08-19,48729.59,11.61,267.13,0.00,27.69,18.21,2098.03,91.00
2009-08-20,48383.99,12.70,270.48,0.00,26.26,16.97,1928.87,116.00
2009-08-21,48383.99,5.32,248.32,0.00,25.70,17.64,2018.93,102.00
2009-08-22,48038.40,3.60,258.88,0.00,24.80,16.54,1877.25,91.00
2009-08-23,48038.40,0.00,360.31,0.00,25.27,15.86,1797.78,81.00
2009-08-24,47692.79,1.58,383.79,0.00,23.69,12.83,1475.96,73.00
2009-08-25,47692.79,0.00,399.71,0.00,23.03,12.42,1440.13,65.00
2009-08-26,47347.27,0.00,430.73,0.00,24.89,12.44,1439.99,59.00
2009-08-27,47347.20,3.22,330.47,0.00,25.96,13.07,1501.78,57.00
2009-08-28,47156.81,2.19,331.94,0.00,21.75,13.00,1494.87,56.00
2009-08-29,47001.60,20.38,169.93,0.00,18.21,12.85,1481.35,99.00
2009-08-30,46994.19,5.70,335.97,0.00,23.64,11.41,1352.56,121.00
2009-08-31,46655.99,0.00,412.50,0.00,20.33,8.87,1149.33,92.00
2009-09-01,46655.99,0.00,445.47,0.00,17.13,4.32,834.11,76.00
2009-09-02,46310.38,0.00,471.64,0.00,19.28,4.32,834.79,66.00
2009-09-03,46310.38,0.00,467.07,0.00,22.19,6.70,978.58,58.00
2009-09-04,45964.79,0.00,456.34,0.00,23.32,8.08,1086.33,53.00
2009-09-05,45964.79,0.00,441.50,0.00,23.65,9.24,1179.06,48.00
2009-09-06,45619.20,0.00,430.81,0.00,23.28,9.43,1194.14,43.00
2009-09-07,45619.20,0.00,393.41,0.00,22.83,10.94,1315.43,41.00
2009-09-08,45273.61,0.00,240.96,0.00,18.25,12.06,1408.32,40.00
2009-09-09,45273.61,0.00,352.70,0.00,22.65,12.52,1446.78,39.00
2009-09-10,44928.00,0.00,387.55,0.00,22.54,10.85,1308.39,37.00
2009-09-11,44928.00,2.42,307.07,0.00,18.58,9.91,1233.15,40.00
2009-09-12,44582.39,14.95,139.54,0.00,14.58,9.96,1236.79,86.00
2009-09-13,44582.39,2.50,204.80,0.00,18.16,11.78,1382.35,78.00
2009-09-14,44236.80,0.00,406.81,0.00,23.08,10.13,1250.46,61.00
2009-09-15,44236.80,0.00,350.52,0.00,20.71,10.64,1291.10,52.00
2009-09-16,43891.20,0.00,437.44,0.00,22.37,7.04,1003.69,46.00
2009-09-17,43891.20,5.48,258.62,0.00,17.19,7.47,1038.45,45.00
2009-09-18,43545.59,0.00,242.43,0.00,16.22,9.89,1231.35,43.00
2009-09-19,43545.59,0.00,447.77,0.00,21.11,4.20,824.22,39.00
2009-09-20,43200.02,0.00,434.89,0.00,17.45,1.99,705.89,34.00
2009-09-21,43200.02,0.00,444.75,0.00,20.74,2.97,758.74,32.00
2009-09-22,42854.41,0.00,367.78,0.00,21.65,9.30,1183.82,31.00
2009-09-23,42854.41,0.28,169.71,0.00,20.13,15.19,1730.83,32.00
2009-09-24,42508.79,1.74,279.81,0.00,24.62,15.74,1781.16,33.00
2009-09-25,42508.79,0.00,379.76,0.00,22.13,8.73,1138.56,31.00
2009-09-26,42163.20,0.15,349.61,0.00,16.38,5.19,894.05,32.00
2009-09-27,42163.20,14.73,175.98,0.00,13.66,6.93,994.26,60.00
2009-09-28,41817.59,11.43,145.36,0.00,15.48,9.87,1229.84,105.00
2009-09-29,41817.59,7.67,214.58,0.00,16.86,8.18,1094.34,105.00
2009-09-30,41472.02,3.41,157.86,0.00,12.62,6.99,999.42,83.00
2009-10-01,41472.02,2.84,157.72,0.00,9.48,3.93,811.85,71.00
2009-10-02,41126.39,3.04,268.94,0.00,9.32,0.61,636.11,65.00
2009-10-03,41126.39,11.01,266.44,0.00,13.01,1.63,687.83,114.00
2009-10-04,40780.78,0.00,367.04,0.00,18.02,5.34,901.48,116.00
2009-10-05,40780.78,0.00,335.32,0.00,15.11,4.55,845.01,93.00
2009-10-06,40435.20,0.00,346.17,0.00,12.56,1.55,681.16,80.00
2009-10-07,40435.20,4.45,277.15,0.00,15.01,2.01,708.86,74.00
2009-10-08,40089.59,0.00,279.38,0.00,12.15,3.82,802.39,72.00
2009-10-09,40089.59,4.18,247.32,0.00,14.72,3.93,813.02,65.00
2009-10-10,39744.00,4.25,123.89,0.00,13.88,9.20,1176.30,66.00
2009-10-11,39744.00,0.00,340.30,0.00,12.53,1.02,653.97,63.00
2009-10-12,39405.81,0.00,364.70,0.00,12.04,-1.78,536.27,54.00
2009-10-13,39398.39,1.32,275.83,0.00,7.68,-0.95,572.14,47.00
2009-10-14,39243.18,2.95,275.10,0.00,10.05,-1.71,541.32,45.00
2009-10-15,39052.80,0.48,251.39,0.00,6.20,-1.59,546.88,46.00
2009-10-16,39052.80,14.58,60.64,0.00,0.70,-1.30,557.85,60.00
2009-10-17,38707.19,6.57,84.39,0.00,1.62,-1.39,554.68,82.00
2009-10-18,38707.19,3.92,117.59,0.00,3.89,-0.42,593.40,135.00
2009-10-19,38361.61,0.00,347.14,0.00,8.55,-4.50,441.18,166.00
2009-10-20,38361.61,0.00,364.23,0.00,11.66,-4.43,443.72,134.00
2009-10-21,38015.99,0.00,332.93,0.00,17.07,3.74,800.00,118.00
2009-10-22,38015.99,0.00,309.37,0.00,18.23,6.52,961.29,105.00
2009-10-23,37670.39,0.07,318.91,0.00,17.99,4.95,873.89,95.00
2009-10-24,37670.39,24.38,203.82,0.00,14.95,5.28,893.20,1140.00
2009-10-25,37390.68,18.31,244.72,0.00,17.79,5.12,888.61,889.00
2009-10-26,37324.80,0.00,318.58,0.00,13.29,0.02,608.24,515.00
2009-10-27,37324.73,0.05,328.88,0.00,15.26,-0.40,594.46,396.00
2009-10-28,36979.21,16.57,146.49,0.00,12.15,5.43,905.77,967.00
2009-10-29,36979.21,9.55,99.17,0.00,12.92,8.52,1121.92,870.00
2009-10-30,36633.62,0.00,86.68,0.00,11.00,8.26,1101.04,621.00
2009-10-31,36633.62,1.20,116.99,0.00,11.93,7.93,1074.54,515.00
2009-11-01,36295.40,3.73,206.33,0.00,14.84,3.81,799.93,453.00
2009-11-02,36287.99,0.00,285.23,0.00,8.90,-2.96,490.56,374.00
2009-11-03,36287.99,0.00,293.94,0.00,10.82,-2.27,520.82,330.00
2009-11-04,35942.39,0.00,298.75,0.00,10.75,-3.35,479.11,294.00
2009-11-05,35942.39,0.05,238.07,0.00,5.98,-3.12,485.81,268.00
2009-11-06,35604.21,1.39,194.78,0.00,4.89,-2.06,523.55,248.00
2009-11-07,35596.80,0.00,232.70,0.00,4.27,-4.72,440.00,225.00
2009-11-08,35596.80,0.00,279.25,0.00,11.33,-1.87,530.38,210.00
2009-11-09,35251.20,0.00,290.74,0.00,18.14,1.35,668.22,194.00
2009-11-10,35251.20,0.00,251.41,0.00,16.95,4.98,878.57,181.00
2009-11-11,35207.35,0.00,231.41,0.00,11.02,1.04,654.21,170.00
2009-11-12,34905.62,0.00,231.69,0.00,7.90,-2.10,526.64,160.00
2009-11-13,34905.62,0.00,248.49,0.00,9.26,-2.27,519.06,151.00
2009-11-14,34625.88,0.00,271.79,0.00,14.07,-1.27,560.02,145.00
2009-11-15,34559.98,0.00,192.15,0.00,12.33,3.77,804.68,139.00
2009-11-16,34559.98,0.00,259.57,0.00,18.48,2.79,749.26,132.00
2009-11-17,34280.28,0.00,152.23,0.00,8.91,2.14,716.55,126.00
2009-11-18,34214.41,0.00,222.62,0.00,9.52,-1.61,551.13,122.00
2009-11-19,34214.41,0.66,214.92,0.00,10.95,0.17,616.90,121.00
2009-11-20,34059.20,15.62,120.15,0.00,11.66,4.40,831.88,336.00
2009-11-21,33868.82,0.00,141.51,0.00,7.95,1.77,701.27,247.00
2009-11-22,33868.82,0.00,122.45,0.00,8.35,3.12,769.32,213.00
2009-11-23,33868.82,0.00,174.08,0.00,7.09,-0.69,585.08,199.00
2009-11-24,33530.62,5.08,138.00,0.00,8.25,-0.10,608.04,203.00
2009-11-25,33523.21,3.95,71.07,0.00,8.43,4.56,845.77,274.00
2009-11-26,33523.21,3.26,92.42,0.00,8.54,3.55,795.06,302.00
2009-11-27,33523.14,5.46,165.63,0.00,9.88,-1.21,563.13,336.00
2009-11-28,33185.02,1.90,101.16,0.00,3.82,-0.61,585.13,321.00
2009-11-29,33177.61,0.00,177.11,0.00,5.35,-2.69,504.65,296.00
2009-11-30,33177.61,2.18,218.73,0.00,11.88,-1.21,560.02,290.00
2009-12-01,33177.61,2.76,176.87,0.00,6.64,-4.19,448.41,281.00
2009-12-02,33022.39,0.15,159.63,0.00,4.28,-3.03,480.00,256.00
2009-12-03,32831.99,14.81,170.97,0.00,11.53,-1.97,531.67,590.00
2009-12-04,32831.99,4.98,159.69,0.00,10.08,-1.00,562.05,467.00
2009-12-05,32831.99,0.08,177.63,0.00,4.19,-4.17,445.49,412.00
2009-12-06,32831.99,4.98,115.35,0.00,-2.20,-8.21,327.12,375.00
2009-12-07,32831.92,0.00,170.86,0.00,-1.21,-8.02,331.53,336.00
2009-12-08,32676.78,0.00,128.21,0.00,-2.29,-7.09,357.70,307.00
2009-12-09,32493.81,24.28,123.64,0.00,2.10,-4.23,448.95,388.00
2009-12-10,32486.40,8.01,156.53,0.00,4.41,-3.72,462.75,549.00
2009-12-11,32486.40,0.00,225.45,0.00,-3.46,-13.05,224.18,420.00
2009-12-12,32486.40,0.00,189.07,0.00,-5.36,-12.64,231.18,400.00
2009-12-13,32486.40,0.12,188.48,0.00,-0.74,-8.07,320.00,380.00
2009-12-14,32486.40,11.56,93.94,0.00,1.26,-3.15,483.80,420.00
2009-12-15,32486.40,2.61,90.49,0.00,3.43,-0.60,587.30,474.00
2009-12-16,32486.40,2.50,197.79,0.00,4.26,-6.03,389.25,493.00
2009-12-17,32486.40,1.01,117.19,0.00,-4.05,-8.03,329.62,421.00
2009-12-18,32486.33,0.00,222.38,0.00,-4.18,-13.03,224.43,378.00
2009-12-19,32486.33,0.05,220.26,0.00,-3.32,-12.03,244.53,358.00
2009-12-20,32486.33,0.00,112.39,0.00,-4.98,-8.66,313.67,322.00
2009-12-21,32486.33,0.00,153.72,0.00,-2.40,-7.61,344.65,295.00
2009-12-22,32486.33,0.12,88.27,0.00,-2.03,-4.89,439.69,271.00
2009-12-23,32486.33,0.00,254.43,0.00,-0.95,-13.13,222.97,232.00
2009-12-24,32486.40,0.00,213.72,0.00,-4.27,-12.39,237.13,224.00
2009-12-25,32486.40,0.10,197.12,0.00,-1.37,-8.73,318.01,213.00
2009-12-26,32486.40,15.75,108.19,0.00,2.68,-2.44,513.04,651.00
2009-12-27,32486.40,9.59,160.20,0.00,5.58,-3.34,475.91,1060.00
2009-12-28,32486.40,2.74,146.92,0.00,3.01,-4.06,447.60,723.00
2009-12-29,32486.40,0.00,220.41,0.00,-3.13,-12.43,236.83,547.00
2009-12-30,32486.40,0.00,152.40,0.00,-8.37,-13.62,214.03,437.00
2009-12-31,32486.40,1.79,185.87,0.00,-4.84,-11.71,251.07,403.00
2010-01-01,32486.40,4.94,86.11,0.00,-2.37,-6.06,388.60,372.00
2010-01-02,32552.27,0.00,262.07,0.00,1.04,-10.85,267.95,327.00
2010-01-03,32788.14,0.00,135.56,0.00,-9.27,-13.64,213.59,270.00
2010-01-04,32831.99,0.67,105.34,0.00,-9.28,-12.59,233.04,267.00
2010-01-05,32831.99,0.00,119.22,0.00,-6.92,-10.70,271.20,249.00
2010-01-06,32831.99,1.41,136.03,0.00,-5.48,-9.82,290.44,233.00
2010-01-07,32831.99,0.00,96.61,0.00,-3.68,-6.67,370.20,216.00
2010-01-08,32897.87,4.18,90.93,0.00,-2.51,-6.32,376.91,200.00
2010-01-09,33177.54,1.78,203.31,0.00,-4.78,-12.00,244.52,184.00
2010-01-10,33177.61,0.00,284.68,0.00,-7.25,-19.80,125.49,150.00
2010-01-11,33177.61,0.00,286.23,0.00,-5.62,-18.22,151.99,148.00
2010-01-12,33177.61,0.99,249.79,0.00,-4.49,-13.55,213.23,145.00
2010-01-13,33367.98,0.00,194.76,0.00,-4.97,-11.20,259.95,140.00
2010-01-14,33523.21,0.00,259.46,0.00,-1.11,-10.80,280.00,135.00
2010-01-15,33523.21,0.00,291.70,0.00,3.04,-9.74,280.00,132.00
2010-01-16,33523.21,0.00,138.00,0.00,2.96,-1.35,560.00,132.00
2010-01-17,33713.60,0.12,274.98,0.00,6.52,-4.30,440.00,146.00
2010-01-18,33868.82,21.13,105.16,0.00,2.11,-2.14,523.48,321.00
2010-01-19,33868.82,0.00,230.06,0.00,6.45,-1.24,560.72,311.00
2010-01-20,33876.23,3.99,131.15,0.00,0.85,-3.67,463.99,239.00
2010-01-21,34214.41,0.00,226.12,0.00,-1.22,-8.38,321.60,209.00
2010-01-22,34214.41,0.00,272.38,0.00,1.66,-7.84,334.43,200.00
2010-01-23,34214.41,0.00,301.58,0.00,1.59,-10.12,281.59,179.00
2010-01-24,34559.92,0.09,315.05,0.00,4.15,-9.14,304.56,194.00
2010-01-25,34559.98,42.66,236.54,0.00,11.79,-2.51,509.92,6800.00
2010-01-26,34559.98,22.25,234.38,0.00,10.37,-2.81,495.35,2740.00
2010-01-27,34905.62,0.00,152.65,0.00,-0.99,-5.19,420.17,1320.00
2010-01-28,34905.62,0.00,155.24,0.00,-1.72,-6.04,396.95,895.00
2010-01-29,34905.62,0.00,337.41,0.00,-1.29,-15.46,183.72,610.00
2010-01-30,35251.20,0.00,283.25,0.00,-8.07,-16.76,166.51,465.00
2010-01-31,35251.20,0.00,276.02,0.00,-10.56,-18.83,135.81,398.00
2010-02-01,35317.09,0.00,337.93,0.00,-4.85,-17.48,159.33,350.00
2010-02-02,35596.80,0.00,272.42,0.00,-2.60,-10.73,278.31,330.00
2010-02-03,35596.80,0.85,247.16,0.00,-2.62,-9.66,292.00,310.00
2010-02-04,35942.39,0.00,268.50,0.00,-0.79,-8.71,315.59,274.00
2010-02-05,35942.39,0.00,310.71,0.00,1.11,-8.96,307.49,247.00
2010-02-06,35949.80,0.57,227.95,0.00,-1.93,-8.48,319.92,233.00
2010-02-07,36287.99,0.00,291.33,0.00,-4.68,-13.51,208.83,210.00
2010-02-08,36287.99,0.00,313.74,0.00,-3.31,-13.19,220.92,197.00
2010-02-09,36633.62,0.00,337.62,0.00,0.23,-10.97,264.27,191.00
2010-02-10,36633.62,4.29,181.39,0.00,-0.90,-7.40,348.83,190.00
2010-02-11,36823.99,6.47,183.61,0.00,-2.82,-9.22,300.94,181.00
2010-02-12,36979.21,0.00,365.49,0.00,0.11,-12.07,242.06,169.00
2010-02-13,36979.21,0.00,359.33,0.00,-0.97,-12.42,237.04,162.00
2010-02-14,37324.80,0.00,267.48,0.00,-4.33,-11.20,260.51,159.00
2010-02-15,37324.80,1.00,318.85,0.00,-1.17,-9.99,286.98,152.00
2010-02-16,37670.39,1.99,344.33,0.00,0.53,-9.32,301.21,149.00
2010-02-17,37670.39,0.02,187.73,0.00,-2.22,-6.70,369.59,144.00
2010-02-18,38015.92,2.00,179.08,0.00,-2.10,-6.32,382.06,140.00
2010-02-19,38015.99,0.00,214.70,0.00,1.82,-3.27,479.11,137.00
2010-02-20,38081.87,0.00,344.32,0.00,2.74,-6.54,374.88,134.00
2010-02-21,38361.61,0.00,388.73,0.00,4.20,-7.38,350.31,132.00
2010-02-22,38361.61,0.01,416.18,0.00,5.39,-8.25,325.08,129.00
2010-02-23,38707.19,2.28,365.26,0.00,3.98,-7.44,349.68,129.00
2010-02-24,38707.19,3.42,128.26,0.00,0.97,-2.65,504.43,127.00
2010-02-25,39052.80,4.97,156.68,0.00,-0.45,-4.85,432.89,126.00
2010-02-26,39052.80,16.86,216.90,0.00,-2.53,-8.76,313.25,124.00
2010-02-27,39398.39,5.14,146.61,0.00,-3.36,-7.26,353.67,127.00
2010-02-28,39398.39,4.12,176.93,0.00,0.05,-4.54,438.84,122.00
2010-03-01,39744.00,1.15,242.28,0.00,0.52,-4.24,447.67,118.00
2010-03-02,39744.00,0.00,241.12,0.00,2.59,-2.04,527.69,118.00
2010-03-03,40089.59,2.40,229.91,0.00,2.25,-2.53,508.07,121.00
2010-03-04,40089.59,1.51,407.15,0.00,1.52,-7.24,355.52,119.00
2010-03-05,40435.20,0.00,391.37,0.00,1.76,-6.37,379.48,119.00
2010-03-06,40435.20,0.00,483.47,0.00,3.34,-9.89,286.84,115.00
2010-03-07,40780.78,0.00,499.99,0.00,7.35,-8.36,325.14,122.00
2010-03-08,40780.78,0.00,490.75,0.00,10.26,-4.41,440.00,156.00
2010-03-09,41126.39,0.00,495.36,0.00,11.59,-3.65,467.77,221.00
2010-03-10,41126.39,0.00,503.66,0.00,13.30,-3.19,480.00,250.00
2010-03-11,41472.02,0.00,479.99,0.00,12.58,-0.89,575.28,289.00
2010-03-12,41472.02,1.42,455.44,0.00,16.79,2.16,719.55,462.00
2010-03-13,41817.59,5.65,198.28,0.00,7.05,1.74,693.01,671.00
2010-03-14,41817.59,15.98,160.21,0.00,5.16,1.09,659.95,1020.00
2010-03-15,42163.20,3.15,166.14,0.00,5.13,1.23,666.37,859.00
2010-03-16,42163.20,2.69,281.14,0.00,5.86,-0.83,576.43,708.00
2010-03-17,42508.79,0.00,520.85,0.00,13.38,-3.14,480.02,586.00
2010-03-18,42508.79,0.00,528.34,0.00,15.01,-3.03,481.73,509.00
2010-03-19,42854.41,0.00,529.17,0.00,16.94,-1.81,534.81,451.00
2010-03-20,42854.41,0.00,521.39,0.00,18.06,0.23,618.27,402.00
2010-03-21,43200.02,0.00,517.65,0.00,18.63,0.90,650.17,363.00
2010-03-22,43200.02,0.51,508.27,0.00,20.06,2.25,720.92,362.00
2010-03-23,43200.02,13.59,208.31,0.00,11.94,5.67,913.82,635.00
2010-03-24,43545.59,2.43,302.71,0.00,9.08,1.33,670.00,525.00
2010-03-25,43545.59,0.03,484.23,0.00,13.05,-0.72,581.61,449.00
2010-03-26,43891.20,11.08,404.28,0.00,14.11,-5.75,399.61,528.00
2010-03-27,43891.20,0.00,448.37,0.00,0.75,-10.63,272.86,445.00
2010-03-28,44236.80,0.14,511.60,0.00,7.16,-8.31,327.22,434.00
2010-03-29,44236.80,10.38,244.68,0.00,6.77,-0.95,572.70,1040.00
2010-03-30,44582.39,1.82,375.16,0.00,11.09,0.50,633.28,737.00
2010-03-31,44582.39,7.10,229.16,0.00,6.18,-0.04,610.13,751.00
2010-04-01,44928.00,0.00,503.69,0.00,16.79,0.36,626.29,655.00
2010-04-02,44928.00,0.00,540.22,0.00,23.00,0.69,639.78,556.00
2010-04-03,45273.61,0.00,490.90,0.00,26.02,8.01,1080.50,486.00
2010-04-04,45273.61,0.00,474.97,0.00,23.79,7.14,1011.24,428.00
2010-04-05,45619.20,0.00,479.80,0.00,20.27,3.54,798.84,378.00
2010-04-06,45619.20,4.80,366.94,0.00,24.65,5.85,921.62,363.00
2010-04-07,45964.79,4.85,353.85,0.00,26.08,9.08,1166.23,338.00
2010-04-08,45964.79,0.05,468.43,0.00,27.14,9.31,1184.58,304.00
2010-04-09,46310.38,8.00,383.57,0.00,25.69,4.14,813.90,387.00
2010-04-10,46310.38,0.00,310.33,0.00,7.96,-0.63,586.00,309.00
2010-04-11,46655.99,0.00,451.55,0.00,14.60,0.11,615.71,274.00
2010-04-12,46655.99,0.00,483.39,0.00,16.82,-0.07,600.19,254.00
2010-04-13,47001.60,0.00,417.16,0.00,14.71,1.50,679.76,239.00
2010-04-14,47001.60,0.00,434.32,0.00,12.19,-1.90,529.88,228.00
2010-04-15,47347.20,0.00,494.48,0.00,16.86,-1.45,552.42,217.00
2010-04-16,47347.20,1.65,464.50,0.00,22.37,2.68,740.37,214.00
2010-04-17,47692.79,2.93,384.31,0.00,22.89,3.82,806.51,217.00
2010-04-18,47692.79,0.84,242.58,0.00,6.07,-0.78,579.11,203.00
2010-04-19,48038.40,0.00,380.96,0.00,10.52,-0.99,570.54,193.00
2010-04-20,48038.40,0.00,438.11,0.00,14.20,-0.01,600.00,181.00
2010-04-21,48318.11,0.02,476.39,0.00,17.22,0.67,640.00,174.00
2010-04-22,48383.99,0.00,447.29,0.00,17.88,2.71,739.05,169.00
2010-04-23,48384.06,0.00,509.84,0.00,17.60,-2.06,526.90,162.00
2010-04-24,48729.59,0.02,481.07,0.00,16.79,-0.66,586.52,153.00
2010-04-25,48729.59,14.33,314.98,0.00,16.79,2.88,755.54,198.00
2010-04-26,49075.21,10.84,85.25,0.00,8.61,5.72,919.19,362.00
2010-04-27,49075.21,17.98,181.18,0.00,9.18,2.45,729.68,484.00
2010-04-28,49420.81,1.44,348.48,0.00,9.40,-1.77,539.86,364.00
2010-04-29,49420.81,0.00,422.55,0.00,12.60,-0.63,585.21,327.00
2010-04-30,49576.01,0.00,509.33,0.00,19.06,-0.15,596.65,300.00
2010-05-01,49766.39,0.00,490.17,0.00,25.66,6.84,950.37,276.00
2010-05-02,49766.39,0.01,397.29,0.00,28.22,14.42,1630.47,251.00
2010-05-03,50112.00,2.03,271.32,0.00,24.21,15.70,1776.28,241.00
2010-05-04,50112.00,5.34,349.11,0.00,24.30,7.95,1075.80,231.00
2010-05-05,50450.20,3.40,388.50,0.00,20.27,5.01,875.50,213.00
2010-05-06,50457.60,5.48,358.19,0.00,23.90,7.06,1005.66,199.00
2010-05-07,50457.60,0.00,500.17,0.00,19.83,2.32,719.99,186.00
2010-05-08,50803.21,12.17,339.64,0.00,18.05,3.55,791.82,235.00
2010-05-09,50803.21,5.23,346.20,0.00,15.23,0.81,647.40,217.00
2010-05-10,51082.91,0.00,362.38,0.00,7.04,-2.96,491.75,186.00
2010-05-11,51148.79,0.12,472.57,0.00,11.88,-2.79,495.62,176.00
2010-05-12,51148.79,15.94,277.81,0.00,8.90,-1.27,560.45,361.00
2010-05-13,51494.41,2.37,317.68,0.00,10.00,0.55,634.95,292.00
2010-05-14,51494.41,6.52,344.96,0.00,17.18,3.07,764.30,320.00
2010-05-15,51494.41,6.12,408.02,0.00,25.97,4.78,861.20,315.00
2010-05-16,51839.98,0.00,448.69,0.00,19.56,5.94,932.56,257.00
2010-05-17,51839.98,0.00,475.55,0.00,18.15,3.53,792.35,234.00
2010-05-18,51840.05,4.04,335.12,0.00,18.23,5.26,892.69,223.00
2010-05-19,52185.59,9.30,90.31,0.00,10.01,7.26,1020.91,231.00
2010-05-20,52185.59,0.04,380.38,0.00,17.52,7.05,1004.24,211.00
2010-05-21,52185.59,0.00,522.14,0.00,26.29,7.66,1043.69,187.00
2010-05-22,52523.80,0.01,484.50,0.00,26.59,10.43,1274.02,169.00
2010-05-23,52531.21,2.38,214.72,0.00,20.85,14.59,1657.28,163.00
2010-05-24,52531.21,1.14,374.31,0.00,20.68,10.62,1289.97,160.00
2010-05-25,52686.43,0.00,397.69,0.00,22.88,11.88,1391.99,147.00
2010-05-26,52876.81,0.00,458.08,0.00,27.35,12.91,1479.60,135.00
2010-05-27,52876.81,0.00,462.98,0.00,29.82,14.41,1633.50,130.00
2010-05-28,52876.81,0.02,455.67,0.00,29.17,14.19,1608.24,140.00
2010-05-29,53032.03,0.00,324.82,0.00,23.89,14.78,1683.49,140.00
2010-05-30,53222.40,0.00,483.18,0.00,25.43,10.02,1204.92,122.00
2010-05-31,53222.40,0.01,471.65,0.00,27.42,12.39,1401.07,108.00
2010-06-01,53222.40,17.85,318.33,0.00,29.37,16.14,1822.23,126.00
2010-06-02,53222.47,6.21,394.15,0.00,25.25,8.66,1124.31,122.00
2010-06-03,53502.11,0.00,469.51,0.00,25.71,10.92,1311.66,99.00
2010-06-04,53567.98,0.00,399.33,0.00,25.74,14.07,1609.14,86.00
2010-06-05,53567.98,1.46,342.27,0.00,26.31,15.97,1812.85,76.00
2010-06-06,53567.98,15.64,265.47,0.00,26.95,16.99,1919.53,112.00
2010-06-07,53567.98,5.26,400.37,0.00,24.29,6.17,947.35,142.00
2010-06-08,53611.84,0.00,502.42,0.00,20.19,4.95,872.33,97.00
2010-06-09,53847.71,2.62,402.31,0.00,19.49,7.35,1027.71,92.00
2010-06-10,53913.61,9.56,173.93,0.00,14.94,9.35,1188.02,125.00
2010-06-11,53913.61,0.00,474.79,0.00,23.09,8.98,1158.54,100.00
2010-06-12,53913.61,2.11,412.47,0.00,23.55,10.41,1272.42,78.00
2010-06-13,53913.61,0.60,403.22,0.00,27.84,15.92,1803.83,87.00
2010-06-14,53913.61,9.32,265.40,0.00,25.91,16.38,1855.10,148.00
2010-06-15,53913.61,0.00,392.81,0.00,22.97,12.52,1450.78,116.00
2010-06-16,53913.61,1.03,386.05,0.00,24.43,13.81,1580.96,90.00
2010-06-17,53913.61,4.54,277.26,0.00,22.16,14.16,1617.50,92.00
2010-06-18,53913.61,0.00,399.55,0.00,18.94,8.66,1132.95,81.00
2010-06-19,53913.67,0.00,478.40,0.00,25.73,11.32,1343.94,66.00
2010-06-20,53913.67,0.00,405.51,0.00,27.65,16.25,1840.86,55.00
2010-06-21,53913.67,0.00,468.97,0.00,27.39,13.44,1537.18,46.00
2010-06-22,53913.67,0.05,440.71,0.00,27.27,14.41,1639.42,41.00
2010-06-23,53913.67,5.33,245.11,0.00,24.14,15.80,1790.29,42.00
2010-06-24,53913.67,6.64,300.52,0.00,29.95,18.25,2101.73,42.00
2010-06-25,53913.61,2.76,388.39,0.00,26.61,13.24,1515.85,58.00
2010-06-26,53913.61,0.00,467.36,0.00,25.75,12.09,1407.07,44.00
2010-06-27,53913.61,3.23,318.55,0.00,26.27,14.54,1655.42,38.00
2010-06-28,53913.61,0.02,364.94,0.00,28.82,18.70,2154.60,35.00
2010-06-29,53913.61,1.40,368.66,0.00,26.23,16.46,1870.03,41.00
2010-06-30,53913.61,0.00,546.39,0.00,23.73,5.69,886.08,34.00
2010-07-01,53913.61,0.00,486.54,0.00,20.01,6.39,953.79,27.00
2010-07-02,53913.61,0.00,492.19,0.00,20.14,6.28,940.95,24.00
2010-07-03,53906.19,0.00,517.68,0.00,23.93,7.99,1052.47,23.00
2010-07-04,53723.20,0.00,522.93,0.00,28.65,11.08,1264.57,21.00
2010-07-05,53568.05,0.00,483.84,0.00,30.56,14.83,1641.19,20.00
2010-07-06,53567.98,0.00,474.31,0.00,33.23,17.21,1893.93,20.00
2010-07-07,53567.98,0.00,437.90,0.00,32.41,18.54,2102.04,21.00
2010-07-08,53567.98,0.00,480.07,0.00,33.16,16.93,1840.87,20.00
2010-07-09,53567.98,0.00,459.28,0.00,33.82,18.47,2034.01,19.00
2010-07-10,53377.61,26.45,312.39,0.00,29.40,16.71,1896.21,27.00
2010-07-11,53222.40,0.00,501.54,0.00,27.17,10.61,1272.66,24.00
2010-07-12,53222.40,0.00,470.92,0.00,28.21,13.11,1499.96,25.00
2010-07-13,53222.40,4.87,304.81,0.00,27.46,15.37,1748.27,59.00
2010-07-14,53214.98,4.42,215.22,0.00,25.42,17.54,2003.72,50.00
2010-07-15,52876.88,0.00,356.02,0.00,26.17,16.09,1821.40,41.00
2010-07-16,52876.81,0.00,409.59,0.00,29.35,16.81,1910.03,31.00
2010-07-17,52876.81,0.00,393.86,0.00,27.47,15.75,1786.81,26.00
2010-07-18,52869.40,0.00,389.89,0.00,29.00,17.14,1949.68,23.00
2010-07-19,52531.21,5.37,296.26,0.00,29.04,17.89,2059.08,25.00
2010-07-20,52531.21,3.47,308.76,0.00,28.28,16.88,1918.82,25.00
2010-07-21,52531.21,1.36,280.52,0.00,25.93,17.37,1980.22,24.00
2010-07-22,52340.82,0.00,453.07,0.00,29.29,14.74,1676.87,23.00
2010-07-23,52185.59,11.75,302.15,0.00,28.41,16.11,1823.26,28.00
2010-07-24,52185.59,9.91,306.04,0.00,29.93,17.10,1947.85,38.00
2010-07-25,52119.70,14.75,275.08,0.00,30.89,19.55,2284.31,115.00
2010-07-26,51839.98,17.57,350.26,0.00,26.26,11.66,1374.27,165.00
2010-07-27,51839.98,0.00,459.84,0.00,26.65,11.96,1396.71,113.00
2010-07-28,51774.12,0.00,446.81,0.00,26.83,12.60,1457.07,78.00
2010-07-29,51494.41,12.20,273.61,0.00,28.40,17.24,1960.83,66.00
2010-07-30,51494.41,0.00,471.13,0.00,26.03,10.66,1292.58,67.00
2010-07-31,51304.00,0.00,446.52,0.00,23.97,10.16,1253.20,55.00
2010-08-01,51148.79,0.00,427.30,0.00,24.57,11.52,1365.43,40.00
2010-08-02,51148.79,0.00,306.15,0.00,23.60,15.11,1726.31,30.00
2010-08-03,50803.21,0.07,281.44,0.00,23.44,15.84,1793.62,26.00
2010-08-04,50803.21,0.25,264.48,0.00,25.91,18.55,2135.45,24.00
2010-08-05,50795.79,0.00,325.51,0.00,29.23,19.94,2321.77,23.00
2010-08-06,50457.60,2.20,352.84,0.00,29.03,16.67,1893.80,22.00
2010-08-07,50457.60,0.00,439.71,0.00,24.73,11.91,1393.16,20.00
2010-08-08,50112.00,0.00,460.33,0.00,24.76,10.92,1313.08,19.00
2010-08-09,50112.00,0.00,442.01,0.00,27.35,13.85,1583.13,17.00
2010-08-10,50104.59,0.00,424.85,0.00,29.25,16.30,1847.90,15.00
2010-08-11,49766.39,0.00,385.79,0.00,28.70,17.52,2002.20,14.00
2010-08-12,49766.39,2.18,382.85,0.00,29.67,18.13,2089.80,13.00
2010-08-13,49420.81,22.79,197.84,0.00,22.57,15.88,1799.97,22.00
2010-08-14,49420.81,0.00,272.97,0.00,22.14,15.27,1735.29,28.00
2010-08-15,49075.28,12.63,176.87,0.00,22.93,17.07,1940.74,27.00
2010-08-16,49075.21,12.69,145.14,0.00,21.83,17.17,1956.37,98.00
2010-08-17,49067.80,0.00,483.72,0.00,27.97,12.05,1405.13,79.00
2010-08-18,48729.59,0.00,457.90,0.00,26.71,12.55,1450.69,47.00
2010-08-19,48729.59,0.00,407.93,0.00,25.07,13.52,1551.05,31.00
2010-08-20,48383.99,0.00,435.35,0.00,27.21,13.89,1590.48,24.00
2010-08-21,48383.99,0.01,453.05,0.00,25.95,11.88,1390.27,20.00
2010-08-22,48038.40,31.95,288.33,0.00,24.59,13.80,1580.40,193.00
2010-08-23,48038.40,8.14,197.35,0.00,22.46,15.78,1786.07,267.00
2010-08-24,47692.79,3.82,203.31,0.00,20.21,13.60,1559.08,171.00
2010-08-25,47692.79,0.00,229.51,0.00,19.44,13.99,1600.11,129.00
2010-08-26,47347.27,0.00,309.89,0.00,20.31,12.79,1466.51,103.00
2010-08-27,47347.20,0.00,471.25,0.00,21.66,7.61,1048.95,81.00
2010-08-28,47156.81,0.00,473.08,0.00,22.20,7.69,1054.94,61.00
2010-08-29,47001.60,0.00,481.07,0.00,25.36,9.32,1185.52,45.00
2010-08-30,46994.19,0.00,484.25,0.00,29.17,11.26,1340.90,32.00
2010-08-31,46655.99,0.00,472.45,0.00,29.55,12.36,1432.39,25.00
2010-09-01,46655.99,0.00,431.39,0.00,29.63,15.15,1730.98,22.00
2010-09-02,46310.38,0.00,418.59,0.00,29.65,15.63,1770.54,20.00
2010-09-03,46310.38,0.00,405.97,0.00,29.53,15.97,1802.63,18.00
2010-09-04,45964.79,0.00,453.25,0.00,29.03,12.13,1410.51,17.00
2010-09-05,45964.79,0.00,356.75,0.00,16.91,6.92,993.78,16.00
2010-09-06,45619.20,0.00,418.96,0.00,18.50,5.59,916.01,14.00
2010-09-07,45619.20,0.00,438.41,0.00,23.01,8.12,1089.92,13.00
2010-09-08,45273.61,0.00,397.56,0.00,28.29,14.73,1674.22,13.00
2010-09-09,45273.61,0.00,361.41,0.00,20.29,9.59,1207.43,11.00
2010-09-10,44928.00,0.00,207.49,0.00,16.34,10.88,1310.49,11.00
2010-09-11,44928.00,0.00,403.81,0.00,17.32,4.96,873.65,11.00
2010-09-12,44582.39,2.99,331.74,0.00,21.50,6.48,966.36,11.00
2010-09-13,44582.39,0.00,226.55,0.00,16.38,10.12,1249.75,12.00
2010-09-14,44236.80,0.00,439.32,0.00,23.24,6.66,972.67,11.00
2010-09-15,44236.80,0.00,409.38,0.00,19.42,5.14,886.19,10.00
2010-09-16,43891.20,0.24,402.36,0.00,19.66,5.40,903.58,11.00
2010-09-17,43891.20,7.28,197.41,0.00,16.59,8.83,1146.55,14.00
2010-09-18,43545.59,0.00,220.12,0.00,14.16,7.91,1072.85,14.00
2010-09-19,43545.59,1.69,326.49,0.00,20.12,8.64,1131.05,13.00
2010-09-20,43200.02,1.08,417.45,0.00,22.84,6.01,933.22,13.00
2010-09-21,43200.02,0.00,409.98,0.00,17.45,2.60,735.45,12.00
2010-09-22,42854.41,0.06,439.34,0.00,21.65,2.59,739.38,11.00
2010-09-23,42854.41,0.00,358.78,0.00,26.39,12.54,1443.38,15.00
2010-09-24,42508.79,0.00,296.36,0.00,24.52,13.82,1584.26,16.00
2010-09-25,42508.79,0.00,327.45,0.00,27.63,14.75,1677.72,14.00
2010-09-26,42163.20,0.00,381.95,0.00,22.75,7.11,1008.98,12.00
2010-09-27,42163.20,6.33,245.22,0.00,17.25,7.64,1051.40,14.00
2010-09-28,41817.59,22.49,163.60,0.00,18.50,11.19,1335.27,88.00
2010-09-29,41817.59,10.05,257.19,0.00,23.02,9.81,1225.04,172.00
2010-09-30,41472.02,38.22,165.83,0.00,17.50,10.28,1262.01,1190.00
2010-10-01,41472.02,78.91,165.07,0.00,18.69,11.50,1360.00,2990.00
2010-10-02,41126.39,0.00,369.76,0.00,16.69,2.65,738.68,893.00
2010-10-03,41126.39,0.00,354.14,0.00,14.97,1.95,707.03,509.00
2010-10-04,40780.78,7.34,237.19,0.00,14.76,3.79,805.86,382.00
2010-10-05,40780.78,10.28,53.90,0.00,6.88,5.12,882.71,406.00
2010-10-06,40435.20,13.79,72.60,0.00,9.11,6.44,960.54,625.00
2010-10-07,40435.20,9.57,144.31,0.00,12.91,7.13,1010.69,602.00
2010-10-08,40089.59,0.00,357.56,0.00,17.84,4.23,818.31,452.00
2010-10-09,40089.59,0.00,376.61,0.00,21.04,4.67,853.68,365.00
2010-10-10,39744.00,0.00,391.03,0.00,18.12,-0.42,595.73,304.00
2010-10-11,39744.00,0.04,389.17,0.00,21.05,1.03,657.91,262.00
2010-10-12,39405.81,17.46,253.99,0.00,23.02,8.20,1095.73,510.00
2010-10-13,39398.39,0.00,368.65,0.00,16.98,-0.35,597.03,356.00
2010-10-14,39243.18,0.62,343.65,0.00,15.35,-0.32,598.90,286.00
2010-10-15,39052.80,3.15,158.62,0.00,8.64,1.34,668.23,268.00
2010-10-16,39052.80,1.84,200.73,0.00,10.00,3.10,767.58,235.00
2010-10-17,38707.19,0.00,308.97,0.00,13.53,0.99,640.00,197.00
2010-10-18,38707.19,0.00,334.87,0.00,16.99,1.57,685.38,172.00
2010-10-19,38361.61,0.00,206.60,0.00,10.41,2.85,748.04,164.00
2010-10-20,38361.61,0.00,289.07,0.00,11.26,-0.33,598.34,157.00
2010-10-21,38015.99,1.30,311.57,0.00,13.27,-0.18,604.09,151.00
2010-10-22,38015.99,2.14,215.11,0.00,10.79,1.05,646.84,147.00
2010-10-23,37670.39,0.00,275.54,0.00,9.70,-1.18,560.00,139.00
2010-10-24,37670.39,0.82,329.67,0.00,16.51,0.08,612.69,135.00
2010-10-25,37390.68,0.01,282.84,0.00,17.82,5.33,893.31,131.00
2010-10-26,37324.80,12.96,188.47,0.00,19.57,8.86,1148.64,161.00
2010-10-27,37324.73,13.11,158.82,0.00,18.83,10.14,1251.35,301.00
2010-10-28,36979.21,0.00,266.94,0.00,18.60,6.59,967.49,261.00
2010-10-29,36979.21,2.61,239.01,0.00,16.74,4.29,822.96,215.00
2010-10-30,36633.62,0.00,247.22,0.00,9.22,-1.15,562.72,195.00
2010-10-31,36633.62,0.00,230.44,0.00,9.28,-0.36,598.28,185.00
2010-11-01,36295.40,0.00,222.27,0.00,7.00,-2.08,526.77,172.00
2010-11-02,36287.99,0.00,216.51,0.00,3.90,-4.85,438.15,165.00
2010-11-03,36287.99,0.00,274.54,0.00,7.26,-5.47,409.24,162.00
2010-11-04,35942.39,7.94,213.47,0.00,9.40,-4.50,441.52,173.00
2010-11-05,35942.39,10.05,62.95,0.00,5.63,2.39,727.63,259.00
2010-11-06,35604.21,1.57,158.56,0.00,6.82,-0.39,596.60,221.00
2010-11-07,35596.80,0.23,237.04,0.00,5.04,-5.57,407.34,187.00
2010-11-08,35596.80,0.00,224.05,0.00,4.44,-5.30,414.30,173.00
2010-11-09,35251.20,0.00,185.89,0.00,7.23,-0.55,588.18,169.00
2010-11-10,35251.20,0.00,168.30,0.00,7.41,0.51,631.92,166.00
2010-11-11,35207.35,0.00,278.85,0.00,12.54,-2.95,485.44,162.00
2010-11-12,34905.62,0.00,286.27,0.00,13.34,-4.00,440.39,156.00
2010-11-13,34905.62,0.00,293.81,0.00,15.98,-5.21,425.03,153.00
2010-11-14,34625.88,0.00,282.11,0.00,15.50,-3.28,480.02,149.00
2010-11-15,34559.98,0.00,244.70,0.00,14.40,0.83,640.67,147.00
2010-11-16,34559.98,7.87,135.01,0.00,10.12,3.29,778.80,149.00
2010-11-17,34280.28,27.73,116.67,0.00,11.65,4.50,839.72,1510.00
2010-11-18,34214.41,0.71,149.35,0.00,7.75,1.03,652.10,926.00
2010-11-19,34214.41,0.72,180.83,0.00,7.05,-1.48,552.54,729.00
2010-11-20,34059.20,0.00,166.57,0.00,5.20,-2.38,520.00,614.00
2010-11-21,33868.82,0.00,241.33,0.00,9.74,-3.78,456.18,533.00
2010-11-22,33868.82,0.00,196.04,0.00,7.08,-2.48,510.06,479.00
2010-11-23,33868.82,0.00,189.38,0.00,12.78,3.40,784.15,445.00
2010-11-24,33530.62,0.00,244.53,0.00,14.33,-0.87,575.06,411.00
2010-11-25,33523.21,0.65,127.36,0.00,4.15,-1.59,546.01,400.00
2010-11-26,33523.21,15.54,81.22,0.00,2.79,-1.95,532.01,625.00
2010-11-27,33523.14,0.00,169.11,0.00,3.76,-4.03,454.27,550.00
2010-11-28,33185.02,0.00,92.68,0.00,0.22,-3.68,464.33,474.00
2010-11-29,33177.61,0.00,184.53,0.00,2.51,-6.19,385.02,437.00
2010-11-30,33177.61,0.15,217.98,0.00,6.01,-5.55,406.56,658.00
2010-12-01,33177.61,47.90,127.81,0.00,13.06,4.59,846.99,6310.00
2010-12-02,33022.39,32.78,191.82,0.00,11.25,-5.38,412.77,2750.00
2010-12-03,32831.99,0.00,150.89,0.00,-1.36,-7.91,336.16,1390.00
2010-12-04,32831.99,0.13,141.72,0.00,-0.80,-6.82,365.88,941.00
2010-12-05,32831.99,0.00,154.40,0.00,-1.00,-7.72,340.65,714.00
2010-12-06,32831.99,0.00,107.99,0.00,-2.52,-7.00,360.87,580.00
2010-12-07,32831.92,0.29,83.19,0.00,-2.76,-6.10,384.70,495.00
2010-12-08,32676.78,1.31,151.76,0.00,-2.46,-8.38,324.06,422.00
2010-12-09,32493.81,1.75,220.07,0.00,-3.72,-14.32,203.43,362.00
2010-12-10,32486.40,0.01,215.44,0.00,-4.49,-13.94,205.46,314.00
2010-12-11,32486.40,0.00,121.59,0.00,-3.63,-8.29,320.00,306.00
2010-12-12,32486.40,11.15,172.63,0.00,3.74,-6.65,365.82,513.00
2010-12-13,32486.40,11.67,185.85,0.00,7.13,-4.54,440.00,664.00
2010-12-14,32486.40,0.00,235.97,0.00,-3.24,-13.29,217.97,454.00
2010-12-15,32486.40,0.15,150.24,0.00,-7.76,-12.94,225.91,405.00
2010-12-16,32486.40,0.76,146.21,0.00,-5.76,-10.80,270.02,377.00
2010-12-17,32486.40,0.19,188.08,0.00,-5.35,-12.22,240.73,339.00
2010-12-18,32486.33,0.00,167.27,0.00,-3.31,-9.26,297.56,324.00
2010-12-19,32486.33,0.00,249.73,0.00,-1.86,-13.13,225.10,284.00
2010-12-20,32486.33,0.00,241.30,0.00,-1.81,-12.32,240.29,276.00
2010-12-21,32486.33,0.00,127.91,0.00,-2.29,-6.64,370.91,255.00
2010-12-22,32486.33,0.00,159.82,0.00,-1.42,-6.95,363.32,236.00
2010-12-23,32486.33,0.00,170.66,0.00,-1.14,-7.06,360.07,219.00
2010-12-24,32486.40,0.00,88.98,0.00,-3.17,-5.93,391.72,205.00
2010-12-25,32486.40,0.00,155.82,0.00,-2.17,-7.22,353.75,191.00
2010-12-26,32486.40,1.94,171.62,0.00,-3.19,-9.54,294.11,182.00
2010-12-27,32486.40,0.90,131.95,0.00,-7.75,-11.86,248.25,165.00
2010-12-28,32486.40,0.00,198.48,0.00,-4.50,-11.27,258.85,164.00
2010-12-29,32486.40,0.00,183.63,0.00,-0.00,-6.16,385.94,162.00
2010-12-30,32486.40,0.00,261.67,0.00,1.03,-10.53,280.00,145.00
2010-12-31,32486.40,0.00,270.55,0.00,2.62,-10.58,278.45,142.00
2011-01-01,32486.40,0.00,212.73,0.00,6.84,-3.36,480.04,141.00
2011-01-02,32552.27,1.76,203.36,0.00,8.80,-0.96,565.47,152.00
2011-01-03,32788.14,0.00,242.15,0.00,4.64,-9.46,296.37,143.00
2011-01-04,32831.99,0.00,178.30,0.00,-2.07,-9.61,289.72,126.00
2011-01-05,32831.99,1.97,230.50,0.00,2.22,-7.82,340.25,127.00
2011-01-06,32831.99,0.00,255.18,0.00,-2.42,-14.09,204.22,105.00
2011-01-07,32831.99,3.57,173.88,0.00,-4.87,-14.18,205.19,117.00
2011-01-08,32897.87,2.12,205.34,0.00,-4.58,-13.04,225.51,105.00
2011-01-09,33177.54,2.73,121.51,0.00,-6.43,-11.50,252.14,103.00
2011-01-10,33177.61,0.00,212.99,0.00,-5.06,-13.03,225.26,88.00
2011-01-11,33177.61,0.00,245.12,0.00,-2.40,-12.32,239.88,99.00
2011-01-12,33177.61,5.82,121.52,0.00,-3.48,-9.03,305.75,101.00
2011-01-13,33367.98,1.04,140.74,0.00,-6.91,-11.58,249.91,91.00
2011-01-14,33523.21,0.00,173.94,0.00,-6.52,-12.41,240.34,81.00
2011-01-15,33523.21,0.00,228.27,0.00,-4.81,-13.18,222.27,85.00
2011-01-16,33523.21,0.91,239.42,0.00,-2.17,-11.05,265.77,87.00
2011-01-17,33713.60,0.00,259.62,0.00,-3.64,-13.66,209.75,82.00
2011-01-18,33868.82,4.30,198.42,0.00,-3.75,-14.06,208.58,82.00
2011-01-19,33868.82,5.47,104.17,0.00,0.19,-4.26,444.18,85.00
2011-01-20,33876.23,0.11,266.82,0.00,0.13,-10.18,281.70,83.00
2011-01-21,34214.41,6.12,167.69,0.00,-4.67,-12.16,240.02,80.00
2011-01-22,34214.41,0.00,314.82,0.00,-7.15,-21.35,119.41,68.00
2011-01-23,34214.41,0.00,298.21,0.00,-9.07,-20.78,120.00,65.00
2011-01-24,34559.92,0.00,330.98,0.00,-8.86,-25.21,80.00,65.00
2011-01-25,34559.98,0.01,331.89,0.00,-8.01,-23.95,87.86,75.00
2011-01-26,34559.98,0.00,193.21,0.00,-2.51,-8.39,324.09,75.00
2011-01-27,34905.62,1.15,209.92,0.00,0.12,-6.36,380.43,75.00
2011-01-28,34905.62,2.06,143.36,0.00,-2.58,-6.83,364.71,73.00
2011-01-29,34905.62,0.34,187.51,0.00,-2.50,-8.05,331.51,71.00
2011-01-30,35251.20,2.39,112.85,0.00,-3.73,-7.18,360.00,71.00
2011-01-31,35251.20,0.00,345.43,0.00,-0.92,-15.88,169.37,67.00
2011-02-01,35317.09,6.17,232.93,0.00,-5.80,-16.52,168.83,69.00
2011-02-02,35596.80,16.95,160.81,0.00,-1.19,-7.18,358.48,77.00
2011-02-03,35596.80,3.10,282.20,0.00,1.36,-11.27,256.71,79.00
2011-02-04,35942.39,0.00,346.14,0.00,-2.80,-15.29,200.00,71.00
2011-02-05,35942.39,0.00,350.29,0.00,-0.41,-13.04,235.85,77.00
2011-02-06,35949.80,10.68,179.12,0.00,1.06,-5.56,405.11,100.00
2011-02-07,36287.99,0.00,167.96,0.00,0.10,-4.24,445.94,94.00
2011-02-08,36287.99,6.54,225.27,0.00,1.62,-7.13,359.94,94.00
2011-02-09,36633.62,0.00,356.18,0.00,-6.04,-17.58,160.00,69.00
2011-02-10,36633.62,0.00,360.05,0.00,-5.31,-16.91,160.34,75.00
2011-02-11,36823.99,0.00,351.13,0.00,-7.17,-18.16,160.00,74.00
2011-02-12,36979.21,0.00,365.25,0.00,-3.62,-15.64,185.77,67.00
2011-02-13,36979.21,0.58,326.57,0.00,-0.89,-10.69,280.00,67.00
2011-02-14,37324.80,0.00,377.47,0.00,5.85,-7.28,357.85,78.00
2011-02-15,37324.80,0.00,416.70,0.00,7.55,-11.00,264.34,85.00
2011-02-16,37670.39,0.00,340.81,0.00,-1.05,-11.35,257.37,84.00
2011-02-17,37670.39,0.00,358.88,0.00,7.43,-4.11,443.70,88.00
2011-02-18,38015.92,0.00,350.96,0.00,12.28,0.73,640.00,375.00
2011-02-19,38015.99,0.00,416.04,0.00,15.07,-2.60,506.44,623.00
2011-02-20,38081.87,6.09,206.91,0.00,-1.94,-9.10,305.51,372.00
2011-02-21,38361.61,23.30,241.18,0.00,0.46,-8.41,320.83,338.00
2011-02-22,38361.61,0.00,374.74,0.00,-5.04,-15.81,176.66,275.00
2011-02-23,38707.19,0.00,438.82,0.00,-4.22,-19.07,132.41,236.00
2011-02-24,38707.19,0.00,472.49,0.00,2.69,-17.96,156.03,236.00
2011-02-25,39052.80,18.69,258.71,0.00,2.44,-6.85,360.32,276.00
2011-02-26,39052.80,9.26,299.91,0.00,0.21,-11.27,257.82,270.00
2011-02-27,39398.39,4.68,267.12,0.00,-0.68,-10.06,284.67,248.00
2011-02-28,39398.39,14.66,213.04,0.00,3.96,-3.27,479.54,815.00
2011-03-01,39744.00,6.52,330.82,0.00,7.91,-6.15,384.81,936.00
2011-03-02,39744.00,0.00,338.98,0.00,2.51,-6.28,377.50,675.00
2011-03-03,40089.59,0.00,501.98,0.00,4.50,-14.52,201.67,536.00
2011-03-04,40089.59,0.00,389.78,0.00,-2.55,-13.07,222.93,468.00
2011-03-05,40435.20,0.00,369.64,0.00,4.66,-5.11,420.26,504.00
2011-03-06,40435.20,23.05,223.74,0.00,9.17,1.62,689.68,4230.00
2011-03-07,40780.78,34.82,352.74,0.00,6.28,-7.37,352.43,2310.00
2011-03-08,40780.78,0.00,437.71,0.00,0.55,-11.08,263.82,1290.00
2011-03-09,41126.39,0.00,454.15,0.00,2.71,-9.79,288.50,910.00
2011-03-10,41126.39,20.01,168.47,0.00,2.84,-2.34,516.63,2580.00
2011-03-11,41472.02,35.89,271.91,0.00,8.22,-0.70,582.33,7040.00
2011-03-12,41472.02,4.68,205.64,0.00,3.80,-2.41,513.77,2390.00
2011-03-13,41817.59,0.00,371.31,0.00,8.31,-0.53,588.26,1660.00
2011-03-14,41817.59,0.00,229.37,0.00,3.54,-1.38,560.00,1200.00
2011-03-15,42163.20,0.00,372.46,0.00,1.12,-7.24,356.25,960.00
2011-03-16,42163.20,4.09,364.74,0.00,5.54,-6.85,367.04,988.00
2011-03-17,42508.79,0.00,422.43,0.00,8.51,-1.21,561.43,1060.00
2011-03-18,42508.79,0.00,518.47,0.00,14.51,0.18,617.74,1470.00
2011-03-19,42854.41,0.00,557.45,0.00,18.03,-0.19,601.61,1660.00
2011-03-20,42854.41,0.00,397.16,0.00,2.89,-5.81,396.63,1160.00
2011-03-21,43200.02,12.33,392.32,0.00,8.53,-4.97,427.05,1290.00
2011-03-22,43200.02,1.35,470.91,0.00,11.44,0.16,616.76,1250.00
2011-03-23,43200.02,20.04,209.83,0.00,3.16,-2.44,512.34,1090.00
2011-03-24,43545.59,9.34,175.63,0.00,-0.11,-4.57,439.57,956.00
2011-03-25,43545.59,0.00,517.43,0.00,0.14,-11.67,251.43,814.00
2011-03-26,43891.20,0.00,533.87,0.00,-1.21,-13.26,220.16,707.00
2011-03-27,43891.20,0.00,511.96,0.00,-1.47,-12.53,234.75,645.00
2011-03-28,44236.80,0.00,524.82,0.00,-0.18,-11.66,251.84,596.00
2011-03-29,44236.80,0.00,552.57,0.00,1.95,-10.82,268.87,561.00
2011-03-30,44582.39,0.00,570.00,0.00,4.65,-9.26,299.85,552.00
2011-03-31,44582.39,4.27,437.19,0.00,7.96,-7.00,361.13,577.00
2011-04-01,44928.00,3.68,121.58,0.00,1.39,-1.40,555.29,582.00
2011-04-02,44928.00,1.27,423.36,0.00,3.99,-4.01,449.86,599.00
2011-04-03,45273.61,0.00,513.65,0.00,7.65,-2.96,491.96,597.00
2011-04-04,45273.61,10.14,361.94,0.00,9.50,-0.21,602.58,758.00
2011-04-05,45619.20,25.53,368.44,0.00,13.79,3.53,800.00,2770.00
2011-04-06,45619.20,8.23,325.74,0.00,4.42,-3.64,466.28,1920.00
2011-04-07,45964.79,13.37,306.66,0.00,3.61,-3.69,468.75,1680.00
2011-04-08,45964.79,0.00,374.61,0.00,5.64,-0.85,574.24,1360.00
2011-04-09,46310.38,3.41,291.82,0.00,5.74,-0.60,585.87,1180.00
2011-04-10,46310.38,0.00,316.88,0.00,7.43,2.09,711.51,1020.00
2011-04-11,46655.99,0.00,486.01,0.00,14.14,4.73,859.44,959.00
2011-04-12,46655.99,0.17,609.26,0.00,23.51,6.10,940.13,880.00
2011-04-13,47001.60,13.22,288.08,0.00,11.12,4.13,821.48,1150.00
2011-04-14,47001.60,6.61,333.73,0.00,9.08,0.72,642.69,1020.00
2011-04-15,47347.20,0.00,636.95,0.00,18.13,-0.22,602.59,855.00
2011-04-16,47347.20,0.00,582.60,0.00,13.57,0.10,615.72,1450.00
2011-04-17,47692.79,31.49,262.64,0.00,8.13,1.95,703.66,3420.00
2011-04-18,47692.79,0.00,542.11,0.00,10.42,-0.54,590.52,1640.00
2011-04-19,48038.40,7.32,425.12,0.00,12.29,0.14,616.66,1300.00
2011-04-20,48038.40,7.93,349.88,0.00,10.31,1.70,691.11,1240.00
2011-04-21,48318.11,1.07,583.10,0.00,19.47,2.46,730.71,958.00
2011-04-22,48383.99,0.00,548.72,0.00,8.40,-2.78,498.14,819.00
2011-04-23,48384.06,18.11,267.76,0.00,5.48,-0.81,577.14,1110.00
2011-04-24,48729.59,2.94,390.06,0.00,12.61,3.09,766.18,1010.00
2011-04-25,48729.59,12.55,255.70,0.00,14.24,8.07,1085.58,1200.00
2011-04-26,49075.21,29.50,394.13,0.00,20.25,8.91,1152.82,4250.00
2011-04-27,49075.21,26.75,407.05,0.00,25.37,12.39,1431.07,4730.00
2011-04-28,49420.81,35.79,356.38,0.00,23.59,13.42,1546.96,7220.00
2011-04-29,49420.81,2.54,495.90,0.00,20.15,6.40,952.28,2740.00
2011-04-30,49576.01,2.51,377.28,0.00,11.41,3.67,796.49,1580.00
2011-05-01,49766.39,0.00,579.70,0.00,17.26,3.53,789.53,1120.00
2011-05-02,49766.39,3.98,264.86,0.00,15.31,8.64,1131.14,900.00
2011-05-03,50112.00,8.82,363.30,0.00,17.94,8.40,1112.04,941.00
2011-05-04,50112.00,26.97,416.78,0.00,16.55,3.66,796.37,2220.00
2011-05-05,50450.20,1.64,374.71,0.00,8.67,1.64,687.03,1430.00
2011-05-06,50457.60,0.00,550.46,0.00,14.48,1.91,711.98,1090.00
2011-05-07,50457.60,0.00,559.49,0.00,17.49,3.93,806.07,907.00
2011-05-08,50803.21,4.23,409.42,0.00,15.40,2.41,728.37,816.00
2011-05-09,50803.21,0.00,574.30,0.00,17.87,2.57,735.84,685.00
2011-05-10,51082.91,0.00,557.99,0.00,17.30,2.55,727.84,602.00
2011-05-11,51148.79,0.00,581.92,0.00,21.31,3.74,801.51,539.00
2011-05-12,51148.79,0.00,545.83,0.00,22.54,7.06,1004.68,488.00
2011-05-13,51494.41,0.00,511.19,0.00,25.14,10.51,1280.64,449.00
2011-05-14,51494.41,0.00,280.29,0.00,18.51,12.16,1417.06,427.00
2011-05-15,51494.41,6.10,110.05,0.00,15.47,12.44,1438.09,491.00
2011-05-16,51839.98,17.45,295.95,0.00,16.31,7.36,1028.75,659.00
2011-05-17,51839.98,3.94,237.00,0.00,14.07,7.27,1021.89,570.00
2011-05-18,51840.05,8.27,230.96,0.00,14.30,7.75,1060.81,651.00
2011-05-19,52185.59,11.68,274.13,0.00,18.66,10.50,1280.19,798.00
2011-05-20,52185.59,17.76,268.16,0.00,18.68,10.73,1298.31,1440.00
2011-05-21,52185.59,5.45,318.74,0.00,19.52,9.63,1210.77,1150.00
2011-05-22,52523.80,0.30,477.25,0.00,23.88,11.39,1350.94,881.00
2011-05-23,52531.21,2.96,293.67,0.00,21.23,13.44,1541.98,737.00
2011-05-24,52531.21,8.62,218.78,0.00,19.79,13.51,1549.07,662.00
2011-05-25,52686.43,0.00,482.61,0.00,22.39,9.84,1227.49,539.00
2011-05-26,52876.81,12.31,377.16,0.00,25.16,10.90,1313.60,589.00
2011-05-27,52876.81,24.08,364.84,0.00,28.10,14.07,1608.04,1030.00
2011-05-28,52876.81,21.65,277.00,0.00,22.89,14.25,1626.43,1480.00
2011-05-29,53032.03,0.00,345.70,0.00,23.62,15.70,1783.03,956.00
2011-05-30,53222.40,16.21,315.21,0.00,27.40,16.64,1887.41,1020.00
2011-05-31,53222.40,0.00,470.04,0.00,29.27,16.11,1826.01,742.00
2011-06-01,53222.40,0.00,462.82,0.00,30.91,17.52,2002.84,585.00
2011-06-02,53222.47,0.00,536.26,0.00,29.38,11.26,1340.72,461.00
2011-06-03,53502.11,0.00,495.24,0.00,18.84,5.85,927.16,371.00
2011-06-04,53567.98,0.00,511.07,0.00,21.26,6.89,991.33,307.00
2011-06-05,53567.98,2.83,359.54,0.00,19.34,8.69,1135.07,264.00
2011-06-06,53567.98,0.00,523.21,0.00,25.60,9.58,1206.66,216.00
2011-06-07,53567.98,0.00,470.64,0.00,24.63,11.72,1377.65,188.00
2011-06-08,53611.84,0.00,488.30,0.00,27.88,13.54,1555.25,171.00
2011-06-09,53847.71,0.00,486.66,0.00,31.23,16.10,1826.69,145.00
2011-06-10,53913.61,5.48,373.57,0.00,30.60,14.91,1695.13,139.00
2011-06-11,53913.61,0.69,391.10,0.00,25.55,15.59,1771.39,130.00
2011-06-12,53913.61,0.00,372.98,0.00,25.79,16.68,1892.76,135.00
2011-06-13,53913.61,0.00,545.57,0.00,26.26,8.31,1104.99,113.00
2011-06-14,53913.61,3.16,330.35,0.00,20.67,9.56,1204.51,105.00
2011-06-15,53913.61,2.00,450.47,0.00,17.46,6.00,935.52,103.00
2011-06-16,53913.61,0.00,526.46,0.00,25.45,8.68,1134.42,100.00
2011-06-17,53913.61,4.49,247.16,0.00,20.19,12.13,1412.01,98.00
2011-06-18,53913.61,6.06,294.43,0.00,22.08,11.93,1396.86,99.00
2011-06-19,53913.67,0.00,441.48,0.00,24.43,12.16,1416.03,89.00
2011-06-20,53913.67,0.00,432.86,0.00,24.13,12.19,1417.38,67.00
2011-06-21,53913.67,4.49,314.45,0.00,25.33,13.74,1572.27,64.00
2011-06-22,53913.67,7.57,257.58,0.00,26.62,17.39,1985.95,66.00
2011-06-23,53913.67,4.57,262.94,0.00,25.61,18.19,2095.04,70.00
2011-06-24,53913.67,6.28,277.00,0.00,25.33,15.47,1758.59,71.00
2011-06-25,53913.61,4.86,234.74,0.00,22.37,14.59,1659.21,62.00
2011-06-26,53913.61,1.45,360.63,0.00,20.38,11.54,1363.32,58.00
2011-06-27,53913.61,0.00,264.03,0.00,20.22,13.97,1597.45,55.00
2011-06-28,53913.61,0.00,394.41,0.00,24.96,14.60,1662.55,50.00
2011-06-29,53913.61,3.11,385.70,0.00,26.39,12.68,1457.26,46.00
2011-06-30,53913.61,0.00,449.47,0.00,21.86,9.81,1225.11,43.00
2011-07-01,53913.61,0.00,514.57,0.00,24.51,8.69,1135.41,39.00
2011-07-02,53913.61,0.00,499.79,0.00,25.15,10.18,1254.71,37.00
2011-07-03,53906.19,15.00,318.91,0.00,27.43,15.51,1760.98,44.00
2011-07-04,53723.20,0.00,491.15,0.00,28.58,13.36,1529.87,40.00
2011-07-05,53568.05,0.00,506.40,0.00,27.21,11.21,1336.82,35.00
2011-07-06,53567.98,0.00,507.44,0.00,28.42,12.02,1403.14,33.00
2011-07-07,53567.98,5.86,408.09,0.00,29.80,14.92,1700.55,32.00
2011-07-08,53567.98,0.00,396.32,0.00,27.11,16.23,1834.91,29.00
2011-07-09,53567.98,8.74,311.64,0.00,25.18,13.95,1595.43,28.00
2011-07-10,53377.61,0.00,474.56,0.00,26.99,12.99,1485.65,26.00
2011-07-11,53222.40,0.00,449.97,0.00,29.33,15.90,1796.90,25.00
2011-07-12,53222.40,0.00,412.53,0.00,29.62,17.67,2022.29,23.00
2011-07-13,53222.40,1.00,482.52,0.00,31.14,15.52,1761.03,22.00
2011-07-14,53214.98,0.00,503.14,0.00,27.01,11.06,1324.90,21.00
2011-07-15,52876.88,0.00,499.74,0.00,26.25,10.54,1283.27,19.00
2011-07-16,52876.81,0.00,502.42,0.00,27.91,11.62,1369.33,18.00
2011-07-17,52876.81,0.00,460.82,0.00,28.75,14.40,1631.84,17.00
2011-07-18,52869.40,0.00,434.24,0.00,30.56,17.00,1920.45,18.00
2011-07-19,52531.21,16.03,316.45,0.00,30.80,17.69,2026.93,33.00
2011-07-20,52531.21,0.27,400.54,0.00,30.29,17.96,2067.99,32.00
2011-07-21,52531.21,0.00,406.08,0.00,31.93,19.18,2228.42,25.00
2011-07-22,52340.82,0.00,403.29,0.00,34.47,21.15,2503.83,21.00
2011-07-23,52185.59,0.00,406.40,0.00,36.18,22.09,2654.38,18.00
2011-07-24,52185.59,0.00,337.65,0.00,31.95,21.53,2564.92,18.00
2011-07-25,52119.70,0.16,391.65,0.00,30.93,18.54,2135.50,21.00
2011-07-26,51839.98,10.08,310.09,0.00,28.08,15.17,1725.56,25.00
2011-07-27,51839.98,0.00,485.82,0.00,29.30,12.09,1408.67,23.00
2011-07-28,51774.12,0.00,418.89,0.00,27.20,13.80,1580.47,21.00
2011-07-29,51494.41,7.34,141.34,0.00,23.13,17.87,2054.28,26.00
2011-07-30,51494.41,0.00,396.26,0.00,29.20,16.61,1885.91,24.00
2011-07-31,51304.00,0.00,468.46,0.00,30.04,13.70,1572.56,22.00
2011-08-01,51148.79,4.49,318.52,0.00,28.02,14.71,1673.07,23.00
2011-08-02,51148.79,14.00,357.75,0.00,30.45,13.18,1514.01,24.00
2011-08-03,50803.21,0.00,452.37,0.00,29.91,14.24,1625.98,28.00
2011-08-04,50803.21,10.01,167.03,0.00,22.92,16.73,1899.28,29.00
2011-08-05,50795.79,0.01,230.77,0.00,22.11,15.86,1800.09,28.00
2011-08-06,50457.60,13.07,215.81,0.00,24.70,16.83,1911.47,35.00
2011-08-07,50457.60,20.55,104.46,0.00,21.73,18.17,2092.59,65.00
2011-08-08,50112.00,7.08,256.15,0.00,27.66,17.79,2039.07,52.00
2011-08-09,50112.00,0.17,358.76,0.00,27.36,16.89,1918.93,49.00
2011-08-10,50104.59,5.35,240.87,0.00,24.78,15.99,1804.07,49.00
2011-08-11,49766.39,2.43,411.50,0.00,24.95,10.46,1276.44,41.00
2011-08-12,49766.39,0.00,473.93,0.00,23.45,8.63,1130.08,33.00
2011-08-13,49420.81,0.00,484.87,0.00,25.85,9.75,1219.95,29.00
2011-08-14,49420.81,0.00,349.60,0.00,23.53,13.99,1601.23,28.00
2011-08-15,49075.28,14.00,170.26,0.00,21.13,15.44,1754.39,33.00
2011-08-16,49075.21,10.07,150.90,0.00,21.06,16.13,1823.01,36.00
2011-08-17,49067.80,1.16,438.00,0.00,25.39,11.21,1337.05,41.00
2011-08-18,48729.59,0.00,462.53,0.00,26.47,12.01,1403.58,33.00
2011-08-19,48729.59,0.00,436.90,0.00,27.08,13.78,1580.64,30.00
2011-08-20,48383.99,6.67,339.17,0.00,26.79,12.54,1450.74,49.00
2011-08-21,48383.99,0.00,434.32,0.00,27.81,14.30,1631.35,37.00
2011-08-22,48038.40,7.96,332.98,0.00,24.40,10.92,1313.33,32.00
2011-08-23,48038.40,0.00,451.27,0.00,21.45,7.93,1074.49,27.00
2011-08-24,47692.79,0.00,461.60,0.00,23.10,8.58,1126.28,24.00
2011-08-25,47692.79,10.15,262.88,0.00,23.70,13.98,1598.74,34.00
2011-08-26,47347.27,10.91,288.56,0.00,23.58,12.73,1467.52,46.00
2011-08-27,47347.20,0.02,400.90,0.00,24.95,13.27,1522.19,39.00
2011-08-28,47156.81,28.93,233.00,0.00,24.88,16.33,1853.35,141.00
2011-08-29,47001.60,17.20,302.06,0.00,18.05,6.87,989.78,235.00
2011-08-30,46994.19,0.00,455.31,0.00,21.38,7.25,1020.35,132.00
2011-08-31,46655.99,0.00,452.55,0.00,23.96,9.38,1190.59,78.00
2011-09-01,46655.99,0.00,433.31,0.00,24.11,10.67,1293.52,61.00
2011-09-02,46310.38,2.91,278.59,0.00,23.59,14.48,1649.42,56.00
2011-09-03,46310.38,0.00,224.66,0.00,22.77,16.92,1922.68,51.00
2011-09-04,45964.79,0.00,349.64,0.00,29.04,18.41,2118.64,48.00
2011-09-05,45964.79,17.63,253.95,0.00,28.00,17.83,2053.04,123.00
2011-09-06,45619.20,35.14,188.36,0.00,18.98,12.40,1436.50,435.00
2011-09-07,45619.20,57.98,63.18,0.00,13.94,12.22,1420.39,4830.00
2011-09-08,45273.61,106.43,113.75,0.00,16.22,12.56,1452.40,10900.00
2011-09-09,45273.61,1.26,188.49,0.00,20.05,14.98,1705.89,2240.00
2011-09-10,44928.00,0.21,299.20,0.00,22.14,14.16,1616.98,1150.00
2011-09-11,44928.00,0.00,370.10,0.00,22.88,12.40,1432.12,745.00
2011-09-12,44582.39,5.09,258.15,0.00,22.30,12.95,1482.52,567.00
2011-09-13,44582.39,0.00,329.76,0.00,22.45,13.53,1558.45,431.00
2011-09-14,44236.80,0.00,351.71,0.00,24.08,13.99,1599.20,340.00
2011-09-15,44236.80,7.57,299.81,0.00,23.56,10.93,1314.74,305.00
2011-09-16,43891.20,6.16,277.00,0.00,11.62,1.69,689.37,324.00
2011-09-17,43891.20,0.00,409.18,0.00,13.97,2.06,709.88,251.00
2011-09-18,43545.59,0.00,407.85,0.00,15.67,3.57,791.46,209.00
2011-09-19,43545.59,0.00,428.82,0.00,17.13,3.35,778.65,179.00
2011-09-20,43200.02,4.19,273.60,0.00,15.76,5.54,909.32,173.00
2011-09-21,43200.02,0.00,270.07,0.00,18.67,11.65,1372.50,184.00
2011-09-22,42854.41,6.90,144.48,0.00,19.52,14.67,1669.70,180.00
2011-09-23,42854.41,4.56,218.91,0.00,22.34,14.53,1655.06,174.00
2011-09-24,42508.79,13.02,139.80,0.00,19.29,14.71,1673.69,184.00
2011-09-25,42508.79,0.00,284.12,0.00,20.58,13.21,1514.60,193.00
2011-09-26,42163.20,0.00,362.39,0.00,24.95,13.85,1585.32,163.00
2011-09-27,42163.20,0.00,322.47,0.00,24.81,15.46,1755.76,402.00
2011-09-28,41817.59,50.02,118.75,0.00,19.63,15.75,1786.08,4360.00
2011-09-29,41817.59,25.97,224.17,0.00,20.76,12.87,1469.89,3600.00
2011-09-30,41472.02,8.95,221.24,0.00,16.47,9.13,1170.37,1940.00
2011-10-01,41472.02,0.05,299.78,0.00,15.36,8.00,1079.88,1210.00
2011-10-02,41126.39,15.31,228.66,0.00,9.68,2.40,728.71,1180.00
2011-10-03,41126.39,10.73,153.70,0.00,7.60,3.08,765.72,1300.00
2011-10-04,40780.78,5.18,168.72,0.00,10.25,5.19,886.66,1150.00
2011-10-05,40780.78,0.00,352.12,0.00,15.25,5.61,914.14,899.00
2011-10-06,40435.20,0.00,421.03,0.00,18.58,0.00,610.45,698.00
2011-10-07,40435.20,0.00,413.94,0.00,17.54,-0.16,604.69,562.00
2011-10-08,40089.59,0.00,405.49,0.00,20.75,2.44,728.67,461.00
2011-10-09,40089.59,0.00,392.64,0.00,23.71,5.68,919.77,392.00
2011-10-10,39744.00,0.00,383.38,0.00,25.86,7.63,1050.60,332.00
2011-10-11,39744.00,0.00,365.30,0.00,23.62,7.99,1079.42,294.00
2011-10-12,39405.81,4.05,255.30,0.00,21.96,8.73,1138.04,268.00
2011-10-13,39398.39,14.38,108.90,0.00,13.89,9.56,1204.79,498.00
2011-10-14,39243.18,18.52,127.72,0.00,16.42,11.21,1336.79,1520.00
2011-10-15,39052.80,15.28,231.99,0.00,16.83,5.91,928.91,2130.00
2011-10-16,39052.80,2.88,162.53,0.00,11.34,5.58,910.35,1210.00
2011-10-17,38707.19,5.97,216.73,0.00,13.97,4.24,820.01,944.00
2011-10-18,38707.19,0.00,309.00,0.00,15.39,4.31,824.86,708.00
2011-10-19,38361.61,0.00,264.14,0.00,15.44,6.74,978.90,585.00
2011-10-20,38361.61,20.10,170.78,0.00,16.04,8.74,1139.30,1580.00
2011-10-21,38015.99,0.95,173.03,0.00,10.14,4.77,859.70,1040.00
2011-10-22,38015.99,0.00,115.08,0.00,7.55,4.24,821.62,812.00
2011-10-23,37670.39,0.00,249.08,0.00,7.94,-0.03,607.68,664.00
2011-10-24,37670.39,0.00,318.41,0.00,12.76,0.07,614.72,550.00
2011-10-25,37390.68,1.28,255.03,0.00,13.35,2.81,746.65,467.00
2011-10-26,37324.80,1.63,287.78,0.00,14.24,2.66,740.76,405.00
2011-10-27,37324.73,8.78,182.04,0.00,13.26,4.59,847.57,434.00
2011-10-28,36979.21,8.73,186.02,0.00,4.80,-3.93,455.27,461.00
2011-10-29,36979.21,4.42,200.92,0.00,5.87,-4.16,451.68,395.00
2011-10-30,36633.62,9.26,89.99,0.00,1.19,-2.63,504.94,390.00
2011-10-31,36633.62,0.00,258.62,0.00,6.24,-3.49,471.83,385.00
2011-11-01,36295.40,0.00,237.94,0.00,6.86,-2.03,520.00,351.00
2011-11-02,36287.99,0.00,270.46,0.00,10.49,-0.93,565.49,325.00
2011-11-03,36287.99,0.00,282.83,0.00,13.17,0.07,605.36,307.00
2011-11-04,35942.39,0.00,245.32,0.00,12.87,2.47,720.00,289.00
2011-11-05,35942.39,0.00,280.43,0.00,7.76,-4.98,433.73,263.00
2011-11-06,35604.21,0.00,287.78,0.00,8.76,-5.00,440.00,242.00
2011-11-07,35596.80,0.00,272.54,0.00,10.19,-2.32,519.94,224.00
2011-11-08,35596.80,0.00,291.76,0.00,16.04,0.13,610.41,209.00
2011-11-09,35251.20,0.00,289.98,0.00,18.71,2.07,717.08,196.00
2011-11-10,35251.20,1.00,268.09,0.00,16.65,3.31,782.04,185.00
2011-11-11,35207.35,0.00,231.08,0.00,8.16,-1.42,554.39,175.00
2011-11-12,34905.62,0.00,202.24,0.00,5.32,-2.79,497.04,163.00
2011-11-13,34905.62,0.00,260.79,0.00,11.63,-1.37,556.38,151.00
2011-11-14,34625.88,0.00,209.17,0.00,14.25,4.98,878.33,143.00
2011-11-15,34559.98,12.65,100.43,0.00,13.87,8.33,1106.07,191.00
2011-11-16,34559.98,5.32,88.40,0.00,11.34,6.61,969.02,191.00
2011-11-17,34280.28,7.31,181.71,0.00,10.93,-1.06,567.01,195.00
2011-11-18,34214.41,0.45,178.07,0.00,2.62,-4.65,439.77,171.00
2011-11-19,34214.41,0.00,188.32,0.00,2.99,-4.93,428.17,151.00
2011-11-20,34059.20,0.00,197.24,0.00,8.22,-0.60,586.62,142.00
2011-11-21,33868.82,0.00,227.37,0.00,14.09,2.19,718.61,136.00
2011-11-22,33868.82,0.00,152.41,0.00,4.72,-1.84,536.13,146.00
2011-11-23,33868.82,27.72,132.05,0.00,7.47,-0.43,593.22,1310.00
2011-11-24,33530.62,3.43,162.81,0.00,8.07,-2.75,499.94,857.00
2011-11-25,33523.21,0.00,198.07,0.00,8.34,-1.17,560.00,664.00
2011-11-26,33523.21,0.00,228.83,0.00,11.94,-0.68,585.64,545.00
2011-11-27,33523.14,0.00,210.10,0.00,13.32,2.17,718.40,464.00
2011-11-28,33185.02,0.00,163.73,0.00,13.70,5.74,919.62,405.00
2011-11-29,33177.61,5.34,122.78,0.00,16.12,8.96,1156.66,459.00
2011-11-30,33177.61,20.14,173.26,0.00,15.21,0.56,632.58,824.00
2011-12-01,33177.61,0.74,143.83,0.00,3.29,-3.72,462.96,569.00
2011-12-02,33022.39,0.00,211.89,0.00,7.63,-4.00,440.18,496.00
2011-12-03,32831.99,0.00,194.81,0.00,3.79,-6.16,382.50,440.00
2011-12-04,32831.99,0.00,196.29,0.00,4.89,-5.30,414.36,397.00
2011-12-05,32831.99,0.00,181.69,0.00,8.45,-0.79,581.02,362.00
2011-12-06,32831.99,5.53,124.18,0.00,10.35,2.13,710.27,356.00
2011-12-07,32831.92,12.30,108.82,0.00,9.41,2.53,723.01,617.00
2011-12-08,32676.78,24.28,119.20,0.00,2.37,-4.73,434.18,806.00
2011-12-09,32493.81,0.00,140.82,0.00,1.66,-4.35,443.52,639.00
2011-12-10,32486.40,0.00,153.72,0.00,2.16,-4.38,442.80,563.00
2011-12-11,32486.40,0.00,198.81,0.00,-1.00,-10.24,281.92,479.00
2011-12-12,32486.40,0.00,191.88,0.00,-0.67,-9.54,287.05,419.00
2011-12-13,32486.40,0.00,209.41,0.00,2.36,-8.00,320.00,375.00
2011-12-14,32486.40,0.00,231.38,0.00,5.32,-8.07,328.23,347.00
2011-12-15,32486.40,1.00,132.70,0.00,4.80,-0.91,572.83,361.00
2011-12-16,32486.40,3.00,139.28,0.00,9.41,0.26,619.68,434.00
2011-12-17,32486.40,0.00,104.44,0.00,2.32,-2.00,527.47,362.00
2011-12-18,32486.33,0.00,197.34,0.00,-1.60,-10.96,266.49,326.00
2011-12-19,32486.33,0.00,191.51,0.00,-1.40,-10.36,278.88,307.00
2011-12-20,32486.33,0.75,160.24,0.00,3.78,-3.41,471.81,297.00
2011-12-21,32486.33,4.14,77.52,0.00,3.09,-0.74,580.82,339.00
2011-12-22,32486.33,14.43,97.70,0.00,7.52,2.00,706.54,534.00
2011-12-23,32486.33,17.14,99.48,0.00,6.82,1.21,656.79,989.00
2011-12-24,32486.40,0.38,183.98,0.00,2.88,-5.27,417.82,786.00
2011-12-25,32486.40,0.00,131.38,0.00,-0.97,-6.17,385.67,685.00
2011-12-26,32486.40,2.66,122.43,0.00,3.40,-2.50,515.66,594.00
2011-12-27,32486.40,0.00,143.22,0.00,2.04,-3.59,472.88,691.00
2011-12-28,32486.40,17.47,99.10,0.00,4.23,-0.86,572.97,1050.00
2011-12-29,32486.40,0.00,215.00,0.00,-0.50,-10.33,280.41,711.00
2011-12-30,32486.40,1.60,207.91,0.00,-0.64,-9.67,292.96,616.00
2011-12-31,32486.40,0.00,158.90,0.00,4.42,-1.44,559.08,549.00
2012-01-01,32486.40,0.75,162.77,0.00,5.74,-0.94,572.74,488.00
2012-01-02,32552.27,4.75,169.96,0.00,6.78,-3.17,482.77,461.00
2012-01-03,32788.14,2.50,189.07,0.00,-1.48,-10.25,280.00,389.00
2012-01-04,32831.99,0.00,248.07,0.00,-8.16,-18.89,136.80,297.00
2012-01-05,32831.99,0.00,254.30,0.00,-4.52,-15.80,178.77,293.00
2012-01-06,32831.99,0.00,179.04,0.00,1.16,-5.65,399.70,287.00
2012-01-07,32831.99,0.00,263.00,0.00,9.60,-3.44,476.85,266.00
2012-01-08,32897.87,0.00,261.75,0.00,9.89,-2.84,493.03,246.00
2012-01-09,33177.54,0.00,194.55,0.00,0.35,-7.00,360.06,217.00
2012-01-10,33177.61,0.00,231.78,0.00,2.16,-7.23,359.51,200.00
2012-01-11,33177.61,0.00,226.20,0.00,2.95,-6.10,391.61,186.00
2012-01-12,33177.61,17.34,194.48,0.00,5.01,-6.18,384.59,508.00
2012-01-13,33367.98,14.87,178.90,0.00,4.73,-4.75,436.81,1120.00
2012-01-14,33523.21,2.29,116.84,0.00,-4.53,-8.78,311.74,776.00
2012-01-15,33523.21,0.00,287.17,0.00,-4.29,-17.00,164.95,577.00
2012-01-16,33523.21,0.00,252.88,0.00,-7.39,-16.96,163.92,464.00
2012-01-17,33713.60,0.97,292.85,0.00,-0.24,-13.21,220.37,444.00
2012-01-18,33868.82,2.08,233.96,0.00,7.52,-3.45,479.94,429.00
2012-01-19,33868.82,0.17,257.48,0.00,-3.02,-12.55,238.91,354.00
2012-01-20,33876.23,3.18,190.32,0.00,-4.72,-13.88,207.14,322.00
2012-01-21,34214.41,9.20,157.31,0.00,-6.71,-13.56,214.64,298.00
2012-01-22,34214.41,0.69,283.05,0.00,-4.06,-14.66,200.00,268.00
2012-01-23,34214.41,0.46,310.52,0.00,-0.58,-13.49,213.88,262.00
2012-01-24,34559.92,2.84,121.77,0.00,4.47,-0.36,597.24,352.00
2012-01-25,34559.98,0.00,139.73,0.00,1.98,-2.27,518.88,324.00
2012-01-26,34559.98,3.77,98.12,0.00,1.30,-2.57,506.76,293.00
2012-01-27,34905.62,17.67,192.25,0.00,6.40,-2.39,514.41,1360.00
2012-01-28,34905.62,1.16,270.66,0.00,7.41,-1.99,521.69,1090.00
2012-01-29,34905.62,0.41,257.54,0.00,3.11,-5.43,411.63,815.00
2012-01-30,35251.20,1.93,279.99,0.00,2.18,-7.18,356.94,653.00
2012-01-31,35251.20,0.00,264.74,0.00,1.54,-6.99,361.21,542.00
2012-02-01,35317.09,0.00,337.56,0.00,11.49,-2.98,486.44,498.00
2012-02-02,35596.80,0.00,326.73,0.00,11.17,-1.86,534.75,470.00
2012-02-03,35596.80,0.00,149.69,0.00,0.22,-4.04,450.12,395.00
2012-02-04,35942.39,0.00,237.48,0.00,3.39,-3.65,463.92,356.00
2012-02-05,35942.39,0.00,268.16,0.00,2.73,-5.41,413.25,327.00
2012-02-06,35949.80,0.00,264.85,0.00,1.35,-6.50,360.00,296.00
2012-02-07,36287.99,0.00,353.17,0.00,8.34,-4.87,440.00,275.00
2012-02-08,36287.99,0.00,233.61,0.00,1.97,-4.46,441.89,252.00
2012-02-09,36633.62,2.30,245.44,0.00,-1.65,-8.98,307.82,230.00
2012-02-10,36633.62,0.00,343.30,0.00,3.11,-7.92,335.58,212.00
2012-02-11,36823.99,1.91,202.63,0.00,-0.23,-5.61,405.36,203.00
2012-02-12,36979.21,2.21,346.37,0.00,-1.48,-13.29,218.26,176.00
2012-02-13,36979.21,1.75,254.17,0.00,-4.16,-10.67,272.05,168.00
2012-02-14,37324.80,0.99,348.45,0.00,1.82,-8.42,322.72,164.00
2012-02-15,37324.80,0.90,280.61,0.00,3.37,-3.88,454.50,160.00
2012-02-16,37670.39,0.80,281.46,0.00,3.08,-4.20,440.00,157.00
2012-02-17,37670.39,6.27,79.94,0.00,1.28,-0.98,561.24,157.00
2012-02-18,38015.92,0.00,339.85,0.00,4.68,-4.17,441.91,159.00
2012-02-19,38015.99,1.25,256.84,0.00,2.26,-3.70,462.52,145.00
2012-02-20,38081.87,0.00,304.21,0.00,0.56,-6.56,373.30,131.00
2012-02-21,38361.61,0.00,361.43,0.00,2.23,-6.97,360.00,115.00
2012-02-22,38361.61,0.00,342.84,0.00,3.71,-4.56,440.47,121.00
2012-02-23,38707.19,2.24,333.98,0.00,8.69,-0.27,601.99,133.00
2012-02-24,38707.19,11.07,247.48,0.00,7.89,-0.06,603.58,181.00
2012-02-25,39052.80,5.78,174.72,0.00,2.57,-2.43,512.83,298.00
2012-02-26,39052.80,0.00,299.21,0.00,-0.09,-6.64,370.01,216.00
2012-02-27,39398.39,0.00,352.28,0.00,2.22,-6.01,399.48,195.00
2012-02-28,39398.39,0.00,427.86,0.00,8.92,-3.29,478.49,206.00
2012-02-29,39744.00,0.00,377.05,0.00,5.87,-3.17,484.44,211.00
2012-03-01,39744.00,16.74,138.45,0.00,1.93,-1.70,542.29,478.00
2012-03-02,40089.59,4.66,193.04,0.00,3.09,-2.06,520.00,499.00
2012-03-03,40089.59,5.33,267.97,0.00,5.81,-1.82,536.25,759.00
2012-03-04,40435.20,0.00,460.63,0.00,9.21,-4.15,445.29,672.00
2012-03-05,40435.20,0.00,404.75,0.00,0.57,-8.52,320.31,568.00
2012-03-06,40780.78,0.00,440.29,0.00,0.37,-10.31,280.65,465.00
2012-03-07,40780.78,0.00,482.89,0.00,4.17,-10.08,284.94,416.00
2012-03-08,41126.39,0.00,483.48,0.00,14.58,-1.29,557.95,434.00
2012-03-09,41126.39,18.19,366.24,0.00,14.11,-2.63,503.12,822.00
2012-03-10,41472.02,3.39,371.70,0.00,2.53,-8.70,314.83,584.00
2012-03-11,41472.02,0.00,460.89,0.00,4.15,-7.67,340.51,508.00
2012-03-12,41817.59,0.00,503.28,0.00,14.76,-2.83,493.85,459.00
2012-03-13,41817.59,0.00,499.35,0.00,17.16,-0.15,601.76,421.00
2012-03-14,42163.20,0.00,500.43,0.00,20.62,1.81,704.51,385.00
2012-03-15,42163.20,0.00,495.30,0.00,19.71,1.83,706.00,343.00
2012-03-16,42508.79,0.03,485.79,0.00,20.91,3.58,794.00,316.00
2012-03-17,42508.79,0.00,446.58,0.00,20.36,6.39,950.94,291.00
2012-03-18,42854.41,0.00,455.82,0.00,22.89,7.26,1021.18,269.00
2012-03-19,42854.41,0.00,427.39,0.00,21.61,8.06,1084.48,251.00
2012-03-20,43200.02,0.00,400.36,0.00,22.38,9.95,1236.16,234.00
2012-03-21,43200.02,0.00,385.72,0.00,20.27,8.32,1105.50,218.00
2012-03-22,43200.02,0.00,372.48,0.00,19.81,8.18,1094.53,201.00
2012-03-23,43545.59,0.00,415.86,0.00,22.70,7.67,1053.78,187.00
2012-03-24,43545.59,0.64,394.32,0.00,22.67,8.13,1090.19,175.00
2012-03-25,43891.20,3.54,226.77,0.00,14.21,5.37,899.38,170.00
2012-03-26,43891.20,0.36,365.61,0.00,13.98,2.64,731.24,157.00
2012-03-27,44236.80,0.00,363.00,0.00,4.00,-6.74,368.73,140.00
2012-03-28,44236.80,0.00,447.12,0.00,9.67,-5.99,391.78,132.00
2012-03-29,44582.39,2.40,422.92,0.00,20.78,1.47,676.57,128.00
2012-03-30,44582.39,1.06,261.95,0.00,4.92,-2.96,492.38,119.00
2012-03-31,44928.00,7.83,301.85,0.00,11.24,-2.02,528.64,121.00
2012-04-01,44928.00,2.71,96.89,0.00,4.44,1.50,680.25,126.00
2012-04-02,45273.61,6.67,197.46,0.00,6.92,-0.52,590.29,131.00
2012-04-03,45273.61,0.00,416.86,0.00,11.02,-2.49,513.51,118.00
2012-04-04,45619.20,0.00,473.84,0.00,15.58,-2.24,521.16,106.00
2012-04-05,45619.20,0.00,475.76,0.00,16.06,-2.06,526.85,98.00
2012-04-06,45964.79,0.00,414.00,0.00,9.74,-3.64,467.27,91.00
2012-04-07,45964.79,0.00,405.38,0.00,9.82,-2.99,484.02,85.00
2012-04-08,46310.38,0.00,448.02,0.00,13.02,-2.12,522.86,81.00
2012-04-09,46310.38,0.00,463.31,0.00,17.14,0.56,633.77,77.00
2012-04-10,46655.99,0.00,392.01,0.00,12.44,0.27,621.32,73.00
2012-04-11,46655.99,2.65,277.90,0.00,8.63,-0.78,578.90,73.00
2012-04-12,47001.60,2.72,226.14,0.00,6.53,-0.85,576.34,74.00
2012-04-13,47001.60,0.00,429.23,0.00,10.34,-2.55,513.42,69.00
2012-04-14,47347.20,0.00,490.69,0.00,15.61,-1.20,539.49,65.00
2012-04-15,47347.20,1.00,433.62,0.00,18.36,4.92,843.22,63.00
2012-04-16,47692.79,0.00,425.84,0.00,22.39,9.00,1094.73,62.00
2012-04-17,47692.79,0.00,506.01,0.00,28.05,8.26,943.51,60.00
2012-04-18,48038.40,0.00,501.91,0.00,18.02,0.47,586.86,55.00
2012-04-19,48038.40,0.00,448.37,0.00,13.75,0.06,597.48,52.00
2012-04-20,48318.11,0.00,505.69,0.00,20.83,2.71,661.84,50.00
2012-04-21,48383.99,0.00,453.23,0.00,22.05,7.31,914.60,47.00
2012-04-22,48384.06,13.82,348.01,0.00,16.60,1.67,688.25,52.00
2012-04-23,48729.59,22.65,129.47,0.00,3.48,-0.71,581.32,131.00
2012-04-24,48729.59,5.71,114.17,0.00,2.62,-0.95,571.98,199.00
2012-04-25,49075.21,3.11,274.16,0.00,7.65,-0.96,564.61,227.00
2012-04-26,49075.21,0.00,465.33,0.00,13.12,-0.69,582.72,247.00
2012-04-27,49420.81,4.98,359.15,0.00,15.30,0.59,636.52,286.00
2012-04-28,49420.81,0.00,386.15,0.00,6.29,-3.61,464.95,245.00
2012-04-29,49576.01,0.00,472.89,0.00,11.17,-2.58,503.58,214.00
2012-04-30,49766.39,0.00,522.47,0.00,14.58,-2.53,478.92,191.00
2012-05-01,49766.39,3.15,408.91,0.00,16.89,-1.11,560.74,180.00
2012-05-02,50112.00,2.32,399.60,0.00,21.81,8.47,1076.75,171.00
2012-05-03,50112.00,7.16,230.54,0.00,18.52,10.06,1244.48,406.00
2012-05-04,50450.20,6.06,324.27,0.00,26.52,12.76,1463.42,286.00
2012-05-05,50457.60,4.41,367.11,0.00,26.12,12.74,1440.29,393.00
2012-05-06,50457.60,0.00,466.25,0.00,20.30,6.09,912.20,296.00
2012-05-07,50803.21,0.00,463.24,0.00,20.97,6.74,958.98,251.00
2012-05-08,50803.21,9.19,130.99,0.00,13.21,8.99,1158.82,380.00
2012-05-09,51082.91,11.63,184.51,0.00,14.88,8.89,1151.13,508.00
2012-05-10,51148.79,0.81,426.67,0.00,18.62,6.30,947.66,391.00
2012-05-11,51148.79,0.61,424.30,0.00,13.20,1.88,706.75,334.00
2012-05-12,51494.41,0.00,506.09,0.00,19.20,3.41,764.83,282.00
2012-05-13,51494.41,0.00,503.41,0.00,24.11,7.74,1000.75,240.00
2012-05-14,51494.41,9.84,310.52,0.00,22.40,10.68,1294.71,269.00
2012-05-15,51839.98,23.85,132.48,0.00,15.59,11.39,1351.54,1770.00
2012-05-16,51839.98,3.40,296.85,0.00,20.58,11.24,1339.56,1420.00
2012-05-17,51840.05,2.37,529.94,0.00,24.90,2.27,698.04,939.00
2012-05-18,52185.59,0.00,514.63,0.00,17.78,2.35,721.85,667.00
2012-05-19,52185.59,0.00,534.94,0.00,22.79,5.01,850.32,500.00
2012-05-20,52185.59,0.00,521.74,0.00,26.31,8.87,1095.13,389.00
2012-05-21,52523.80,0.00,523.97,0.00,27.41,9.42,1131.79,306.00
2012-05-22,52531.21,5.40,199.93,0.00,19.70,13.10,1500.75,274.00
2012-05-23,52531.21,1.73,268.31,0.00,21.89,14.41,1640.02,252.00
2012-05-24,52686.43,0.00,285.86,0.00,21.75,14.43,1641.33,209.00
2012-05-25,52876.81,0.00,293.27,0.00,23.66,16.02,1810.86,176.00
2012-05-26,52876.81,0.00,354.15,0.00,25.64,16.10,1818.70,155.00
2012-05-27,52876.81,0.13,458.50,0.00,27.50,13.69,1519.91,134.00
2012-05-28,53032.03,0.00,457.98,0.00,27.58,13.86,1535.71,156.00
2012-05-29,53222.40,0.00,449.63,0.00,29.28,15.63,1721.62,139.00
2012-05-30,53222.40,17.86,331.11,0.00,28.85,15.63,1772.15,196.00
2012-05-31,53222.40,0.00,518.32,0.00,25.14,8.77,1072.26,146.00
2012-06-01,53222.47,0.00,464.39,0.00,21.42,8.52,1099.26,134.00
2012-06-02,53502.11,23.43,281.28,0.00,18.57,9.12,1169.53,951.00
2012-06-03,53567.98,0.29,391.32,0.00,17.99,8.09,1087.55,400.00
2012-06-04,53567.98,11.14,262.83,0.00,17.91,9.43,1194.06,504.00
2012-06-05,53567.98,4.46,281.64,0.00,16.10,7.12,1012.48,436.00
2012-06-06,53567.98,0.05,375.04,0.00,15.89,7.05,1004.34,348.00
2012-06-07,53611.84,3.47,413.63,0.00,20.79,7.45,1035.29,325.00
2012-06-08,53847.71,2.43,426.95,0.00,21.58,8.06,1079.08,278.00
2012-06-09,53913.61,0.00,501.47,0.00,24.45,9.29,1144.93,234.00
2012-06-10,53913.61,2.19,342.36,0.00,23.83,13.45,1545.19,207.00
2012-06-11,53913.61,0.00,465.72,0.00,29.06,14.96,1661.00,178.00
2012-06-12,53913.61,5.49,301.24,0.00,27.12,16.09,1814.81,164.00
2012-06-13,53913.61,10.67,260.70,0.00,18.75,10.35,1267.84,181.00
2012-06-14,53913.61,0.00,449.59,0.00,19.71,7.72,1057.61,147.00
2012-06-15,53913.61,0.00,481.32,0.00,22.73,8.87,1143.57,121.00
2012-06-16,53913.61,0.00,472.32,0.00,24.99,11.47,1352.20,104.00
2012-06-17,53913.61,0.00,467.91,0.00,24.40,11.25,1337.39,90.00
2012-06-18,53913.67,3.73,333.44,0.00,23.81,12.49,1445.89,80.00
2012-06-19,53913.67,7.05,143.59,0.00,17.73,13.55,1551.16,97.00
2012-06-20,53913.67,0.00,449.76,0.00,27.38,15.21,1728.50,126.00
2012-06-21,53913.67,0.00,465.47,0.00,31.52,17.53,1986.21,103.00
2012-06-22,53913.67,0.00,457.01,0.00,30.94,17.34,1968.88,104.00
2012-06-23,53913.67,0.00,479.11,0.00,26.59,12.66,1457.98,99.00
2012-06-24,53913.61,0.00,491.76,0.00,25.21,10.69,1286.17,84.00
2012-06-25,53913.61,13.20,317.63,0.00,24.29,12.82,1470.17,101.00
2012-06-26,53913.61,0.00,465.71,0.00,21.23,8.54,1123.07,118.00
2012-06-27,53913.61,0.00,458.05,0.00,21.19,8.84,1146.68,94.00
2012-06-28,53913.61,0.00,457.23,0.00,24.36,11.61,1367.38,75.00
2012-06-29,53913.61,4.64,353.74,0.00,28.61,14.34,1636.45,67.00
2012-06-30,53913.61,0.00,503.83,0.00,32.05,15.03,1678.31,64.00
2012-07-01,53913.61,0.00,413.32,0.00,27.56,16.05,1810.46,58.00
2012-07-02,53906.19,0.00,490.42,0.00,29.21,13.72,1549.55,51.00
2012-07-03,53723.20,0.00,473.41,0.00,27.44,13.09,1490.38,44.00
2012-07-04,53568.05,2.75,391.26,0.00,28.45,14.11,1610.03,40.00
2012-07-05,53567.98,0.00,389.19,0.00,29.17,17.88,2050.56,40.00
2012-07-06,53567.98,0.00,456.90,0.00,29.76,15.36,1739.67,37.00
2012-07-07,53567.98,0.00,465.81,0.00,32.05,16.58,1864.85,29.00
2012-07-08,53567.98,6.21,323.52,0.00,31.68,17.92,2058.79,42.00
2012-07-09,53377.61,0.00,465.75,0.00,28.65,13.95,1597.01,43.00
2012-07-10,53222.40,0.00,479.10,0.00,26.04,11.02,1319.30,33.00
2012-07-11,53222.40,0.92,475.23,0.00,27.11,12.05,1404.06,25.00
2012-07-12,53222.40,0.00,470.55,0.00,27.86,12.76,1467.23,18.00
2012-07-13,53214.98,0.00,431.32,0.00,29.56,15.87,1796.45,15.00
2012-07-14,52876.88,0.00,368.44,0.00,27.38,16.55,1878.11,13.00
2012-07-15,52876.81,0.11,301.66,0.00,25.40,16.99,1933.75,12.00
2012-07-16,52876.81,13.00,245.06,0.00,27.00,17.78,2038.32,24.00
2012-07-17,52869.40,0.00,420.93,0.00,29.71,16.63,1888.42,17.00
2012-07-18,52531.21,0.00,433.98,0.00,32.39,18.08,2079.31,12.00
2012-07-19,52531.21,2.55,403.78,0.00,32.07,17.32,1975.49,20.00
2012-07-20,52531.21,22.99,290.14,0.00,26.85,15.24,1735.38,55.00
2012-07-21,52340.82,10.34,131.28,0.00,18.30,13.86,1584.70,108.00
2012-07-22,52185.59,0.00,345.98,0.00,22.79,13.36,1530.70,81.00
2012-07-23,52185.59,0.00,378.80,0.00,26.08,15.24,1734.21,49.00
2012-07-24,52119.70,0.00,378.72,0.00,29.87,18.53,2136.29,34.00
2012-07-25,51839.98,0.00,510.92,0.00,29.70,11.36,1333.06,25.00
2012-07-26,51839.98,10.81,337.05,0.00,26.67,12.62,1460.28,15.00
2012-07-27,51774.12,10.48,295.52,0.00,29.39,17.27,1966.43,28.00
2012-07-28,51494.41,15.16,250.61,0.00,26.33,16.85,1912.10,119.00
2012-07-29,51494.41,4.00,264.09,0.00,25.51,15.75,1787.03,82.00
2012-07-30,51304.00,0.00,464.75,0.00,27.26,12.53,1447.37,51.00
2012-07-31,51148.79,0.00,424.63,0.00,26.78,13.99,1601.22,36.00
2012-08-01,51148.79,15.60,283.62,0.00,25.73,14.97,1702.63,48.00
2012-08-02,50803.21,0.00,385.45,0.00,25.82,14.87,1691.00,65.00
2012-08-03,50803.21,0.00,407.26,0.00,28.07,15.95,1805.11,53.00
2012-08-04,50795.79,0.00,424.36,0.00,30.22,16.88,1919.05,37.00
2012-08-05,50457.60,5.28,270.54,0.00,29.12,20.01,2327.59,31.00
2012-08-06,50457.60,13.14,235.50,0.00,25.09,16.70,1897.54,48.00
2012-08-07,50112.00,0.00,458.37,0.00,25.21,11.42,1353.67,37.00
2012-08-08,50112.00,0.00,448.01,0.00,26.42,12.88,1480.14,25.00
2012-08-09,50104.59,0.00,437.32,0.00,28.44,15.04,1714.03,18.00
2012-08-10,49766.39,13.96,319.30,0.00,28.68,15.75,1788.61,46.00
2012-08-11,49766.39,2.83,177.88,0.00,22.13,16.82,1910.06,78.00
2012-08-12,49420.81,0.00,398.72,0.00,23.94,13.19,1509.47,58.00
2012-08-13,49420.81,0.00,382.66,0.00,22.30,12.27,1423.02,41.00
2012-08-14,49075.28,6.78,321.81,0.00,24.87,12.53,1449.84,35.00
2012-08-15,49075.21,7.89,266.77,0.00,25.20,15.57,1766.25,39.00
2012-08-16,49067.80,0.00,374.78,0.00,22.36,12.46,1443.70,56.00
2012-08-17,48729.59,0.00,430.43,0.00,25.94,13.36,1532.23,34.00
2012-08-18,48729.59,3.35,324.72,0.00,22.49,11.25,1340.35,30.00
2012-08-19,48383.99,0.00,476.64,0.00,22.50,7.94,1074.91,24.00
2012-08-20,48383.99,0.00,425.49,0.00,22.15,9.98,1238.53,28.00
2012-08-21,48038.40,5.34,287.25,0.00,20.46,10.07,1245.94,53.00
2012-08-22,48038.40,0.00,457.48,0.00,23.25,9.05,1163.62,41.00
2012-08-23,47692.79,0.00,450.10,0.00,25.02,10.73,1298.21,25.00
2012-08-24,47692.79,0.00,454.52,0.00,26.45,11.61,1368.73,16.00
2012-08-25,47347.27,0.00,450.97,0.00,27.51,12.54,1446.64,11.00
2012-08-26,47347.20,0.00,397.03,0.00,26.31,14.28,1629.18,9.50
2012-08-27,47156.81,2.99,285.27,0.00,26.01,15.61,1771.57,13.00
2012-08-28,47001.60,15.52,217.00,0.00,25.84,17.65,2022.71,95.00
2012-08-29,46994.19,0.00,449.05,0.00,25.75,10.84,1307.38,88.00
2012-08-30,46655.99,0.00,454.91,0.00,22.15,7.38,1030.71,50.00
2012-08-31,46655.99,0.00,475.20,0.00,25.27,7.94,1075.51,32.00
2012-09-01,46310.38,0.00,446.15,0.00,29.34,12.91,1481.07,22.00
2012-09-02,46310.38,0.00,416.16,0.00,27.51,13.27,1519.92,15.00
2012-09-03,45964.79,0.17,331.23,0.00,24.49,14.44,1644.48,13.00
2012-09-04,45964.79,3.80,68.03,0.00,20.20,18.01,2071.44,16.00
2012-09-05,45619.20,10.97,172.18,0.00,24.45,17.85,2052.50,44.00
2012-09-06,45619.20,1.51,282.06,0.00,23.27,14.56,1656.50,59.00
2012-09-07,45273.61,23.36,296.32,0.00,27.47,14.26,1627.90,321.00
2012-09-08,45273.61,1.59,360.18,0.00,27.17,14.59,1659.57,202.00
2012-09-09,44928.00,10.82,294.91,0.00,21.61,9.27,1181.67,213.00
2012-09-10,44928.00,0.35,392.85,0.00,19.46,6.67,974.47,152.00
2012-09-11,44582.39,0.00,413.73,0.00,18.22,4.73,858.60,119.00
2012-09-12,44582.39,0.00,444.01,0.00,20.89,4.59,848.03,97.00
2012-09-13,44236.80,0.00,430.69,0.00,23.53,7.45,1035.67,78.00
2012-09-14,44236.80,0.00,403.71,0.00,24.72,9.97,1237.29,64.00
2012-09-15,43891.20,6.53,325.28,0.00,24.33,6.86,990.71,71.00
2012-09-16,43891.20,0.00,368.09,0.00,17.83,5.52,909.01,63.00
2012-09-17,43545.59,0.00,387.89,0.00,19.43,5.70,920.21,48.00
2012-09-18,43545.59,18.19,279.45,0.00,20.56,7.39,1031.26,352.00
2012-09-19,43200.02,37.84,286.07,0.00,20.03,6.24,941.71,431.00
2012-09-20,43200.02,0.00,357.64,0.00,15.10,2.96,755.71,234.00
2012-09-21,42854.41,0.00,382.38,0.00,17.54,3.70,800.88,181.00
2012-09-22,42854.41,5.37,212.59,0.00,20.62,11.16,1333.18,163.00
2012-09-23,42508.79,1.61,401.30,0.00,21.28,4.43,836.68,145.00
2012-09-24,42508.79,0.00,325.54,0.00,13.75,2.94,756.36,125.00
2012-09-25,42163.20,0.00,334.14,0.00,14.01,2.67,733.64,111.00
2012-09-26,42163.20,1.19,356.25,0.00,17.34,4.41,835.05,101.00
2012-09-27,41817.59,4.26,146.67,0.00,16.53,10.22,1257.34,95.00
2012-09-28,41817.59,17.81,190.51,0.00,18.19,9.76,1221.03,418.00
2012-09-29,41472.02,1.10,233.00,0.00,14.94,7.41,1032.84,286.00
2012-09-30,41472.02,0.02,257.14,0.00,13.92,5.81,923.39,212.00
2012-10-01,41126.39,3.00,229.48,0.00,13.68,3.74,800.47,177.00
2012-10-02,41126.39,0.78,333.94,0.00,17.33,5.01,875.78,156.00
2012-10-03,40780.78,3.86,111.26,0.00,16.42,11.88,1392.39,150.00
2012-10-04,40780.78,0.88,189.83,0.00,21.23,14.91,1705.74,139.00
2012-10-05,40435.20,0.00,328.20,0.00,20.88,8.50,1120.32,128.00
2012-10-06,40435.20,3.39,250.07,0.00,21.84,8.94,1154.99,126.00
2012-10-07,40089.59,2.97,222.54,0.00,14.12,3.88,805.66,129.00
2012-10-08,40089.59,2.24,254.75,0.00,8.43,-0.51,589.92,120.00
2012-10-09,39744.00,0.00,278.23,0.00,8.95,-0.35,597.96,111.00
2012-10-10,39744.00,0.31,272.72,0.00,13.98,4.62,849.19,106.00
2012-10-11,39405.81,1.01,344.92,0.00,13.18,-0.29,598.95,102.00
2012-10-12,39398.39,0.00,328.99,0.00,11.93,-0.43,597.83,97.00
2012-10-13,39243.18,0.00,350.87,0.00,8.68,-5.18,420.76,93.00
2012-10-14,39052.80,0.00,351.09,0.00,10.33,-3.97,458.90,90.00
2012-10-15,39052.80,0.00,309.77,0.00,20.17,7.83,1066.29,89.00
2012-10-16,38707.19,0.00,288.65,0.00,16.80,6.00,920.39,86.00
2012-10-17,38707.19,0.00,306.53,0.00,11.29,-0.26,599.54,82.00
2012-10-18,38361.61,0.00,349.78,0.00,15.75,-0.29,599.67,78.00
2012-10-19,38361.61,13.86,176.11,0.00,16.31,7.88,1070.18,141.00
2012-10-20,38015.99,6.04,208.64,0.00,15.36,4.78,862.53,155.00
2012-10-21,38015.99,1.96,202.81,0.00,11.50,3.84,799.83,132.00
2012-10-22,37670.39,0.00,300.22,0.00,13.71,1.60,687.65,119.00
2012-10-23,37670.39,4.59,252.50,0.00,18.31,1.57,683.11,119.00
2012-10-24,37390.68,7.32,162.30,0.00,16.34,8.37,1109.50,149.00
2012-10-25,37324.80,0.38,246.64,0.00,21.33,11.39,1351.30,153.00
2012-10-26,37324.73,0.00,220.80,0.00,19.51,11.06,1325.09,146.00
2012-10-27,36979.21,0.00,123.93,0.00,15.39,11.04,1322.94,146.00
2012-10-28,36979.21,5.35,147.53,0.00,13.80,6.67,975.40,146.00
2012-10-29,36633.62,9.93,45.56,0.00,7.69,5.95,934.18,299.00
2012-10-30,36633.62,47.83,127.33,0.00,11.72,5.75,920.56,2670.00
2012-10-31,36295.40,7.77,115.59,0.00,5.97,0.80,645.06,1470.00
2012-11-01,36287.99,3.37,65.91,0.00,3.10,0.54,636.20,963.00
2012-11-02,36287.99,1.03,129.54,0.00,5.56,1.31,669.38,696.00
2012-11-03,35942.39,0.97,131.71,0.00,4.24,-0.09,606.42,536.00
2012-11-04,35942.39,0.00,129.48,0.00,3.46,-0.70,581.51,427.00
2012-11-05,35604.21,0.00,107.75,0.00,1.20,-2.13,524.74,356.00
2012-11-06,35596.80,0.00,181.15,0.00,0.73,-5.17,421.81,305.00
2012-11-07,35596.80,0.00,259.79,0.00,3.43,-6.49,371.02,269.00
2012-11-08,35251.20,0.00,222.54,0.00,2.58,-5.28,414.63,241.00
2012-11-09,35251.20,0.00,235.32,0.00,5.39,-3.39,475.81,205.00
2012-11-10,35207.35,0.10,252.13,0.00,7.98,-2.05,523.64,200.00
2012-11-11,34905.62,1.01,178.89,0.00,8.67,2.41,720.00,190.00
2012-11-12,34905.62,0.00,258.17,0.00,18.34,6.44,960.96,180.00
2012-11-13,34625.88,11.04,214.46,0.00,16.48,-0.82,576.25,180.00
2012-11-14,34559.98,0.00,117.03,0.00,2.35,-1.43,554.01,228.00
2012-11-15,34559.98,0.00,228.06,0.00,3.63,-4.89,435.96,196.00
2012-11-16,34280.28,0.00,252.16,0.00,5.25,-5.26,417.40,183.00
2012-11-17,34214.41,0.00,247.48,0.00,5.49,-4.70,440.00,171.00
2012-11-18,34214.41,0.00,268.03,0.00,7.63,-5.59,402.62,162.00
2012-11-19,34059.20,0.00,268.03,0.00,8.77,-5.10,431.02,158.00
2012-11-20,33868.82,0.00,257.75,0.00,9.50,-3.30,479.33,154.00
2012-11-21,33868.82,0.00,244.37,0.00,8.24,-3.02,480.00,150.00
2012-11-22,33868.82,0.00,264.33,0.00,11.13,-4.01,440.00,143.00
2012-11-23,33530.62,0.00,263.95,0.00,13.08,-3.34,480.00,138.00
2012-11-24,33523.21,1.72,244.52,0.00,9.86,-2.61,505.89,136.00
2012-11-25,33523.21,0.00,141.50,0.00,2.31,-2.97,491.15,131.00
2012-11-26,33523.14,0.00,71.25,0.00,-0.08,-2.54,514.35,125.00
2012-11-27,33185.02,3.00,134.14,0.00,4.21,-2.94,487.59,121.00
2012-11-28,33177.61,2.77,163.45,0.00,0.52,-7.55,347.35,116.00
2012-11-29,33177.61,0.00,213.07,0.00,1.15,-7.04,358.52,110.00
2012-11-30,33177.61,0.00,227.71,0.00,4.36,-5.10,432.10,106.00
2012-12-01,33022.39,0.00,190.19,0.00,3.50,-3.90,455.17,102.00
2012-12-02,32831.99,0.00,62.06,0.00,3.45,1.10,652.71,100.00
2012-12-03,32831.99,2.43,117.78,0.00,8.70,2.99,757.76,99.00
2012-12-04,32831.99,3.80,146.07,0.00,14.26,5.06,883.13,99.00
2012-12-05,32831.99,9.02,173.00,0.00,17.32,1.93,710.93,112.00
2012-12-06,32831.92,0.00,217.79,0.00,5.25,-6.78,366.90,114.00
2012-12-07,32676.78,0.40,197.87,0.00,3.51,-6.75,368.36,107.00
2012-12-08,32493.81,9.22,55.67,0.00,1.85,-1.29,558.45,143.00
2012-12-09,32486.40,0.61,174.33,0.00,8.07,-0.76,579.67,160.00
2012-12-10,32486.40,4.61,110.76,0.00,5.64,-1.17,563.58,163.00
2012-12-11,32486.40,8.26,140.24,0.00,9.90,0.17,614.70,265.00
2012-12-12,32486.40,0.00,133.93,0.00,2.93,-3.12,480.72,244.00
2012-12-13,32486.40,0.00,205.80,0.00,3.64,-7.05,360.00,226.00
2012-12-14,32486.40,0.00,203.00,0.00,3.70,-7.01,360.00,218.00
2012-12-15,32486.40,0.00,218.26,0.00,6.79,-6.00,400.00,207.00
2012-12-16,32486.40,0.00,194.70,0.00,5.33,-4.82,433.09,201.00
2012-12-17,32486.33,6.68,39.67,0.00,5.34,3.21,770.91,227.00
2012-12-18,32486.33,17.80,45.81,0.00,6.18,3.67,800.00,951.00
2012-12-19,32486.33,3.46,107.81,0.00,5.30,-0.96,563.37,751.00
2012-12-20,32486.33,0.00,172.10,0.00,4.23,-3.44,478.67,591.00
2012-12-21,32486.33,32.21,135.50,0.00,4.66,-3.55,468.65,2050.00
2012-12-22,32486.33,3.96,85.30,0.00,0.68,-3.70,465.74,1290.00
2012-12-23,32486.40,0.00,80.38,0.00,-1.13,-4.02,449.83,864.00
2012-12-24,32486.40,0.00,179.99,0.00,0.97,-6.29,380.73,656.00
2012-12-25,32486.40,2.00,199.25,0.00,0.86,-6.56,374.69,533.00
2012-12-26,32486.40,0.00,201.52,0.00,-0.67,-8.27,325.64,451.00
2012-12-27,32486.40,22.83,115.23,0.00,-3.31,-8.39,322.61,415.00
2012-12-28,32486.40,0.00,56.61,0.00,-3.62,-5.19,421.59,359.00
2012-12-29,32486.40,5.07,97.77,0.00,-2.03,-6.10,385.90,334.00
2012-12-30,32486.40,10.18,108.88,0.00,-2.89,-7.32,352.64,303.00
2012-12-31,32486.40,7.62,103.33,0.00,-2.46,-6.71,369.27,272.00
2013-01-01,32486.40,0.00,199.49,0.00,-0.12,-7.40,352.69,260.00
2013-01-02,32552.27,0.00,205.83,0.00,-1.54,-9.06,306.62,245.00
2013-01-03,32788.14,0.00,204.33,0.00,-5.01,-12.37,237.64,214.00
2013-01-04,32831.99,0.00,212.56,0.00,-3.44,-11.18,262.28,221.00
2013-01-05,32831.99,0.00,131.93,0.00,-1.32,-5.65,402.56,207.00
2013-01-06,32831.99,0.00,156.23,0.00,0.35,-4.87,433.03,200.00
2013-01-07,32831.99,0.00,131.16,0.00,1.23,-3.12,480.00,197.00
2013-01-08,32897.87,0.00,238.86,0.00,2.36,-6.98,360.00,188.00
2013-01-09,33177.54,0.00,267.08,0.00,4.26,-7.67,346.54,181.00
2013-01-10,33177.61,0.00,248.76,0.00,4.42,-5.53,400.02,178.00
2013-01-11,33177.61,0.00,193.22,0.00,4.15,-2.49,520.00,186.00
2013-01-12,33177.61,5.86,72.53,0.00,3.48,0.41,633.05,307.00
2013-01-13,33367.98,0.00,169.64,0.00,7.19,1.16,652.96,623.00
2013-01-14,33523.21,3.00,97.71,0.00,8.43,3.73,802.83,1410.00
2013-01-15,33523.21,0.00,250.96,0.00,6.82,-5.14,421.19,1090.00
2013-01-16,33523.21,7.12,98.79,0.00,-0.27,-4.72,433.78,829.00
2013-01-17,33713.60,1.48,107.83,0.00,-0.95,-4.55,440.21,647.00
2013-01-18,33868.82,0.66,253.19,0.00,0.07,-10.71,272.36,513.00
2013-01-19,33868.82,0.00,252.25,0.00,-1.26,-11.22,259.95,430.00
2013-01-20,33876.23,0.00,246.30,0.00,6.22,-3.63,467.05,400.00
2013-01-21,34214.41,0.00,279.52,0.00,4.46,-8.59,320.34,345.00
2013-01-22,34214.41,0.74,246.62,0.00,-6.22,-14.76,199.73,297.00
2013-01-23,34214.41,0.00,235.62,0.00,-11.72,-19.46,127.42,238.00
2013-01-24,34559.92,0.00,259.98,0.00,-10.64,-19.64,126.77,228.00
2013-01-25,34559.98,0.29,282.58,0.00,-8.12,-18.29,147.51,219.00
2013-01-26,34559.98,1.97,237.35,0.00,-9.92,-17.07,161.02,215.00
2013-01-27,34905.62,0.00,288.82,0.00,-5.94,-15.79,176.50,201.00
2013-01-28,34905.62,3.33,239.08,0.00,-2.19,-14.60,198.80,215.00
2013-01-29,34905.62,4.54,187.66,0.00,2.46,-5.20,417.81,254.00
2013-01-30,35251.20,12.06,164.93,0.00,7.63,1.08,646.64,567.00
2013-01-31,35251.20,33.31,239.11,0.00,13.01,-0.73,580.11,4960.00
2013-02-01,35317.09,3.40,239.77,0.00,0.37,-9.55,290.82,1710.00
2013-02-02,35596.80,1.97,239.39,0.00,-5.70,-13.73,209.06,957.00
2013-02-03,35596.80,1.09,206.99,0.00,-8.28,-13.80,212.30,722.00
2013-02-04,35942.39,1.29,260.95,0.00,-4.67,-12.10,243.73,555.00
2013-02-05,35942.39,1.28,223.06,0.00,-5.77,-11.75,249.89,463.00
2013-02-06,35949.80,0.00,187.02,0.00,-3.11,-8.02,328.16,390.00
2013-02-07,36287.99,0.00,344.71,0.00,-1.02,-12.97,228.65,310.00
2013-02-08,36287.99,0.00,345.67,0.00,-0.72,-12.45,236.37,300.00
2013-02-09,36633.62,6.88,254.27,0.00,1.00,-10.02,282.46,267.00
2013-02-10,36633.62,0.00,346.58,0.00,-4.86,-16.12,170.09,219.00
2013-02-11,36823.99,1.13,363.95,0.00,3.45,-15.40,186.48,233.00
2013-02-12,36979.21,0.00,158.05,0.00,3.10,-1.02,560.65,214.00
2013-02-13,36979.21,0.00,231.43,0.00,-0.16,-6.37,377.62,194.00
2013-02-14,37324.80,0.00,353.15,0.00,3.79,-7.70,343.93,186.00
2013-02-15,37324.80,0.00,330.01,0.00,3.30,-6.72,369.03,176.00
2013-02-16,37670.39,0.00,349.29,0.00,4.68,-6.59,372.81,172.00
2013-02-17,37670.39,0.00,309.22,0.00,-1.51,-10.27,281.67,148.00
2013-02-18,38015.92,1.00,292.60,0.00,-5.83,-13.69,211.94,125.00
2013-02-19,38015.99,0.00,380.58,0.00,0.24,-12.12,242.59,137.00
2013-02-20,38081.87,8.05,254.66,0.00,0.36,-9.25,299.88,127.00
2013-02-21,38361.61,0.00,163.55,0.00,-5.78,-9.58,294.99,115.00
2013-02-22,38361.61,0.00,290.33,0.00,-2.23,-9.48,296.58,108.00
2013-02-23,38707.19,0.00,290.10,0.00,-1.13,-8.27,326.01,105.00
2013-02-24,38707.19,1.32,145.33,0.00,0.95,-2.27,521.87,104.00
2013-02-25,39052.80,0.00,221.59,0.00,-0.44,-5.44,411.04,99.00
2013-02-26,39052.80,0.00,382.22,0.00,3.56,-6.75,360.00,97.00
2013-02-27,39398.39,20.86,235.81,0.00,2.21,-5.14,421.36,181.00
2013-02-28,39398.39,7.19,138.71,0.00,2.44,-1.46,551.57,250.00
2013-03-01,39744.00,2.54,146.60,0.00,1.98,-1.71,540.27,210.00
2013-03-02,39744.00,0.00,290.22,0.00,0.53,-5.57,405.20,177.00
2013-03-03,40089.59,0.00,296.80,0.00,-1.58,-7.66,342.79,159.00
2013-03-04,40089.59,0.00,282.15,0.00,-2.71,-8.31,324.76,144.00
2013-03-05,40435.20,0.00,307.68,0.00,-1.72,-7.91,335.59,137.00
2013-03-06,40435.20,0.00,348.46,0.00,1.16,-6.11,387.48,133.00
2013-03-07,40780.78,0.00,226.52,0.00,1.92,-2.40,515.80,127.00
2013-03-08,40780.78,0.32,336.83,0.00,2.22,-4.63,436.15,123.00
2013-03-09,41126.39,0.00,428.25,0.00,3.89,-6.12,387.27,121.00
2013-03-10,41126.39,0.00,486.87,0.00,9.45,-5.30,415.34,163.00
2013-03-11,41472.02,0.00,416.21,0.00,12.06,2.31,719.98,260.00
2013-03-12,41472.02,9.80,231.19,0.00,9.65,3.55,792.63,1920.00
2013-03-13,41817.59,9.69,347.48,0.00,8.17,-3.32,477.44,1500.00
2013-03-14,41817.59,1.51,413.08,0.00,3.09,-7.30,352.71,931.00
2013-03-15,42163.20,0.00,405.13,0.00,0.44,-7.83,337.01,673.00
2013-03-16,42163.20,0.00,467.68,0.00,3.35,-7.44,349.25,542.00
2013-03-17,42508.79,2.58,201.62,0.00,-2.40,-6.41,374.13,440.00
2013-03-18,42508.79,1.08,437.31,0.00,-0.29,-9.53,294.15,365.00
2013-03-19,42854.41,6.41,316.50,0.00,-0.76,-8.71,315.30,348.00
2013-03-20,42854.41,0.00,482.65,0.00,4.09,-6.25,384.80,322.00
2013-03-21,43200.02,0.00,519.07,0.00,1.37,-10.83,269.70,275.00
2013-03-22,43200.02,0.00,447.30,0.00,-2.29,-10.69,272.26,247.00
2013-03-23,43200.02,0.00,428.22,0.00,0.86,-7.06,359.44,223.00
2013-03-24,43545.59,0.00,439.22,0.00,1.85,-6.39,377.79,206.00
2013-03-25,43545.59,1.74,406.85,0.00,3.50,-5.04,424.62,210.00
2013-03-26,43891.20,3.37,237.42,0.00,2.21,-3.12,484.47,204.00
2013-03-27,43891.20,0.00,482.86,0.00,6.60,-3.37,475.71,209.00
2013-03-28,44236.80,0.00,467.85,0.00,5.82,-3.43,475.29,204.00
2013-03-29,44236.80,0.00,319.56,0.00,4.28,-1.14,563.80,197.00
2013-03-30,44582.39,0.00,502.91,0.00,6.79,-4.09,440.00,198.00
2013-03-31,44582.39,0.00,547.72,0.00,10.77,-3.70,464.12,223.00
2013-04-01,44928.00,8.45,285.51,0.00,6.82,-0.35,600.00,511.00
2013-04-02,44928.00,0.77,515.69,0.00,6.38,-6.97,361.67,416.00
2013-04-03,45273.61,0.00,437.90,0.00,1.76,-6.79,366.46,370.00
2013-04-04,45273.61,0.00,517.87,0.00,3.17,-8.51,319.94,337.00
2013-04-05,45619.20,0.00,574.93,0.00,9.15,-7.98,334.71,319.00
2013-04-06,45619.20,0.00,566.76,0.00,10.77,-5.70,397.64,290.00
2013-04-07,45964.79,0.00,531.80,0.00,9.90,-3.69,467.21,265.00
2013-04-08,45964.79,0.00,544.36,0.00,16.80,0.87,626.49,254.00
2013-04-09,46310.38,0.00,554.36,0.00,20.92,2.08,661.72,244.00
2013-04-10,46310.38,0.06,488.34,0.00,24.50,9.85,1145.18,240.00
2013-04-11,46655.99,19.85,368.83,0.00,18.36,3.88,810.38,423.00
2013-04-12,46655.99,7.28,118.55,0.00,6.20,3.00,757.19,597.00
2013-04-13,47001.60,9.91,211.41,0.00,7.50,1.51,681.16,635.00
2013-04-14,47001.60,0.00,353.45,0.00,7.21,-0.55,589.09,526.00
2013-04-15,47347.20,0.00,437.96,0.00,11.15,0.52,634.74,457.00
2013-04-16,47347.20,0.00,447.94,0.00,17.16,5.42,902.09,405.00
2013-04-17,47692.79,6.76,356.28,0.00,16.93,3.72,800.42,425.00
2013-04-18,47692.79,0.00,465.46,0.00,15.70,3.14,769.57,356.00
2013-04-19,48038.40,0.00,222.25,0.00,15.32,10.32,1265.70,365.00
2013-04-20,48038.40,14.64,394.78,0.00,19.09,1.53,680.30,616.00
2013-04-21,48318.11,0.00,478.27,0.00,7.49,-5.08,424.00,451.00
2013-04-22,48383.99,0.00,447.44,0.00,7.92,-3.35,475.99,401.00
2013-04-23,48384.06,0.00,490.76,0.00,12.67,-1.12,565.33,361.00
2013-04-24,48729.59,0.00,475.90,0.00,14.46,1.16,663.35,340.00
2013-04-25,48729.59,9.05,396.21,0.00,19.47,1.16,662.54,395.00
2013-04-26,49075.21,0.00,478.53,0.00,13.59,-0.16,604.00,312.00
2013-04-27,49075.21,0.00,488.41,0.00,13.84,-0.65,587.68,271.00
2013-04-28,49420.81,0.00,530.33,0.00,19.14,0.47,630.23,249.00
2013-04-29,49420.81,2.19,374.08,0.00,17.76,6.93,994.04,234.00
2013-04-30,49576.01,1.00,161.74,0.00,12.15,8.35,1108.18,235.00
2013-05-01,49766.39,0.00,390.36,0.00,15.56,5.18,892.64,212.00
2013-05-02,49766.39,0.00,518.08,0.00,21.62,4.36,757.44,188.00
2013-05-03,50112.00,0.00,503.75,0.00,22.48,6.00,842.24,174.00
2013-05-04,50112.00,0.00,525.46,0.00,21.25,3.18,685.35,162.00
2013-05-05,50450.20,0.00,525.14,0.00,21.31,3.35,686.53,151.00
2013-05-06,50457.60,0.00,547.05,0.00,22.01,1.77,599.66,140.00
2013-05-07,50457.60,0.00,521.82,0.00,21.43,3.60,695.81,132.00
2013-05-08,50803.21,9.99,333.13,0.00,22.58,8.97,1157.85,163.00
2013-05-09,50803.21,11.03,222.96,0.00,16.28,8.65,1132.24,258.00
2013-05-10,51082.91,8.42,297.23,0.00,18.43,7.80,1063.91,201.00
2013-05-11,51148.79,17.16,292.86,0.00,20.40,9.80,1223.81,454.00
2013-05-12,51148.79,6.20,332.73,0.00,17.77,5.20,893.28,410.00
2013-05-13,51494.41,0.00,421.49,0.00,10.95,-0.36,595.56,339.00
2013-05-14,51494.41,0.00,433.06,0.00,8.40,-3.34,478.27,302.00
2013-05-15,51494.41,0.00,497.47,0.00,14.45,-0.72,580.78,273.00
2013-05-16,51839.98,0.00,490.78,0.00,23.62,7.60,1007.81,244.00
2013-05-17,51839.98,0.00,540.61,0.00,25.47,5.26,822.51,208.00
2013-05-18,51840.05,0.00,471.35,0.00,20.51,5.76,914.56,183.00
2013-05-19,52185.59,0.00,315.33,0.00,18.08,9.39,1191.53,167.00
2013-05-20,52185.59,0.00,183.54,0.00,17.04,12.30,1428.36,159.00
2013-05-21,52185.59,0.00,390.27,0.00,25.66,14.06,1598.56,143.00
2013-05-22,52523.80,0.00,388.77,0.00,28.83,16.84,1880.61,148.00
2013-05-23,52531.21,11.28,325.37,0.00,29.08,15.11,1720.90,245.00
2013-05-24,52531.21,12.65,396.29,0.00,22.70,4.15,823.19,326.00
2013-05-25,52686.43,2.94,194.12,0.00,7.70,2.09,711.81,250.00
2013-05-26,52876.81,0.00,413.43,0.00,12.68,1.68,688.31,207.00
2013-05-27,52876.81,0.00,505.81,0.00,16.66,1.24,656.56,182.00
2013-05-28,52876.81,4.19,382.06,0.00,20.37,4.53,847.64,208.00
2013-05-29,53032.03,21.63,220.67,0.00,16.64,9.19,1175.28,581.00
2013-05-30,53222.40,0.00,413.37,0.00,26.52,14.16,1601.81,395.00
2013-05-31,53222.40,0.00,430.18,0.00,29.17,15.64,1737.74,303.00
2013-06-01,53222.40,0.00,438.01,0.00,30.09,16.14,1786.30,252.00
2013-06-02,53222.47,0.00,360.91,0.00,28.17,17.67,2023.40,216.00
2013-06-03,53502.11,4.77,347.29,0.00,25.60,13.40,1534.27,194.00
2013-06-04,53567.98,0.00,513.25,0.00,20.44,4.68,834.95,165.00
2013-06-05,53567.98,0.00,507.21,0.00,20.56,5.31,875.95,146.00
2013-06-06,53567.98,0.00,515.75,0.00,23.02,6.87,961.22,132.00
2013-06-07,53567.98,6.18,131.38,0.00,15.60,11.57,1367.60,152.00
2013-06-08,53611.84,1.88,147.97,0.00,16.51,13.18,1508.31,143.00
2013-06-09,53847.71,0.00,455.01,0.00,20.56,8.26,1095.88,121.00
2013-06-10,53913.61,7.28,359.41,0.00,23.98,9.88,1230.67,121.00
2013-06-11,53913.61,10.56,104.36,0.00,17.77,14.66,1666.65,203.00
2013-06-12,53913.61,3.54,229.89,0.00,20.62,13.31,1527.02,164.00
2013-06-13,53913.61,14.86,303.05,0.00,24.29,13.72,1572.60,271.00
2013-06-14,53913.61,19.73,273.17,0.00,19.53,10.82,1305.35,425.00
2013-06-15,53913.61,0.00,451.29,0.00,20.82,9.24,1179.34,266.00
2013-06-16,53913.61,0.00,467.39,0.00,23.53,11.17,1333.53,212.00
2013-06-17,53913.61,0.00,416.61,0.00,23.07,12.78,1467.16,187.00
2013-06-18,53913.61,0.13,468.90,0.00,26.08,13.25,1517.21,162.00
2013-06-19,53913.67,0.00,517.76,0.00,22.66,7.57,1041.42,143.00
2013-06-20,53913.67,0.00,499.67,0.00,20.74,6.88,988.26,123.00
2013-06-21,53913.67,0.00,515.64,0.00,24.24,8.80,1129.00,108.00
2013-06-22,53913.67,0.00,476.46,0.00,25.68,12.12,1408.54,97.00
2013-06-23,53913.67,0.00,427.70,0.00,26.60,15.14,1723.52,92.00
2013-06-24,53913.67,10.01,328.49,0.00,29.19,16.97,1927.48,212.00
2013-06-25,53913.61,4.84,330.44,0.00,29.57,16.81,1907.94,215.00
2013-06-26,53913.61,0.01,400.72,0.00,27.60,16.89,1918.71,139.00
2013-06-27,53913.61,0.10,377.52,0.00,24.23,14.85,1688.47,115.00
2013-06-28,53913.61,26.14,269.99,0.00,24.35,15.45,1756.50,252.00
2013-06-29,53913.61,11.92,316.93,0.00,24.88,14.02,1604.22,337.00
2013-06-30,53913.61,5.21,309.81,0.00,23.60,13.49,1544.86,273.00
2013-07-01,53913.61,15.46,338.61,0.00,27.63,15.16,1724.77,1730.00
2013-07-02,53913.61,27.72,142.09,0.00,21.79,17.55,2005.01,2050.00
2013-07-03,53906.19,0.52,290.94,0.00,25.77,18.92,2186.49,1450.00
2013-07-04,53723.20,0.05,318.78,0.00,26.55,19.07,2206.94,851.00
2013-07-05,53568.05,0.00,361.75,0.00,28.06,19.34,2249.33,575.00
2013-07-06,53567.98,9.52,314.50,0.00,28.55,18.29,2106.54,440.00
2013-07-07,53567.98,0.07,364.60,0.00,28.48,19.62,2287.45,345.00
2013-07-08,53567.98,5.05,326.55,0.00,28.90,17.36,1978.25,334.00
2013-07-09,53567.98,9.76,288.25,0.00,25.80,16.59,1883.13,360.00
2013-07-10,53377.61,4.25,249.75,0.00,25.66,18.02,2073.37,354.00
2013-07-11,53222.40,5.77,309.50,0.00,26.68,16.40,1857.26,347.00
2013-07-12,53222.40,0.02,459.06,0.00,25.65,13.64,1562.41,273.00
2013-07-13,53222.40,3.17,265.03,0.00,22.54,14.90,1695.56,255.00
2013-07-14,53214.98,0.00,357.48,0.00,24.81,16.43,1862.33,243.00
2013-07-15,52876.88,0.00,441.97,0.00,28.70,16.90,1921.06,213.00
2013-07-16,52876.81,0.00,461.99,0.00,30.67,17.48,1997.53,187.00
2013-07-17,52876.81,0.00,463.09,0.00,30.75,17.39,1983.85,167.00
2013-07-18,52869.40,0.00,436.46,0.00,31.12,18.91,2185.16,153.00
2013-07-19,52531.21,9.10,335.68,0.00,31.46,18.66,2149.60,140.00
2013-07-20,52531.21,0.00,400.59,0.00,30.86,20.23,2358.46,128.00
2013-07-21,52531.21,0.00,455.75,0.00,27.81,15.65,1777.78,120.00
2013-07-22,52340.82,0.00,443.47,0.00,27.04,15.59,1772.51,115.00
2013-07-23,52185.59,21.49,313.64,0.00,26.99,16.48,1870.66,145.00
2013-07-24,52185.59,7.05,342.64,0.00,27.06,15.22,1737.41,126.00
2013-07-25,52119.70,0.00,503.10,0.00,20.10,7.00,1000.66,104.00
2013-07-26,51839.98,0.00,509.55,0.00,21.36,7.55,1043.97,86.00
2013-07-27,51839.98,0.00,533.61,0.00,25.09,8.34,1107.05,80.00
2013-07-28,51774.12,17.32,324.80,0.00,23.39,12.43,1440.44,97.00
2013-07-29,51494.41,7.89,355.70,0.00,23.52,10.74,1299.12,106.00
2013-07-30,51494.41,0.00,465.36,0.00,21.90,9.71,1216.79,82.00
2013-07-31,51304.00,0.00,457.70,0.00,21.87,10.00,1240.28,75.00
2013-08-01,51148.79,0.00,465.59,0.00,24.55,11.62,1373.27,67.00
2013-08-02,51148.79,1.68,395.82,0.00,23.66,12.03,1403.52,68.00
2013-08-03,50803.21,2.71,338.61,0.00,23.51,12.79,1471.64,65.00
2013-08-04,50803.21,0.00,489.24,0.00,24.76,9.99,1238.93,58.00
2013-08-05,50795.79,0.00,463.33,0.00,21.27,8.31,1105.19,50.00
2013-08-06,50457.60,0.00,452.44,0.00,21.56,8.92,1153.68,44.00
2013-08-07,50457.60,0.00,435.30,0.00,22.98,10.82,1307.16,42.00
2013-08-08,50112.00,0.00,215.58,0.00,20.85,15.60,1771.24,47.00
2013-08-09,50112.00,17.08,263.90,0.00,26.36,16.82,1910.42,55.00
2013-08-10,50104.59,12.24,315.45,0.00,25.02,13.07,1499.10,62.00
2013-08-11,49766.39,0.00,464.17,0.00,25.16,11.08,1326.38,51.00
2013-08-12,49766.39,0.00,422.42,0.00,24.05,11.93,1394.57,42.00
2013-08-13,49420.81,8.90,303.71,0.00,24.62,12.98,1490.53,41.00
2013-08-14,49420.81,0.83,482.52,0.00,25.09,7.83,1066.30,39.00
2013-08-15,49075.28,0.00,441.58,0.00,19.11,6.39,951.53,35.00
2013-08-16,49075.21,0.00,465.69,0.00,21.06,6.82,986.17,31.00
2013-08-17,49067.80,0.00,444.02,0.00,22.11,8.72,1137.55,28.00
2013-08-18,48729.59,0.00,432.74,0.00,23.54,10.44,1275.27,26.00
2013-08-19,48729.59,0.00,318.72,0.00,21.21,12.60,1451.90,26.00
2013-08-20,48383.99,0.00,373.69,0.00,23.73,13.04,1495.20,25.00
2013-08-21,48383.99,0.00,424.48,0.00,26.17,12.88,1474.59,23.00
2013-08-22,48038.40,0.00,423.92,0.00,26.84,13.32,1526.39,25.00
2013-08-23,48038.40,4.78,297.54,0.00,27.34,14.88,1700.47,26.00
2013-08-24,47692.79,0.00,463.55,0.00,24.20,8.69,1134.95,22.00
2013-08-25,47692.79,0.00,447.76,0.00,23.18,8.66,1132.89,21.00
2013-08-26,47347.27,0.69,449.33,0.00,24.95,10.00,1240.20,20.00
2013-08-27,47347.20,3.12,281.99,0.00,26.63,15.89,1800.14,21.00
2013-08-28,47156.81,2.12,323.87,0.00,27.31,17.15,1953.67,22.00
2013-08-29,47001.60,2.76,211.35,0.00,25.07,17.63,2019.94,25.00
2013-08-30,46994.19,0.00,400.85,0.00,27.72,14.68,1672.52,19.00
2013-08-31,46655.99,2.50,350.96,0.00,28.39,15.87,1803.31,16.00
2013-09-01,46655.99,25.81,261.02,0.00,28.16,17.21,1960.79,14.00
2013-09-02,46310.38,1.35,274.73,0.00,26.09,17.37,1983.36,12.00
2013-09-03,46310.38,0.00,405.99,0.00,27.79,14.20,1621.91,12.00
2013-09-04,45964.79,0.00,377.40,0.00,21.08,9.80,1224.37,11.00
2013-09-05,45964.79,0.00,413.91,0.00,24.29,10.76,1301.09,11.00
2013-09-06,45619.20,0.00,474.95,0.00,20.11,2.76,746.64,9.90
2013-09-07,45619.20,0.00,467.05,0.00,19.82,2.61,739.53,9.70
2013-09-08,45273.61,1.86,403.75,0.00,21.49,7.97,1077.22,9.50
2013-09-09,45273.61,1.96,443.52,0.00,19.29,3.18,769.06,9.50
2013-09-10,44928.00,3.79,348.83,0.00,22.70,5.00,876.28,11.00
2013-09-11,44928.00,0.00,358.86,0.00,28.89,15.92,1807.16,11.00
2013-09-12,44582.39,12.53,258.83,0.00,30.68,17.89,2057.63,15.00
2013-09-13,44582.39,19.62,278.87,0.00,25.27,12.09,1407.32,24.00
2013-09-14,44236.80,3.63,251.68,0.00,17.10,7.20,1015.64,21.00
2013-09-15,44236.80,0.00,367.73,0.00,13.97,2.19,717.76,20.00
2013-09-16,43891.20,1.00,389.73,0.00,17.36,4.10,819.81,19.00
2013-09-17,43891.20,0.00,432.85,0.00,17.26,0.91,649.60,17.00
2013-09-18,43545.59,0.00,416.91,0.00,16.23,0.78,644.05,14.00
2013-09-19,43545.59,0.00,423.19,0.00,19.54,2.75,743.34,13.00
2013-09-20,43200.02,0.00,418.86,0.00,22.18,4.95,871.35,11.00
2013-09-21,43200.02,0.00,374.75,0.00,23.77,9.19,1175.09,18.00
2013-09-22,42854.41,29.36,214.07,0.00,16.35,6.80,986.08,67.00
2013-09-23,42854.41,0.00,222.92,0.00,13.45,6.41,952.92,63.00
2013-09-24,42508.79,0.00,365.23,0.00,14.51,1.48,676.74,42.00
2013-09-25,42508.79,0.00,415.58,0.00,19.06,1.66,687.81,31.00
2013-09-26,42163.20,0.00,406.06,0.00,19.53,2.45,731.74,25.00
2013-09-27,42163.20,0.00,376.76,0.00,19.03,3.93,812.72,20.00
2013-09-28,41817.59,0.00,349.96,0.00,19.30,5.53,910.06,17.00
2013-09-29,41817.59,0.00,337.14,0.00,18.50,5.40,903.58,15.00
2013-09-30,41472.02,0.00,342.03,0.00,19.43,5.74,921.10,13.00
2013-10-01,41472.02,0.00,351.16,0.00,21.37,6.60,970.53,12.00
2013-10-02,41126.39,0.00,313.29,0.00,22.44,9.52,1201.53,11.00
2013-10-03,41126.39,0.00,353.21,0.00,24.35,8.37,1109.36,10.00
2013-10-04,40780.78,2.44,289.74,0.00,23.64,8.51,1120.67,11.00
2013-10-05,40780.78,2.34,216.88,0.00,24.10,14.27,1629.20,12.00
2013-10-06,40435.20,1.41,231.70,0.00,25.05,14.48,1651.26,15.00
2013-10-07,40435.20,6.17,219.84,0.00,25.78,15.90,1794.35,34.00
2013-10-08,40089.59,22.96,263.19,0.00,19.98,3.92,806.70,82.00
2013-10-09,40089.59,0.00,324.17,0.00,15.16,1.56,681.73,69.00
2013-10-10,39744.00,0.00,339.60,0.00,16.73,1.76,693.98,53.00
2013-10-11,39744.00,10.06,227.79,0.00,15.60,2.91,755.71,54.00
2013-10-12,39405.81,0.00,278.48,0.00,17.10,5.64,917.23,45.00
2013-10-13,39398.39,0.00,323.53,0.00,21.94,6.80,985.43,40.00
2013-10-14,39243.18,0.00,221.79,0.00,17.67,8.72,1137.65,33.00
2013-10-15,39052.80,0.00,152.42,0.00,15.37,9.47,1197.61,29.00
2013-10-16,39052.80,0.00,247.28,0.00,20.43,9.99,1238.90,27.00
2013-10-17,38707.19,6.27,118.11,0.00,14.73,9.00,1159.82,26.00
2013-10-18,38707.19,12.26,205.31,0.00,18.69,6.97,997.63,35.00
2013-10-19,38361.61,0.07,274.02,0.00,14.03,2.64,731.28,42.00
2013-10-20,38361.61,5.84,195.96,0.00,12.92,2.38,723.71,46.00
2013-10-21,38015.99,0.00,259.02,0.00,11.95,1.53,682.77,45.00
2013-10-22,38015.99,0.11,296.74,0.00,16.22,2.91,752.91,43.00
2013-10-23,37670.39,0.00,276.71,0.00,12.14,0.21,619.45,38.00
2013-10-24,37670.39,0.00,199.10,0.00,5.86,-1.76,539.79,33.00
2013-10-25,37390.68,0.00,187.15,0.00,5.64,-1.38,554.73,29.00
2013-10-26,37324.80,0.00,253.10,0.00,8.12,-2.06,521.25,26.00
2013-10-27,37324.73,0.00,246.90,0.00,8.31,-1.53,548.11,24.00
2013-10-28,36979.21,0.00,243.68,0.00,7.58,-2.18,520.00,23.00
2013-10-29,36979.21,0.00,305.30,0.00,11.97,-2.68,502.87,22.00
2013-10-30,36633.62,0.00,235.52,0.00,8.93,-0.61,588.38,21.00
2013-10-31,36633.62,1.19,293.20,0.00,15.91,-0.14,606.31,23.00
2013-11-01,36295.40,18.35,118.70,0.00,15.16,8.83,1146.45,71.00
2013-11-02,36287.99,6.26,213.46,0.00,17.41,3.61,800.00,138.00
2013-11-03,36287.99,4.47,195.38,0.00,11.12,0.26,620.89,93.00
2013-11-04,35942.39,0.00,262.28,0.00,4.13,-7.26,358.72,69.00
2013-11-05,35942.39,0.00,260.09,0.00,4.25,-7.18,355.82,59.00
2013-11-06,35604.21,0.00,201.48,0.00,8.92,0.61,637.40,50.00
2013-11-07,35596.80,11.02,127.64,0.00,13.61,6.63,970.75,58.00
2013-11-08,35596.80,4.13,195.92,0.00,9.86,-1.99,530.42,96.00
2013-11-09,35251.20,0.00,193.11,0.00,4.57,-3.06,486.72,92.00
2013-11-10,35251.20,0.00,197.17,0.00,6.85,-1.06,560.35,73.00
2013-11-11,35207.35,1.09,206.22,0.00,6.39,-2.00,520.20,64.00
2013-11-12,34905.62,2.73,196.94,0.00,5.95,-4.59,437.34,59.00
2013-11-13,34905.62,0.00,207.12,0.00,0.06,-8.20,328.62,53.00
2013-11-14,34625.88,0.00,217.14,0.00,1.85,-7.23,353.91,49.00
2013-11-15,34559.98,0.00,244.83,0.00,7.31,-4.28,440.00,45.00
2013-11-16,34559.98,0.00,256.19,0.00,10.29,-3.09,486.39,41.00
2013-11-17,34280.28,0.72,229.00,0.00,12.74,0.94,650.77,42.00
2013-11-18,34214.41,9.23,101.77,0.00,12.74,6.94,994.94,111.00
2013-11-19,34214.41,0.00,227.18,0.00,11.18,0.05,603.87,97.00
2013-11-20,34059.20,0.00,197.12,0.00,1.69,-7.00,360.00,59.00
2013-11-21,33868.82,0.00,240.66,0.00,5.27,-6.95,360.54,46.00
2013-11-22,33868.82,2.85,125.82,0.00,3.63,-3.10,485.82,42.00
2013-11-23,33868.82,0.00,228.66,0.00,7.33,-4.18,440.21,41.00
2013-11-24,33530.62,1.79,248.63,0.00,2.45,-11.73,250.97,39.00
2013-11-25,33523.21,0.00,170.08,0.00,-5.96,-12.65,232.07,31.00
2013-11-26,33523.21,8.57,161.51,0.00,-2.20,-11.06,264.23,35.00
2013-11-27,33523.14,32.03,109.94,0.00,1.89,-3.71,462.84,558.00
2013-11-28,33185.02,0.00,206.08,0.00,-0.52,-8.78,312.55,336.00
2013-11-29,33177.61,0.00,146.86,0.00,-3.52,-8.97,312.85,236.00
2013-11-30,33177.61,0.00,241.61,0.00,-3.09,-13.46,211.36,183.00
2013-12-01,33177.61,0.00,212.07,0.00,-2.91,-11.50,251.92,171.00
2013-12-02,33022.39,1.00,127.01,0.00,-0.50,-5.14,422.16,155.00
2013-12-03,32831.99,0.78,135.32,0.00,3.47,-1.51,558.57,144.00
2013-12-04,32831.99,0.00,199.85,0.00,5.44,-2.53,508.39,143.00
2013-12-05,32831.99,0.51,221.05,0.00,8.27,-1.46,551.40,167.00
2013-12-06,32831.99,12.16,155.46,0.00,11.01,1.57,685.24,345.00
2013-12-07,32831.92,4.97,114.77,0.00,2.51,-3.63,468.19,350.00
2013-12-08,32676.78,0.00,230.41,0.00,-0.36,-11.47,256.24,288.00
2013-12-09,32493.81,2.03,191.38,0.00,-1.74,-9.40,299.36,262.00
2013-12-10,32486.40,0.00,124.73,0.00,0.42,-4.15,445.28,241.00
2013-12-11,32486.40,0.18,170.84,0.00,-3.14,-9.59,293.37,205.00
2013-12-12,32486.40,0.00,236.28,0.00,-3.59,-14.14,205.87,183.00
2013-12-13,32486.40,0.00,193.34,0.00,-6.82,-14.35,203.05,166.00
2013-12-14,32486.40,7.19,132.87,0.00,-3.73,-10.42,277.37,169.00
2013-12-15,32486.40,13.23,154.11,0.00,-1.90,-10.01,286.36,163.00
2013-12-16,32486.40,0.00,245.08,0.00,-1.36,-12.28,240.00,148.00
2013-12-17,32486.40,1.39,235.00,0.00,-6.65,-16.63,162.64,129.00
2013-12-18,32486.33,0.00,186.78,0.00,-5.33,-12.32,239.78,133.00
2013-12-19,32486.33,0.00,203.51,0.00,-2.00,-9.92,280.00,128.00
2013-12-20,32486.33,0.00,253.16,0.00,5.63,-6.78,362.38,123.00
2013-12-21,32486.33,4.78,124.21,0.00,7.91,1.69,695.38,379.00
2013-12-22,32486.33,9.98,145.08,0.00,13.56,5.52,910.79,1830.00
2013-12-23,32486.33,2.49,191.80,0.00,14.65,4.78,862.41,1160.00
2013-12-24,32486.40,0.31,241.97,0.00,6.53,-4.85,437.28,740.00
2013-12-25,32486.40,0.00,263.18,0.00,-1.81,-15.48,182.87,529.00
2013-12-26,32486.40,2.08,189.03,0.00,-6.12,-13.31,218.98,438.00
2013-12-27,32486.40,0.00,173.03,0.00,-2.23,-8.56,319.59,375.00
2013-12-28,32486.40,0.00,211.97,0.00,1.85,-6.70,360.00,337.00
2013-12-29,32486.40,0.00,221.96,0.00,7.80,-1.70,543.25,526.00
2013-12-30,32486.40,23.60,120.84,0.00,3.47,-2.42,519.87,889.00
2013-12-31,32486.40,0.00,206.26,0.00,-1.68,-9.59,291.13,574.00
2014-01-01,32486.40,1.00,169.22,0.00,-5.00,-12.18,241.23,452.00
2014-01-02,32552.27,3.10,91.54,0.00,-5.38,-10.27,280.00,412.00
2014-01-03,32788.14,6.09,161.06,0.00,-8.17,-17.81,160.00,363.00
2014-01-04,32831.99,0.00,206.80,0.00,-11.75,-20.83,120.00,341.00
2014-01-05,32831.99,0.00,240.16,0.00,-4.46,-16.05,160.00,368.00
2014-01-06,32831.99,12.35,212.98,0.00,5.90,-13.15,226.34,593.00
2014-01-07,32831.99,0.00,297.30,0.00,2.26,-24.07,82.95,378.00
2014-01-08,32897.87,0.00,179.30,0.00,-16.41,-23.53,89.37,331.00
2014-01-09,33177.54,0.00,231.59,0.00,-8.62,-18.73,137.96,305.00
2014-01-10,33177.61,3.33,158.68,0.00,-2.81,-11.37,258.57,294.00
2014-01-11,33177.61,6.19,166.19,0.00,4.86,-4.83,430.81,507.00
2014-01-12,33177.61,13.39,147.19,0.00,7.74,-0.49,600.00,715.00
2014-01-13,33367.98,0.00,136.80,0.00,1.57,-3.73,461.63,479.00
2014-01-14,33523.21,4.87,164.35,0.00,7.64,-1.76,539.43,613.00
2014-01-15,33523.21,2.11,188.88,0.00,4.86,-2.94,486.88,602.00
2014-01-16,33523.21,0.00,191.22,0.00,2.30,-5.20,424.06,508.00
2014-01-17,33713.60,0.00,175.59,0.00,-0.82,-7.47,348.47,447.00
2014-01-18,33868.82,2.50,180.71,0.00,1.95,-6.13,389.47,402.00
2014-01-19,33868.82,1.04,200.88,0.00,-5.45,-12.99,224.92,346.00
2014-01-20,33876.23,0.00,234.46,0.00,-2.06,-11.28,258.97,332.00
2014-01-21,34214.41,1.02,284.10,0.00,-0.03,-12.75,240.00,286.00
2014-01-22,34214.41,0.00,228.93,0.00,-12.70,-21.23,119.82,225.00
2014-01-23,34214.41,0.00,233.00,0.00,-12.92,-21.55,118.36,216.00
2014-01-24,34559.92,0.00,264.97,0.00,-10.42,-20.75,121.91,207.00
2014-01-25,34559.98,0.00,248.35,0.00,-9.50,-18.73,139.29,203.00
2014-01-26,34559.98,3.32,229.75,0.00,-5.84,-17.78,153.88,191.00
2014-01-27,34905.62,0.00,318.54,0.00,-2.28,-16.82,166.35,172.00
2014-01-28,34905.62,0.00,343.43,0.00,-3.00,-21.89,111.31,153.00
2014-01-29,34905.62,0.00,248.97,0.00,-12.98,-21.71,119.11,139.00
2014-01-30,35251.20,0.00,301.95,0.00,-9.36,-21.15,120.00,136.00
2014-01-31,35251.20,0.00,316.26,0.00,-4.47,-17.51,158.29,149.00
2014-02-01,35317.09,0.00,215.43,0.00,0.03,-7.32,350.92,140.00
2014-02-02,35596.80,0.00,193.13,0.00,3.88,-2.52,518.50,132.00
2014-02-03,35596.80,1.67,228.37,0.00,3.20,-4.70,440.00,121.00
2014-02-04,35942.39,0.00,276.86,0.00,-4.38,-13.92,201.69,110.00
2014-02-05,35942.39,22.53,228.19,0.00,-3.27,-13.70,213.56,103.00
2014-02-06,35949.80,6.89,258.59,0.00,-2.47,-14.93,195.93,98.00
2014-02-07,36287.99,0.00,346.97,0.00,-4.14,-16.52,160.81,92.00
2014-02-08,36287.99,0.00,368.38,0.00,-4.59,-18.81,139.13,79.00
2014-02-09,36633.62,0.19,340.89,0.00,-6.09,-17.92,160.00,76.00
2014-02-10,36633.62,3.89,223.70,0.00,-7.74,-16.85,160.00,69.00
2014-02-11,36823.99,0.00,372.79,0.00,-6.89,-20.56,120.00,60.00
2014-02-12,36979.21,0.00,399.07,0.00,-7.42,-24.31,80.00,62.00
2014-02-13,36979.21,7.24,317.07,0.00,-5.56,-23.37,90.49,87.00
2014-02-14,37324.80,12.38,138.02,0.00,-4.19,-9.30,296.49,88.00
2014-02-15,37324.80,3.08,129.46,0.00,-1.83,-6.49,360.44,85.00
2014-02-16,37670.39,2.00,408.83,0.00,-2.02,-17.82,153.28,68.00
2014-02-17,37670.39,0.58,368.03,0.00,-7.45,-19.55,124.26,66.00
2014-02-18,38015.92,2.53,345.93,0.00,-4.26,-18.37,143.66,74.00
2014-02-19,38015.99,6.71,232.26,0.00,0.28,-9.02,318.79,68.00
2014-02-20,38081.87,4.44,277.32,0.00,3.98,-7.97,322.80,72.00
2014-02-21,38361.61,3.31,297.48,0.00,5.73,-6.53,371.45,86.00
2014-02-22,38361.61,6.05,239.10,0.00,5.46,-4.03,443.83,129.00
2014-02-23,38707.19,0.00,372.04,0.00,7.78,-4.03,441.00,163.00
2014-02-24,38707.19,0.00,416.26,0.00,6.48,-7.91,335.35,166.00
2014-02-25,39052.80,0.81,265.44,0.00,-3.92,-11.00,265.19,139.00
2014-02-26,39052.80,0.00,272.78,0.00,-4.56,-11.64,244.51,118.00
2014-02-27,39398.39,0.00,280.01,0.00,-8.05,-15.04,200.00,108.00
2014-02-28,39398.39,0.03,465.75,0.00,-7.23,-23.18,92.23,99.00
2014-03-01,39744.00,0.00,438.24,0.00,-7.51,-20.82,121.58,95.00
2014-03-02,39744.00,0.00,385.97,0.00,-1.06,-11.61,250.21,92.00
2014-03-03,40089.59,0.27,427.54,0.00,-3.74,-16.17,170.01,82.00
2014-03-04,40089.59,0.00,421.46,0.00,-8.61,-20.60,120.54,71.00
2014-03-05,40435.20,0.00,476.76,0.00,-3.49,-19.25,132.76,77.00
2014-03-06,40435.20,0.00,476.39,0.00,-3.17,-18.76,137.14,61.00
2014-03-07,40780.78,0.00,476.66,0.00,-1.73,-17.27,161.36,61.00
2014-03-08,40780.78,0.00,433.42,0.00,4.67,-8.22,321.98,69.00
2014-03-09,41126.39,0.00,400.25,0.00,6.08,-5.12,424.97,72.00
2014-03-10,41126.39,0.00,323.84,0.00,2.92,-5.24,416.06,81.00
2014-03-11,41472.02,0.00,411.64,0.00,9.87,-1.65,548.59,201.00
2014-03-12,41472.02,2.45,438.86,0.00,12.99,-0.96,569.48,1180.00
2014-03-13,41817.59,25.12,392.61,0.00,2.71,-14.79,196.01,1030.00
2014-03-14,41817.59,0.00,422.69,0.00,-4.30,-15.08,190.78,597.00
2014-03-15,42163.20,1.46,459.46,0.00,7.48,-6.81,365.87,573.00
2014-03-16,42163.20,0.00,508.91,0.00,6.37,-9.01,306.13,522.00
2014-03-17,42508.79,0.00,333.22,0.00,-4.43,-12.30,239.16,382.00
2014-03-18,42508.79,0.00,459.45,0.00,0.30,-11.67,251.70,344.00
2014-03-19,42854.41,0.00,463.77,0.00,5.99,-6.33,381.19,321.00
2014-03-20,42854.41,0.64,179.65,0.00,2.67,-1.18,561.27,305.00
2014-03-21,43200.02,0.00,307.50,0.00,4.39,-2.48,509.93,308.00
2014-03-22,43200.02,0.00,430.91,0.00,7.09,-3.32,478.40,346.00
2014-03-23,43200.02,0.00,507.66,0.00,9.71,-3.91,446.99,401.00
2014-03-24,43545.59,0.00,486.23,0.00,-0.52,-12.58,233.20,321.00
2014-03-25,43545.59,0.00,391.37,0.00,-3.86,-12.48,234.76,289.00
2014-03-26,43891.20,1.05,439.54,0.00,-0.13,-10.06,283.52,272.00
2014-03-27,43891.20,0.00,460.00,0.00,-2.92,-13.48,212.91,235.00
2014-03-28,44236.80,5.05,422.73,0.00,4.68,-11.20,260.34,272.00
2014-03-29,44236.80,14.68,340.30,0.00,11.31,0.27,621.78,371.00
2014-03-30,44582.39,26.97,258.49,0.00,5.68,-1.72,541.46,2420.00
2014-03-31,44582.39,0.00,223.07,0.00,2.13,-2.29,518.09,1140.00
2014-04-01,44928.00,0.00,552.74,0.00,10.56,-4.01,447.75,899.00
2014-04-02,44928.00,0.00,586.96,0.00,13.33,-3.87,459.68,773.00
2014-04-03,45273.61,0.00,580.18,0.00,16.48,-0.69,582.53,708.00
2014-04-04,45273.61,7.22,374.86,0.00,11.53,-0.62,585.50,901.00
2014-04-05,45619.20,3.98,154.04,0.00,5.37,1.37,671.12,1040.00
2014-04-06,45619.20,0.00,473.44,0.00,4.93,-5.32,413.27,774.00
2014-04-07,45964.79,0.01,599.65,0.00,12.45,-4.32,444.82,742.00
2014-04-08,45964.79,9.63,268.86,0.00,7.23,0.01,606.31,1340.00
2014-04-09,46310.38,0.00,485.79,0.00,9.30,-1.47,560.00,1000.00
2014-04-10,46310.38,0.00,573.58,0.00,11.79,-2.91,487.41,788.00
2014-04-11,46655.99,5.51,468.09,0.00,17.80,-1.80,537.93,714.00
2014-04-12,46655.99,9.79,364.59,0.00,12.37,1.52,681.81,740.00
2014-04-13,47001.60,0.00,587.81,0.00,19.42,3.06,740.71,619.00
2014-04-14,47001.60,0.00,559.34,0.00,25.34,9.64,1138.70,564.00
2014-04-15,47347.20,9.80,379.90,0.00,22.77,10.00,1239.73,1120.00
2014-04-16,47347.20,18.02,486.71,0.00,13.56,-7.90,336.00,1230.00
2014-04-17,47692.79,0.00,519.05,0.00,4.10,-7.55,344.21,893.00
2014-04-18,47692.79,0.00,557.62,0.00,10.05,-3.39,475.58,714.00
2014-04-19,48038.40,0.00,563.27,0.00,11.85,-2.27,517.95,588.00
2014-04-20,48038.40,0.00,568.28,0.00,12.46,-2.20,521.82,487.00
2014-04-21,48318.11,0.00,603.89,0.00,17.31,-0.14,598.99,422.00
2014-04-22,48383.99,0.00,606.14,0.00,21.78,3.30,747.09,392.00
2014-04-23,48384.06,2.00,542.63,0.00,16.42,2.26,721.03,405.00
2014-04-24,48729.59,0.00,440.51,0.00,7.27,-2.76,499.09,337.00
2014-04-25,48729.59,0.00,545.60,0.00,12.79,-1.27,561.27,302.00
2014-04-26,49075.21,1.15,474.64,0.00,15.20,2.30,724.72,284.00
2014-04-27,49075.21,0.00,572.29,0.00,16.72,0.94,652.63,259.00
2014-04-28,49420.81,0.00,515.23,0.00,10.87,-1.92,531.66,239.00
2014-04-29,49420.81,0.18,553.47,0.00,14.54,-0.50,590.22,227.00
2014-04-30,49576.01,9.25,124.42,0.00,7.20,3.71,799.44,305.00
2014-05-01,49766.39,10.60,210.66,0.00,11.10,4.86,866.29,519.00
2014-05-02,49766.39,0.83,523.90,0.00,18.02,4.43,834.79,451.00
2014-05-03,50112.00,0.00,342.92,0.00,12.78,5.16,892.77,404.00
2014-05-04,50112.00,2.70,386.05,0.00,14.82,3.66,798.95,375.00
2014-05-05,50450.20,0.00,487.89,0.00,13.39,1.55,680.07,337.00
2014-05-06,50457.60,0.00,518.59,0.00,15.09,1.89,704.30,306.00
2014-05-07,50457.60,0.00,567.40,0.00,16.64,1.10,651.18,280.00
2014-05-08,50803.21,3.56,398.55,0.00,16.86,2.68,743.18,270.00
2014-05-09,50803.21,0.95,557.79,0.00,25.29,8.45,1045.70,259.00
2014-05-10,51082.91,1.06,437.72,0.00,25.74,13.84,1586.58,253.00
2014-05-11,51148.79,3.23,427.46,0.00,22.60,6.84,985.10,282.00
2014-05-12,51148.79,0.00,524.31,0.00,23.99,8.32,1063.27,241.00
2014-05-13,51494.41,0.65,456.53,0.00,24.26,11.32,1337.90,226.00
2014-05-14,51494.41,3.45,381.77,0.00,27.46,11.02,1321.52,227.00
2014-05-15,51494.41,0.38,421.20,0.00,24.10,11.89,1393.94,216.00
2014-05-16,51839.98,54.36,324.30,0.00,23.39,10.96,1317.14,3220.00
2014-05-17,51839.98,14.18,331.15,0.00,12.63,1.77,692.98,1850.00
2014-05-18,51840.05,4.90,349.24,0.00,13.61,0.97,654.66,1080.00
2014-05-19,52185.59,0.04,461.44,0.00,14.07,1.39,670.90,758.00
2014-05-20,52185.59,2.00,483.33,0.00,17.80,3.74,799.96,582.00
2014-05-21,52185.59,2.83,391.61,0.00,20.69,7.17,1014.00,528.00
2014-05-22,52523.80,18.69,200.62,0.00,17.31,10.77,1301.92,986.00
2014-05-23,52531.21,5.62,394.12,0.00,24.15,6.86,989.73,687.00
2014-05-24,52531.21,2.82,329.17,0.00,18.36,9.04,1162.85,525.00
2014-05-25,52686.43,0.00,488.10,0.00,20.76,6.44,958.34,439.00
2014-05-26,52876.81,0.00,511.87,0.00,24.02,7.67,1053.54,363.00
2014-05-27,52876.81,0.01,479.02,0.00,27.08,12.09,1407.07,323.00
2014-05-28,52876.81,20.82,281.28,0.00,25.90,15.47,1757.72,343.00
2014-05-29,53032.03,0.00,450.60,0.00,22.39,9.63,1210.09,266.00
2014-05-30,53222.40,0.00,189.73,0.00,14.40,9.93,1234.57,238.00
2014-05-31,53222.40,0.00,489.54,0.00,22.58,7.73,1058.44,207.00
2014-06-01,53222.40,0.00,483.75,0.00,20.54,6.23,940.26,181.00
2014-06-02,53222.47,0.00,486.67,0.00,22.69,7.74,1059.47,162.00
2014-06-03,53502.11,2.17,409.96,0.00,26.11,12.20,1420.46,148.00
2014-06-04,53567.98,5.82,358.32,0.00,25.94,10.80,1304.40,138.00
2014-06-05,53567.98,8.92,282.92,0.00,21.73,11.34,1348.03,145.00
2014-06-06,53567.98,0.00,428.81,0.00,19.71,7.79,1062.97,135.00
2014-06-07,53567.98,0.00,463.67,0.00,20.79,7.30,1024.35,115.00
2014-06-08,53611.84,0.00,494.49,0.00,24.37,8.84,1147.42,103.00
2014-06-09,53847.71,7.25,296.49,0.00,25.55,14.25,1622.66,106.00
2014-06-10,53913.61,2.29,145.89,0.00,19.03,15.21,1730.50,102.00
2014-06-11,53913.61,2.23,279.90,0.00,23.86,16.26,1841.58,93.00
2014-06-12,53913.61,5.41,168.09,0.00,20.84,15.44,1754.18,111.00
2014-06-13,53913.61,13.86,110.11,0.00,19.19,15.91,1805.72,990.00
2014-06-14,53913.61,1.36,436.58,0.00,24.47,10.51,1280.89,591.00
2014-06-15,53913.61,0.00,414.97,0.00,16.65,6.58,969.51,356.00
2014-06-16,53913.61,0.00,523.81,0.00,23.32,7.41,1033.41,263.00
2014-06-17,53913.61,0.00,482.06,0.00,27.14,12.87,1479.19,214.00
2014-06-18,53913.61,2.73,346.85,0.00,28.03,17.26,1962.41,185.00
2014-06-19,53913.67,9.59,334.19,0.00,28.53,15.76,1780.99,182.00
2014-06-20,53913.67,3.40,404.67,0.00,23.04,6.26,944.18,165.00
2014-06-21,53913.67,0.00,525.13,0.00,22.63,6.41,957.89,139.00
2014-06-22,53913.67,0.00,498.00,0.00,23.27,8.66,1132.45,121.00
2014-06-23,53913.67,0.00,484.12,0.00,24.02,9.87,1229.61,107.00
2014-06-24,53913.67,4.64,354.26,0.00,24.84,12.78,1474.62,98.00
2014-06-25,53913.61,15.11,264.21,0.00,25.18,16.10,1831.26,101.00
2014-06-26,53913.61,24.56,251.36,0.00,24.68,16.28,1846.65,116.00
2014-06-27,53913.61,0.00,436.43,0.00,25.08,13.28,1521.26,93.00
2014-06-28,53913.61,0.00,435.48,0.00,26.21,14.30,1630.65,79.00
2014-06-29,53913.61,0.00,427.87,0.00,26.49,14.64,1662.89,72.00
2014-06-30,53913.61,0.00,334.95,0.00,25.27,16.76,1904.26,63.00
2014-07-01,53913.61,0.00,371.19,0.00,27.19,17.48,1996.03,56.00
2014-07-02,53913.61,0.60,356.10,0.00,29.18,19.65,2289.54,55.00
2014-07-03,53906.19,6.05,334.60,0.00,28.52,16.70,1897.91,62.00
2014-07-04,53723.20,12.85,375.73,0.00,28.17,12.82,1474.98,80.00
2014-07-05,53568.05,0.00,454.92,0.00,20.26,8.59,1126.90,57.00
2014-07-06,53567.98,0.00,505.64,0.00,24.64,9.78,1222.80,41.00
2014-07-07,53567.98,0.01,451.10,0.00,25.21,12.95,1483.10,35.00
2014-07-08,53567.98,11.96,273.47,0.00,26.41,17.15,1943.97,69.00
2014-07-09,53567.98,13.67,343.93,0.00,26.74,14.00,1601.63,176.00
2014-07-10,53377.61,5.35,391.55,0.00,26.44,12.65,1461.20,121.00
2014-07-11,53222.40,0.00,439.37,0.00,22.89,11.17,1333.38,85.00
2014-07-12,53222.40,0.00,468.61,0.00,25.32,11.74,1381.83,63.00
2014-07-13,53222.40,1.26,429.33,0.00,27.31,14.54,1657.91,51.00
2014-07-14,53214.98,15.21,296.75,0.00,26.63,15.60,1776.28,147.00
2014-07-15,52876.88,3.16,205.28,0.00,24.02,17.51,2001.25,119.00
2014-07-16,52876.81,3.65,348.23,0.00,23.86,10.69,1295.50,100.00
2014-07-17,52876.81,0.00,439.66,0.00,22.47,10.57,1285.38,81.00
2014-07-18,52869.40,0.00,476.65,0.00,21.97,8.42,1113.87,63.00
2014-07-19,52531.21,0.00,465.23,0.00,23.14,9.93,1234.77,50.00
2014-07-20,52531.21,0.10,363.59,0.00,23.30,13.99,1600.58,51.00
2014-07-21,52531.21,0.00,377.18,0.00,23.94,14.27,1627.87,44.00
2014-07-22,52340.82,0.00,392.25,0.00,25.18,14.97,1702.09,39.00
2014-07-23,52185.59,0.00,354.90,0.00,27.00,17.85,2048.79,37.00
2014-07-24,52185.59,12.03,373.15,0.00,28.81,14.06,1604.63,37.00
2014-07-25,52119.70,0.00,502.85,0.00,21.07,6.55,967.00,32.00
2014-07-26,51839.98,0.00,504.77,0.00,23.88,8.47,1117.90,28.00
2014-07-27,51839.98,0.55,392.70,0.00,24.48,13.34,1527.44,25.00
2014-07-28,51774.12,5.19,336.68,0.00,28.60,15.11,1720.79,29.00
2014-07-29,51494.41,5.24,337.12,0.00,21.89,9.45,1195.61,30.00
2014-07-30,51494.41,0.01,375.47,0.00,18.00,8.61,1128.90,30.00
2014-07-31,51304.00,4.69,309.37,0.00,20.21,9.32,1185.97,53.00
2014-08-01,51148.79,0.00,404.77,0.00,22.40,11.55,1365.73,46.00
2014-08-02,51148.79,0.00,433.15,0.00,25.75,13.29,1522.24,29.00
2014-08-03,50803.21,5.08,307.37,0.00,24.58,15.51,1762.66,30.00
2014-08-04,50803.21,20.51,189.15,0.00,21.05,14.93,1698.64,78.00
2014-08-05,50795.79,0.01,424.53,0.00,25.33,13.59,1556.81,74.00
2014-08-06,50457.60,6.39,345.10,0.00,26.58,12.88,1482.97,53.00
2014-08-07,50457.60,0.00,469.75,0.00,23.06,9.38,1190.48,36.00
2014-08-08,50112.00,0.00,477.38,0.00,22.61,8.50,1120.11,26.00
2014-08-09,50112.00,0.00,476.08,0.00,23.25,9.04,1163.17,21.00
2014-08-10,50104.59,0.00,476.85,0.00,25.15,10.38,1270.35,15.00
2014-08-11,49766.39,0.00,461.52,0.00,26.33,12.10,1408.37,11.00
2014-08-12,49766.39,27.55,307.44,0.00,25.36,13.64,1563.18,159.00
2014-08-13,49420.81,31.17,84.21,0.00,18.62,16.16,1825.33,1020.00
2014-08-14,49420.81,1.48,436.63,0.00,22.25,8.10,1088.35,405.00
2014-08-15,49075.28,0.00,454.09,0.00,21.17,8.01,1081.17,273.00
2014-08-16,49075.21,0.00,428.07,0.00,18.41,6.68,976.68,219.00
2014-08-17,49067.80,2.93,337.80,0.00,20.55,8.52,1121.66,193.00
2014-08-18,48729.59,0.00,454.69,0.00,22.33,8.82,1145.99,166.00
2014-08-19,48729.59,0.00,461.29,0.00,23.55,9.26,1181.10,142.00
2014-08-20,48383.99,0.00,429.46,0.00,23.74,10.88,1311.90,127.00
2014-08-21,48383.99,4.93,165.37,0.00,22.45,16.67,1890.50,138.00
2014-08-22,48038.40,5.36,263.81,0.00,25.39,15.38,1750.34,177.00
2014-08-23,48038.40,17.25,257.78,0.00,25.24,15.60,1772.01,349.00
2014-08-24,47692.79,4.18,127.82,0.00,18.17,14.15,1616.31,233.00
2014-08-25,47692.79,0.00,434.92,0.00,23.17,10.42,1273.36,188.00
2014-08-26,47347.27,0.00,444.01,0.00,24.55,10.92,1313.80,158.00
2014-08-27,47347.20,0.00,450.09,0.00,25.70,11.38,1351.96,137.00
2014-08-28,47156.81,0.00,448.84,0.00,28.11,13.13,1503.45,119.00
2014-08-29,47001.60,0.00,448.28,0.00,20.41,6.70,977.54,103.00
2014-08-30,46994.19,0.00,453.88,0.00,21.68,7.22,1018.74,91.00
2014-08-31,46655.99,3.34,281.33,0.00,22.03,13.40,1535.84,100.00
2014-09-01,46655.99,5.67,138.47,0.00,22.58,17.71,2028.51,124.00
2014-09-02,46310.38,2.81,230.41,0.00,25.85,18.51,2122.55,109.00
2014-09-03,46310.38,14.51,315.25,0.00,27.00,13.12,1505.10,219.00
2014-09-04,45964.79,0.00,395.10,0.00,24.35,12.18,1417.55,145.00
2014-09-05,45964.79,0.00,411.70,0.00,25.92,12.58,1459.01,119.00
2014-09-06,45619.20,0.00,313.53,0.00,27.94,18.47,2117.94,105.00
2014-09-07,45619.20,5.73,347.89,0.00,26.34,8.80,1143.68,97.00
2014-09-08,45273.61,0.00,429.32,0.00,21.11,7.24,1019.19,81.00
2014-09-09,45273.61,0.00,436.57,0.00,22.18,7.49,1040.70,66.00
2014-09-10,44928.00,0.00,286.42,0.00,19.94,12.09,1411.14,59.00
2014-09-11,44928.00,4.78,162.48,0.00,20.55,14.71,1672.72,72.00
2014-09-12,44582.39,0.00,400.78,0.00,23.63,10.52,1281.28,68.00
2014-09-13,44582.39,3.23,206.02,0.00,13.26,6.95,996.11,72.00
2014-09-14,44236.80,7.47,280.06,0.00,15.89,5.05,879.63,92.00
2014-09-15,44236.80,0.00,383.17,0.00,15.17,3.90,808.80,71.00
2014-09-16,43891.20,3.06,306.47,0.00,17.06,4.81,865.01,60.00
2014-09-17,43891.20,0.00,412.22,0.00,16.65,3.47,786.91,54.00
2014-09-18,43545.59,0.00,419.35,0.00,17.66,3.75,802.30,49.00
2014-09-19,43545.59,0.00,426.46,0.00,18.72,3.90,809.16,44.00
2014-09-20,43200.02,0.00,379.59,0.00,17.42,5.30,895.30,41.00
2014-09-21,43200.02,0.01,264.60,0.00,20.16,12.36,1430.03,42.00
2014-09-22,42854.41,7.99,284.31,0.00,23.13,9.89,1231.33,61.00
2014-09-23,42854.41,0.00,357.43,0.00,13.53,2.21,720.28,54.00
2014-09-24,42508.79,0.00,420.51,0.00,18.85,2.63,740.30,43.00
2014-09-25,42508.79,0.00,384.87,0.00,20.13,6.23,951.35,38.00
2014-09-26,42163.20,0.00,361.97,0.00,18.91,6.42,962.22,35.00
2014-09-27,42163.20,0.00,389.93,0.00,21.10,6.35,956.72,32.00
2014-09-28,41817.59,0.00,404.52,0.00,23.61,6.71,981.55,30.00
2014-09-29,41817.59,0.00,375.25,0.00,24.18,9.41,1192.61,28.00
2014-09-30,41472.02,0.00,352.05,0.00,22.31,9.08,1166.55,27.00
2014-10-01,41472.02,9.42,259.25,0.00,22.12,9.75,1220.37,28.00
2014-10-02,41126.39,0.00,259.11,0.00,19.15,10.28,1262.11,32.00
2014-10-03,41126.39,0.00,259.10,0.00,17.98,9.19,1175.15,33.00
2014-10-04,40780.78,8.72,146.96,0.00,16.28,9.90,1231.75,96.00
2014-10-05,40780.78,2.84,284.84,0.00,13.01,0.00,605.66,113.00
2014-10-06,40435.20,0.00,273.13,0.00,10.58,1.49,678.88,80.00
2014-10-07,40435.20,6.43,248.22,0.00,16.61,4.32,834.06,77.00
2014-10-08,40089.59,8.64,169.83,0.00,17.29,9.72,1217.87,107.00
2014-10-09,40089.59,0.00,321.32,0.00,16.23,4.50,840.00,114.00
2014-10-10,39744.00,0.00,360.42,0.00,15.76,0.97,650.74,88.00
2014-10-11,39744.00,0.00,334.19,0.00,14.11,1.02,655.87,75.00
2014-10-12,39405.81,0.00,358.48,0.00,14.01,-1.27,561.16,67.00
2014-10-13,39398.39,0.00,338.13,0.00,14.45,0.25,624.01,61.00
2014-10-14,39243.18,0.00,192.34,0.00,16.02,9.12,1169.67,58.00
2014-10-15,39052.80,14.97,93.40,0.00,20.47,15.91,1797.84,231.00
2014-10-16,39052.80,31.74,114.32,0.00,18.24,12.79,1464.25,340.00
2014-10-17,38707.19,0.00,248.35,0.00,17.76,8.46,1117.20,239.00
2014-10-18,38707.19,4.48,163.32,0.00,16.86,9.43,1194.55,205.00
2014-10-19,38361.61,1.25,286.17,0.00,12.55,1.67,689.05,183.00
2014-10-20,38361.61,0.00,246.68,0.00,7.90,-0.80,576.63,162.00
2014-10-21,38015.99,1.53,279.94,0.00,11.51,0.81,647.04,147.00
2014-10-22,38015.99,1.18,176.40,0.00,12.09,5.82,926.62,133.00
2014-10-23,37670.39,0.00,90.30,0.00,7.98,5.15,884.14,123.00
2014-10-24,37670.39,0.00,187.52,0.00,11.94,5.59,911.77,115.00
2014-10-25,37390.68,0.00,316.46,0.00,16.54,2.55,730.59,107.00
2014-10-26,37324.80,0.00,294.00,0.00,17.32,4.95,875.91,100.00
2014-10-27,37324.73,0.00,291.08,0.00,11.29,-0.43,597.20,91.00
2014-10-28,36979.21,0.00,330.35,0.00,16.12,-0.78,578.89,83.00
2014-10-29,36979.21,0.64,303.99,0.00,22.74,7.62,1049.83,76.00
2014-10-30,36633.62,0.44,227.46,0.00,11.93,3.55,800.00,69.00
2014-10-31,36633.62,0.00,228.93,0.00,8.31,0.01,611.59,65.00
2014-11-01,36295.40,0.02,176.47,0.00,7.06,1.01,651.77,61.00
2014-11-02,36287.99,1.72,157.23,0.00,4.79,-0.47,592.51,63.00
2014-11-03,36287.99,0.00,190.53,0.00,5.18,-1.50,550.51,60.00
2014-11-04,35942.39,0.00,283.58,0.00,13.44,0.75,640.78,56.00
2014-11-05,35942.39,0.00,246.15,0.00,17.03,6.65,972.35,53.00
2014-11-06,35604.21,3.37,174.78,0.00,11.93,3.02,759.98,56.00
2014-11-07,35596.80,8.15,82.73,0.00,6.29,2.49,721.77,67.00
2014-11-08,35596.80,2.44,204.89,0.00,3.98,-4.85,431.79,67.00
2014-11-09,35251.20,0.06,241.83,0.00,5.59,-3.76,465.92,60.00
2014-11-10,35251.20,0.00,197.91,0.00,7.69,0.40,632.29,55.00
2014-11-11,35207.35,0.00,252.81,0.00,13.71,2.74,740.54,51.00
2014-11-12,34905.62,0.00,263.13,0.00,15.64,3.36,783.74,47.00
2014-11-13,34905.62,0.00,269.20,0.00,10.06,-2.74,502.25,45.00
2014-11-14,34625.88,0.94,218.96,0.00,1.41,-6.18,381.93,43.00
2014-11-15,34559.98,0.00,238.76,0.00,0.70,-8.03,331.96,41.00
2014-11-16,34559.98,0.00,216.38,0.00,0.12,-7.55,344.45,38.00
2014-11-17,34280.28,7.62,69.55,0.00,0.55,-2.69,501.12,63.00
2014-11-18,34214.41,9.04,219.86,0.00,2.23,-10.81,268.41,115.00
2014-11-19,34214.41,0.00,208.96,0.00,-6.14,-13.29,218.86,82.00
2014-11-20,34059.20,0.00,240.69,0.00,-3.33,-12.12,242.98,74.00
2014-11-21,33868.82,0.00,237.31,0.00,-1.54,-10.38,277.90,68.00
2014-11-22,33868.82,0.00,229.71,0.00,-2.26,-11.00,280.00,59.00
2014-11-23,33868.82,3.45,192.99,0.00,3.02,-7.58,346.89,63.00
2014-11-24,33530.62,12.83,193.12,0.00,12.75,0.90,651.33,167.00
2014-11-25,33523.21,0.00,275.97,0.00,17.58,2.37,720.02,186.00
2014-11-26,33523.21,0.01,230.27,0.00,7.52,-2.11,525.40,157.00
2014-11-27,33523.14,8.59,66.86,0.00,-1.02,-4.00,454.70,150.00
2014-11-28,33185.02,0.86,197.30,0.00,-0.21,-7.48,347.69,140.00
2014-11-29,33177.61,0.00,221.62,0.00,-3.01,-11.46,254.87,129.00
2014-11-30,33177.61,0.00,224.48,0.00,1.43,-7.44,350.36,128.00
2014-12-01,33177.61,0.00,179.85,0.00,8.64,1.61,688.90,144.00
2014-12-02,33022.39,0.49,259.67,0.00,7.36,-6.68,369.80,160.00
2014-12-03,32831.99,7.89,142.38,0.00,1.15,-6.41,379.14,176.00
2014-12-04,32831.99,0.00,171.72,0.00,2.07,-4.57,439.65,194.00
2014-12-05,32831.99,0.01,183.44,0.00,0.45,-6.69,364.35,174.00
2014-12-06,32831.99,15.32,91.27,0.00,-0.01,-4.43,444.38,603.00
2014-12-07,32831.92,8.44,114.37,0.00,1.45,-4.32,445.49,508.05
2014-12-08,32676.78,0.00,214.89,0.00,-0.06,-9.09,303.47,498.15
2014-12-09,32493.81,2.86,156.46,0.00,-1.65,-8.69,316.17,498.90
2014-12-10,32486.40,3.52,89.37,0.00,1.71,-2.42,518.22,495.00
2014-12-11,32486.40,11.43,107.59,0.00,-1.07,-6.17,385.42,492.90
2014-12-12,32486.40,0.39,85.96,0.00,-3.08,-5.94,392.56,497.85
2014-12-13,32486.40,0.00,104.69,0.00,-1.69,-5.16,421.16,492.15
2014-12-14,32486.40,0.00,102.83,0.00,0.75,-2.67,503.82,507.75
2014-12-15,32486.40,0.00,74.43,0.00,2.17,-0.20,601.13,502.65
2014-12-16,32486.40,0.00,75.81,0.00,2.03,-0.36,596.52,509.70
2014-12-17,32486.40,2.79,63.95,0.00,3.97,1.55,683.63,500.85
2014-12-18,32486.33,0.00,196.19,0.00,4.19,-2.93,492.48,516.15
2014-12-19,32486.33,0.00,78.85,0.00,-0.78,-3.18,482.46,511.65
2014-12-20,32486.33,0.00,76.85,0.00,-2.60,-4.87,429.66,511.05
2014-12-21,32486.33,0.00,59.96,0.00,-3.14,-4.79,435.57,508.95
2014-12-22,32486.33,0.00,183.00,0.00,-2.90,-8.81,312.73,499.50
2014-12-23,32486.33,5.30,170.18,0.00,2.05,-6.27,382.80,494.10
2014-12-24,32486.40,5.61,95.12,0.00,6.00,2.11,720.00,502.35
2014-12-25,32486.40,6.50,164.81,0.00,10.41,2.30,722.83,501.60
2014-12-26,32486.40,0.00,205.67,0.00,4.05,-2.79,500.18,513.00
2014-12-27,32486.40,0.00,221.40,0.00,5.51,-2.53,513.28,500.25
2014-12-28,32486.40,2.42,205.58,0.00,9.05,0.04,603.70,501.90
2014-12-29,32486.40,0.00,244.69,0.00,5.65,-4.74,436.43,498.90
2014-12-30,32486.40,0.00,219.81,0.00,0.23,-7.40,350.01,490.05
2014-12-31,32486.40,0.00,189.46,0.00,-2.96,-8.88,317.78,488.10
